#!ascii label  , from subject sub125 vox2ras=TkReg
829
42519  -19.144  -38.289  56.188 0.0000000000
55232  -44.814  -26.452  46.469 0.0000000000
62903  -48.568  -19.364  41.713 0.0000000000
58339  -57.360  -23.140  37.386 0.0000000000
50828  -42.583  -31.070  47.352 0.0000000000
61793  -53.191  -20.996  39.989 0.0000000000
65950  -56.151  -16.455  32.146 0.0000000000
69883  -59.655  -12.693  31.807 0.0000000000
53121  -47.411  -28.694  45.462 0.0000000000
151773  -46.791  -25.598  41.612 0.0000000000
59426  -45.962  -22.161  45.709 0.0000000000
43502  -21.826  -37.571  59.502 0.0000000000
41425  -24.770  -40.585  58.330 0.0000000000
41441  -29.497  -39.323  57.234 0.0000000000
43556  -33.187  -36.880  55.261 0.0000000000
45696  -37.431  -35.430  53.796 0.0000000000
49556  -41.449  -31.713  52.236 0.0000000000
50796  -45.203  -30.595  49.523 0.0000000000
146093  -51.100  -26.260  40.809 0.0000000000
70960  -61.072  -11.273  30.728 0.0000000000
54179  -46.309  -26.888  47.216 0.0000000000
148890  -46.947  -25.636  45.827 0.0000000000
57189  -45.670  -24.149  46.353 0.0000000000
44552  -22.001  -36.806  57.306 0.0000000000
41413  -23.348  -39.251  59.280 0.0000000000
46675  -37.479  -34.259  51.997 0.0000000000
47542  -39.143  -33.462  53.390 0.0000000000
48542  -39.744  -32.464  50.953 0.0000000000
52008  -43.833  -29.404  46.120 0.0000000000
146165  -43.551  -29.806  49.598 0.0000000000
53088  -44.948  -28.452  48.509 0.0000000000
51986  -47.226  -29.771  47.096 0.0000000000
130270  -47.520  -22.447  41.551 0.0000000000
56268  -48.330  -25.232  39.386 0.0000000000
59473  -50.245  -22.477  41.004 0.0000000000
59490  -55.423  -22.958  39.253 0.0000000000
57239  -55.322  -24.269  41.718 0.0000000000
56274  -57.120  -25.323  38.866 0.0000000000
56328  -58.150  -25.314  35.566 0.0000000000
131691  -58.253  -16.510  33.800 0.0000000000
64055  -57.536  -18.253  34.111 0.0000000000
131919  -40.358  -32.515  47.777 0.0000000000
58364  -53.879  -23.838  35.522 0.0000000000
67837  -57.588  -14.399  31.973 0.0000000000
66885  -59.361  -15.107  33.202 0.0000000000
67878  -61.684  -14.422  28.910 0.0000000000
49720  -48.342  -31.541  43.770 0.0000000000
132438  -47.057  -26.951  43.926 0.0000000000
130977  -46.808  -23.907  44.484 0.0000000000
42491  -20.391  -38.429  58.712 0.0000000000
38116  -26.370  -42.233  55.811 0.0000000000
40246  -27.667  -40.867  57.870 0.0000000000
38118  -28.541  -42.048  55.875 0.0000000000
39181  -30.902  -40.880  54.924 0.0000000000
41489  -32.567  -39.814  54.497 0.0000000000
133501  -34.878  -38.899  54.028 0.0000000000
44588  -35.147  -35.871  54.733 0.0000000000
44629  -39.040  -35.831  52.768 0.0000000000
50776  -41.752  -30.719  50.207 0.0000000000
50765  -43.046  -31.030  51.062 0.0000000000
48553  -44.579  -33.070  49.382 0.0000000000
48565  -46.695  -31.672  47.571 0.0000000000
50848  -48.284  -31.373  46.061 0.0000000000
148579  -52.863  -23.330  42.297 0.0000000000
61874  -56.744  -20.324  33.975 0.0000000000
146118  -58.889  -22.180  35.482 0.0000000000
42489  -18.850  -37.729  58.256 0.0000000000
55225  -45.444  -26.386  47.001 0.0000000000
56206  -45.761  -24.971  46.779 0.0000000000
55239  -45.084  -25.793  46.177 0.0000000000
46684  -38.083  -34.714  50.350 0.0000000000
47566  -38.678  -33.538  50.830 0.0000000000
47572  -38.845  -33.691  49.932 0.0000000000
54188  -44.381  -27.807  46.391 0.0000000000
154482  -44.484  -28.162  47.254 0.0000000000
137861  -44.852  -27.517  47.364 0.0000000000
54171  -45.867  -27.484  47.711 0.0000000000
59461  -48.297  -22.043  41.142 0.0000000000
60628  -49.936  -20.555  41.665 0.0000000000
152074  -56.835  -23.194  38.177 0.0000000000
58331  -57.006  -23.480  38.878 0.0000000000
155724  -57.388  -23.580  37.966 0.0000000000
56313  -57.536  -26.127  36.634 0.0000000000
57272  -58.274  -24.208  36.599 0.0000000000
65034  -58.529  -17.358  32.147 0.0000000000
65025  -58.496  -17.728  33.144 0.0000000000
64085  -58.062  -18.861  31.181 0.0000000000
67863  -57.335  -14.311  29.849 0.0000000000
68829  -58.299  -13.736  31.930 0.0000000000
67812  -59.023  -14.892  33.688 0.0000000000
67838  -59.862  -14.318  32.843 0.0000000000
67851  -60.255  -14.228  31.934 0.0000000000
67839  -60.402  -13.621  32.200 0.0000000000
69894  -61.476  -12.003  30.465 0.0000000000
50880  -47.856  -30.228  44.784 0.0000000000
52044  -47.332  -29.169  43.392 0.0000000000
133701  -47.253  -27.719  44.300 0.0000000000
130784  -46.778  -23.331  46.173 0.0000000000
134761  -46.835  -24.488  45.117 0.0000000000
154569  -46.734  -23.026  45.098 0.0000000000
129824  -46.781  -22.439  44.466 0.0000000000
61721  -46.352  -20.935  44.931 0.0000000000
41435  -21.276  -39.342  57.306 0.0000000000
41421  -21.968  -39.260  59.171 0.0000000000
41424  -24.262  -40.052  58.812 0.0000000000
42505  -28.223  -39.248  57.282 0.0000000000
40247  -28.469  -40.427  57.607 0.0000000000
39170  -28.214  -41.708  57.300 0.0000000000
149456  -29.511  -41.251  56.827 0.0000000000
153596  -29.627  -41.528  55.757 0.0000000000
40254  -30.613  -40.414  56.467 0.0000000000
41474  -32.873  -38.607  54.819 0.0000000000
41491  -34.106  -39.328  54.210 0.0000000000
42560  -34.095  -37.286  54.823 0.0000000000
46654  -36.247  -34.863  53.760 0.0000000000
45710  -35.500  -35.143  54.162 0.0000000000
129585  -36.026  -35.471  54.368 0.0000000000
43572  -36.345  -36.749  54.254 0.0000000000
44589  -37.203  -35.955  53.918 0.0000000000
43589  -38.022  -36.692  53.357 0.0000000000
45712  -38.434  -35.418  53.601 0.0000000000
48522  -40.341  -32.836  53.204 0.0000000000
46668  -40.482  -33.698  52.787 0.0000000000
47552  -41.102  -33.142  52.736 0.0000000000
139761  -42.529  -32.811  51.072 0.0000000000
49639  -41.021  -31.962  48.717 0.0000000000
50794  -41.992  -30.860  49.187 0.0000000000
51962  -44.346  -29.639  49.564 0.0000000000
51944  -43.292  -30.166  50.464 0.0000000000
50779  -44.519  -30.687  50.057 0.0000000000
49598  -44.427  -31.720  50.189 0.0000000000
49599  -45.055  -31.506  49.643 0.0000000000
49619  -46.279  -31.091  48.556 0.0000000000
136213  -47.271  -29.091  46.694 0.0000000000
138407  -47.587  -30.152  46.454 0.0000000000
148400  -47.782  -30.203  45.827 0.0000000000
50881  -48.494  -31.253  44.942 0.0000000000
45670  -21.141  -36.161  58.445 0.0000000000
44534  -20.903  -36.679  59.681 0.0000000000
43501  -19.999  -37.492  60.078 0.0000000000
54223  -46.651  -27.361  41.445 0.0000000000
55280  -46.792  -26.722  39.719 0.0000000000
56255  -49.649  -25.074  39.837 0.0000000000
154299  -51.974  -20.111  40.907 0.0000000000
131421  -52.818  -21.125  42.070 0.0000000000
60632  -53.767  -21.424  41.632 0.0000000000
140425  -55.481  -25.995  39.831 0.0000000000
56260  -54.798  -25.474  41.257 0.0000000000
63003  -58.226  -19.424  34.150 0.0000000000
142546  -57.643  -19.754  34.249 0.0000000000
61862  -58.426  -20.333  34.397 0.0000000000
60716  -58.342  -21.176  34.771 0.0000000000
60718  -59.202  -21.586  34.635 0.0000000000
58389  -59.229  -23.344  34.708 0.0000000000
69903  -59.731  -12.132  30.207 0.0000000000
70952  -60.657  -11.987  31.240 0.0000000000
135003  -60.160  -11.377  29.798 0.0000000000
71962  -60.658  -9.931  29.351 0.0000000000
54190  -47.092  -27.225  46.236 0.0000000000
134774  -47.103  -27.042  45.610 0.0000000000
55233  -46.826  -26.265  46.282 0.0000000000
57178  -46.076  -24.243  46.841 0.0000000000
58264  -45.898  -22.922  46.150 0.0000000000
44536  -22.163  -37.227  59.211 0.0000000000
43503  -22.586  -37.871  59.364 0.0000000000
41436  -24.600  -39.933  58.139 0.0000000000
46667  -37.274  -34.005  53.013 0.0000000000
143215  -38.466  -34.095  53.560 0.0000000000
47550  -38.390  -33.228  52.793 0.0000000000
48528  -39.664  -32.463  52.814 0.0000000000
49574  -40.282  -31.967  52.423 0.0000000000
50846  -43.570  -30.082  46.723 0.0000000000
51984  -43.349  -30.022  48.376 0.0000000000
51985  -43.942  -29.369  48.150 0.0000000000
145926  -44.527  -28.883  48.635 0.0000000000
53079  -45.443  -28.915  48.758 0.0000000000
50813  -46.459  -30.288  48.320 0.0000000000
53080  -46.157  -28.865  48.247 0.0000000000
53098  -46.613  -27.721  47.384 0.0000000000
45677  -20.186  -35.977  56.869 0.0000000000
57233  -47.075  -24.173  41.233 0.0000000000
56254  -47.325  -24.925  40.117 0.0000000000
58321  -47.997  -23.742  40.099 0.0000000000
58322  -48.860  -23.715  39.916 0.0000000000
58310  -50.569  -23.509  40.871 0.0000000000
60646  -54.022  -21.909  39.819 0.0000000000
60639  -54.645  -22.107  40.753 0.0000000000
59475  -55.949  -22.867  40.257 0.0000000000
57252  -56.521  -24.567  40.139 0.0000000000
130627  -57.505  -16.664  33.788 0.0000000000
65024  -56.694  -17.082  33.435 0.0000000000
65011  -57.990  -17.096  34.061 0.0000000000
64064  -58.290  -18.632  33.655 0.0000000000
136407  -44.355  -26.865  45.310 0.0000000000
131190  -43.942  -28.388  44.927 0.0000000000
62916  -50.330  -19.005  41.278 0.0000000000
61823  -52.674  -21.375  38.192 0.0000000000
60678  -53.791  -22.268  37.707 0.0000000000
59512  -54.537  -23.185  37.246 0.0000000000
58349  -56.234  -23.458  36.816 0.0000000000
66897  -56.507  -15.643  31.815 0.0000000000
66872  -58.120  -15.239  33.812 0.0000000000
65952  -59.059  -16.109  33.169 0.0000000000
65978  -58.342  -16.768  31.070 0.0000000000
68833  -61.188  -12.798  31.683 0.0000000000
67865  -61.224  -14.173  29.651 0.0000000000
52068  -47.114  -30.353  42.031 0.0000000000
53165  -46.820  -28.102  42.248 0.0000000000
55254  -46.871  -26.518  42.601 0.0000000000
55250  -46.866  -26.134  44.513 0.0000000000
153045  -46.861  -25.731  43.932 0.0000000000
57224  -46.856  -24.487  42.994 0.0000000000
58283  -47.094  -23.023  42.376 0.0000000000
60615  -47.376  -21.021  42.853 0.0000000000
56226  -44.884  -25.315  44.837 0.0000000000
58279  -45.119  -23.856  44.359 0.0000000000
60603  -45.394  -20.755  43.696 0.0000000000
42501  -19.188  -38.200  57.048 0.0000000000
41450  -20.560  -39.049  56.465 0.0000000000
38143  -26.682  -42.030  53.563 0.0000000000
140499  -24.409  -39.214  56.340 0.0000000000
41437  -25.177  -40.345  57.780 0.0000000000
40245  -26.129  -41.076  58.082 0.0000000000
130818  -27.258  -42.327  55.575 0.0000000000
130675  -31.380  -41.271  54.024 0.0000000000
39193  -33.022  -41.018  53.660 0.0000000000
44586  -33.480  -36.675  54.838 0.0000000000
44607  -34.515  -35.867  54.293 0.0000000000
150844  -34.402  -36.210  54.960 0.0000000000
42561  -35.043  -37.546  54.571 0.0000000000
42583  -36.361  -38.105  53.546 0.0000000000
45713  -39.039  -35.010  53.458 0.0000000000
48551  -39.871  -32.695  48.992 0.0000000000
48543  -40.422  -31.990  50.599 0.0000000000
50762  -41.297  -31.145  51.632 0.0000000000
50795  -42.453  -30.240  49.909 0.0000000000
50777  -42.270  -30.426  50.786 0.0000000000
143120  -42.336  -31.139  51.455 0.0000000000
49577  -43.470  -32.032  50.779 0.0000000000
145149  -44.136  -33.378  49.560 0.0000000000
48586  -47.329  -32.098  46.542 0.0000000000
50814  -46.775  -30.834  47.852 0.0000000000
49661  -47.521  -31.206  46.842 0.0000000000
48587  -48.080  -32.048  46.269 0.0000000000
48595  -49.100  -32.803  45.359 0.0000000000
42472  -19.256  -37.748  59.054 0.0000000000
60629  -50.929  -20.834  41.611 0.0000000000
58293  -51.220  -22.790  41.428 0.0000000000
57249  -51.956  -24.923  41.515 0.0000000000
58286  -54.617  -23.798  42.201 0.0000000000
57236  -53.260  -24.929  42.089 0.0000000000
56258  -52.556  -25.833  41.090 0.0000000000
58387  -55.319  -23.817  35.045 0.0000000000
58367  -56.809  -23.201  36.139 0.0000000000
64062  -56.128  -18.203  33.342 0.0000000000
63008  -56.014  -19.896  33.365 0.0000000000
60730  -56.666  -21.441  34.111 0.0000000000
59557  -57.809  -21.913  35.304 0.0000000000
59513  -58.523  -22.565  35.925 0.0000000000
57278  -58.502  -24.300  35.779 0.0000000000
42518  -18.401  -37.960  56.601 0.0000000000
56205  -45.314  -25.884  46.641 0.0000000000
46691  -38.242  -34.948  49.321 0.0000000000
46692  -38.433  -34.219  49.596 0.0000000000
47580  -38.854  -33.783  49.025 0.0000000000
55238  -44.474  -26.950  46.149 0.0000000000
54189  -44.635  -27.180  46.832 0.0000000000
55224  -44.947  -26.713  46.939 0.0000000000
60616  -48.699  -20.012  42.057 0.0000000000
130168  -49.189  -20.423  41.783 0.0000000000
61767  -49.589  -19.713  41.783 0.0000000000
58338  -56.594  -23.161  37.827 0.0000000000
144065  -57.139  -23.268  38.119 0.0000000000
58340  -57.608  -23.250  37.368 0.0000000000
57271  -57.719  -24.147  37.480 0.0000000000
64086  -58.454  -18.365  32.123 0.0000000000
68839  -58.827  -13.043  31.138 0.0000000000
68830  -59.351  -13.205  32.367 0.0000000000
68823  -59.113  -13.849  33.004 0.0000000000
68824  -59.744  -13.432  32.708 0.0000000000
67825  -60.063  -13.597  32.611 0.0000000000
68825  -60.180  -12.997  32.326 0.0000000000
142024  -47.564  -29.307  44.956 0.0000000000
53139  -47.398  -28.532  44.684 0.0000000000
54207  -47.225  -27.776  45.138 0.0000000000
59420  -46.434  -22.844  46.082 0.0000000000
58265  -46.793  -23.166  45.690 0.0000000000
134544  -46.586  -22.689  45.692 0.0000000000
130242  -46.502  -21.857  45.078 0.0000000000
60582  -46.054  -21.261  45.219 0.0000000000
42475  -21.414  -37.849  59.633 0.0000000000
41411  -22.004  -38.640  59.472 0.0000000000
40239  -24.422  -40.614  58.563 0.0000000000
41440  -28.765  -39.473  57.408 0.0000000000
40248  -29.281  -40.073  57.361 0.0000000000
39164  -29.075  -40.942  57.296 0.0000000000
40253  -29.814  -40.636  56.975 0.0000000000
42545  -32.981  -37.965  55.187 0.0000000000
42559  -33.361  -37.425  54.972 0.0000000000
41490  -33.617  -38.350  54.625 0.0000000000
45695  -36.815  -35.147  53.953 0.0000000000
45711  -36.051  -34.995  54.136 0.0000000000
135602  -36.766  -35.629  54.086 0.0000000000
44590  -37.877  -35.723  53.741 0.0000000000
45697  -38.030  -35.231  53.735 0.0000000000
48529  -41.018  -32.495  52.810 0.0000000000
145136  -41.462  -32.703  52.431 0.0000000000
47558  -41.546  -33.184  51.879 0.0000000000
48530  -41.679  -32.198  52.202 0.0000000000
49640  -41.600  -31.568  48.445 0.0000000000
50811  -42.285  -31.093  48.203 0.0000000000
51946  -44.617  -30.059  49.737 0.0000000000
49618  -45.674  -31.311  49.140 0.0000000000
50797  -45.933  -30.424  49.038 0.0000000000
51995  -47.525  -29.379  46.016 0.0000000000
52009  -47.682  -29.770  45.398 0.0000000000
44535  -21.472  -36.940  59.486 0.0000000000
45661  -21.072  -36.343  59.256 0.0000000000
43492  -21.043  -37.163  59.830 0.0000000000
55259  -46.750  -26.423  41.714 0.0000000000
54234  -46.544  -27.559  40.373 0.0000000000
55265  -46.654  -26.631  40.658 0.0000000000
56256  -50.557  -25.464  40.572 0.0000000000
147596  -50.031  -25.975  40.189 0.0000000000
55266  -50.602  -26.760  40.485 0.0000000000
55267  -51.363  -26.809  40.608 0.0000000000
62932  -52.635  -20.475  40.540 0.0000000000
61771  -53.207  -20.660  41.306 0.0000000000
61784  -53.639  -21.136  41.251 0.0000000000
65033  -55.640  -17.147  32.048 0.0000000000
61863  -58.694  -20.342  34.171 0.0000000000
60717  -58.924  -21.138  34.652 0.0000000000
54180  -46.822  -27.040  46.812 0.0000000000
55227  -46.462  -26.163  46.770 0.0000000000
56211  -45.548  -24.998  46.453 0.0000000000
152463  -46.162  -25.249  46.865 0.0000000000
57177  -45.900  -24.141  46.716 0.0000000000
133124  -46.053  -23.577  46.692 0.0000000000
58253  -45.717  -23.498  46.175 0.0000000000
141129  -21.663  -36.527  58.111 0.0000000000
42521  -24.269  -39.270  57.512 0.0000000000
130798  -37.672  -34.657  51.194 0.0000000000
150218  -37.293  -34.943  51.618 0.0000000000
46674  -37.051  -34.736  52.482 0.0000000000
148350  -37.855  -33.550  53.094 0.0000000000
47556  -37.867  -33.674  52.363 0.0000000000
48534  -39.129  -32.939  51.370 0.0000000000
48527  -39.040  -32.843  52.373 0.0000000000
48535  -39.658  -32.366  51.958 0.0000000000
49594  -40.284  -31.883  51.576 0.0000000000
151258  -43.654  -29.843  47.572 0.0000000000
51994  -44.080  -29.210  47.202 0.0000000000
53097  -44.672  -28.365  48.035 0.0000000000
154503  -44.333  -28.776  47.902 0.0000000000
53078  -44.736  -29.065  49.072 0.0000000000
53089  -45.608  -28.221  48.216 0.0000000000
148145  -47.026  -28.028  46.813 0.0000000000
44551  -21.007  -36.347  57.317 0.0000000000
58292  -47.263  -23.336  41.371 0.0000000000
142276  -47.462  -23.671  40.668 0.0000000000
58307  -47.803  -22.966  40.708 0.0000000000
59472  -49.212  -22.172  40.826 0.0000000000
58308  -48.535  -22.934  40.425 0.0000000000
58309  -49.497  -23.108  40.413 0.0000000000
57247  -49.912  -24.230  40.211 0.0000000000
60652  -54.737  -22.459  39.613 0.0000000000
59482  -55.443  -22.643  39.962 0.0000000000
57262  -57.031  -24.352  39.352 0.0000000000
56273  -56.607  -25.493  39.691 0.0000000000
55284  -55.999  -26.060  39.857 0.0000000000
55303  -56.802  -26.111  38.058 0.0000000000
65938  -58.222  -16.067  33.847 0.0000000000
63010  -58.571  -19.662  33.504 0.0000000000
54198  -44.221  -27.670  45.521 0.0000000000
60660  -53.140  -21.695  38.119 0.0000000000
59530  -53.240  -23.212  36.132 0.0000000000
58347  -54.207  -23.561  36.364 0.0000000000
58337  -55.554  -23.349  37.507 0.0000000000
58348  -55.222  -23.683  36.556 0.0000000000
67850  -57.406  -14.284  30.970 0.0000000000
67836  -56.958  -14.974  31.376 0.0000000000
66910  -56.277  -15.554  30.760 0.0000000000
66883  -57.379  -15.004  32.590 0.0000000000
153624  -57.671  -15.379  33.369 0.0000000000
67822  -58.264  -14.900  33.469 0.0000000000
143933  -59.337  -14.831  33.369 0.0000000000
65940  -59.029  -15.319  33.652 0.0000000000
65963  -58.756  -16.431  32.305 0.0000000000
66884  -59.133  -15.649  32.420 0.0000000000
145216  -58.758  -16.088  31.494 0.0000000000
66911  -59.154  -15.540  31.260 0.0000000000
156412  -60.459  -14.293  31.001 0.0000000000
70953  -60.936  -11.789  31.099 0.0000000000
69885  -60.651  -12.517  31.592 0.0000000000
146002  -61.132  -11.971  31.098 0.0000000000
68851  -61.515  -12.745  30.057 0.0000000000
138401  -61.467  -13.654  29.610 0.0000000000
49731  -47.983  -31.675  42.907 0.0000000000
50898  -47.631  -30.813  43.161 0.0000000000
53152  -47.342  -28.465  43.825 0.0000000000
53166  -47.126  -28.467  43.037 0.0000000000
54217  -47.073  -27.687  43.256 0.0000000000
54216  -46.860  -27.179  42.389 0.0000000000
135898  -46.968  -26.915  43.103 0.0000000000
55240  -46.971  -26.301  45.933 0.0000000000
55245  -46.898  -26.266  45.430 0.0000000000
56227  -46.818  -25.277  44.403 0.0000000000
57215  -46.842  -24.538  43.975 0.0000000000
56235  -46.833  -25.293  43.311 0.0000000000
130930  -46.881  -23.691  43.417 0.0000000000
60604  -46.984  -20.816  43.834 0.0000000000
59445  -46.977  -21.726  43.634 0.0000000000
42502  -19.931  -38.461  57.710 0.0000000000
41433  -19.868  -38.596  56.727 0.0000000000
155295  -20.497  -38.856  57.235 0.0000000000
129816  -21.639  -39.393  58.482 0.0000000000
42477  -22.998  -38.529  59.416 0.0000000000
41422  -23.098  -39.632  59.302 0.0000000000
38128  -24.812  -42.028  55.204 0.0000000000
38115  -25.518  -42.140  55.515 0.0000000000
134847  -25.983  -42.052  54.075 0.0000000000
38129  -25.983  -42.148  54.897 0.0000000000
41469  -25.074  -39.658  55.931 0.0000000000
41452  -24.861  -39.727  57.073 0.0000000000
132315  -26.854  -41.236  57.988 0.0000000000
138496  -26.717  -41.604  57.849 0.0000000000
38105  -28.473  -42.000  56.796 0.0000000000
38117  -27.860  -42.248  56.282 0.0000000000
38131  -27.939  -42.239  55.332 0.0000000000
155959  -27.488  -42.228  54.783 0.0000000000
151498  -27.972  -42.113  54.593 0.0000000000
38145  -28.385  -41.923  54.103 0.0000000000
155615  -30.222  -41.233  55.525 0.0000000000
39189  -29.919  -41.484  54.846 0.0000000000
39190  -30.664  -41.219  54.592 0.0000000000
136975  -30.639  -41.463  54.124 0.0000000000
39191  -31.282  -41.066  54.343 0.0000000000
41473  -32.301  -39.271  54.972 0.0000000000
40262  -31.943  -40.131  54.751 0.0000000000
40270  -32.321  -40.674  54.166 0.0000000000
40271  -33.068  -40.563  54.019 0.0000000000
40282  -34.618  -40.224  53.595 0.0000000000
41505  -35.393  -39.522  53.376 0.0000000000
45694  -35.286  -35.479  54.471 0.0000000000
45693  -35.013  -35.461  54.447 0.0000000000
133793  -34.825  -35.862  54.775 0.0000000000
44587  -34.659  -36.030  55.004 0.0000000000
43570  -34.596  -36.343  54.937 0.0000000000
43571  -35.542  -36.563  54.566 0.0000000000
43587  -36.735  -37.259  53.826 0.0000000000
42562  -36.006  -37.443  54.195 0.0000000000
44628  -38.624  -36.315  52.936 0.0000000000
43604  -38.203  -36.987  52.556 0.0000000000
44646  -38.663  -36.657  52.145 0.0000000000
144538  -38.509  -34.807  53.625 0.0000000000
46657  -39.243  -34.127  53.433 0.0000000000
47581  -39.327  -33.240  48.556 0.0000000000
48561  -39.854  -32.794  48.120 0.0000000000
49617  -41.343  -31.440  49.400 0.0000000000
48552  -40.611  -32.114  49.493 0.0000000000
49596  -41.087  -31.370  50.378 0.0000000000
49595  -40.897  -31.363  51.284 0.0000000000
50775  -41.532  -30.889  51.057 0.0000000000
50812  -42.678  -30.422  48.890 0.0000000000
51973  -43.150  -29.935  49.437 0.0000000000
51943  -42.784  -30.327  50.748 0.0000000000
51930  -42.977  -30.387  50.868 0.0000000000
50764  -42.387  -30.648  51.171 0.0000000000
49576  -42.718  -31.719  51.298 0.0000000000
48546  -44.871  -32.401  49.558 0.0000000000
48545  -44.397  -32.769  49.856 0.0000000000
48564  -46.108  -32.090  48.140 0.0000000000
48577  -46.639  -32.014  47.327 0.0000000000
51975  -46.500  -29.556  48.068 0.0000000000
51976  -46.875  -30.028  47.642 0.0000000000
50847  -47.849  -30.976  46.466 0.0000000000
49676  -47.969  -31.532  46.385 0.0000000000
49677  -48.505  -31.901  45.930 0.0000000000
48588  -48.627  -32.502  45.741 0.0000000000
49690  -48.899  -32.238  45.386 0.0000000000
50899  -48.123  -31.014  44.254 0.0000000000
49721  -48.889  -31.925  44.461 0.0000000000
42473  -19.971  -38.035  59.458 0.0000000000
42490  -19.589  -38.126  58.515 0.0000000000
57259  -47.823  -24.635  39.807 0.0000000000
56267  -47.556  -25.446  39.621 0.0000000000
55282  -48.003  -26.054  39.054 0.0000000000
62917  -50.869  -18.783  40.950 0.0000000000
61768  -50.612  -19.832  41.573 0.0000000000
59465  -52.695  -22.249  42.279 0.0000000000
59464  -51.860  -21.942  41.881 0.0000000000
58294  -52.158  -23.084  41.922 0.0000000000
57234  -51.574  -23.893  41.496 0.0000000000
57235  -52.578  -24.242  41.974 0.0000000000
58296  -55.197  -23.125  41.592 0.0000000000
152809  -54.631  -22.796  41.921 0.0000000000
56248  -53.710  -25.318  41.809 0.0000000000
56259  -53.249  -25.629  41.310 0.0000000000
56247  -53.010  -25.533  41.635 0.0000000000
55269  -52.674  -25.877  40.837 0.0000000000
58388  -56.045  -23.477  35.356 0.0000000000
132971  -57.227  -17.896  33.965 0.0000000000
65009  -56.636  -17.727  33.617 0.0000000000
64063  -56.790  -18.435  33.852 0.0000000000
63009  -56.766  -19.345  33.905 0.0000000000
61881  -55.480  -20.433  32.657 0.0000000000
61873  -55.988  -20.936  33.358 0.0000000000
60694  -58.746  -21.726  35.216 0.0000000000
59532  -58.398  -22.237  35.762 0.0000000000
58352  -58.678  -23.270  36.109 0.0000000000
58369  -59.145  -22.575  35.435 0.0000000000
55226  -45.973  -26.172  47.060 0.0000000000
136254  -45.698  -25.695  46.862 0.0000000000
47565  -38.014  -33.981  51.245 0.0000000000
46685  -38.367  -34.020  50.364 0.0000000000
47567  -39.242  -33.060  50.387 0.0000000000
53106  -44.212  -28.636  46.556 0.0000000000
54170  -45.139  -27.795  47.897 0.0000000000
54178  -45.288  -27.113  47.322 0.0000000000
55219  -45.785  -26.803  47.275 0.0000000000
60626  -47.697  -21.428  41.839 0.0000000000
60627  -48.414  -20.924  41.712 0.0000000000
60638  -49.127  -21.252  41.394 0.0000000000
59462  -50.050  -21.530  41.374 0.0000000000
59501  -56.206  -23.262  38.720 0.0000000000
59491  -56.056  -23.087  39.475 0.0000000000
58330  -56.623  -23.235  38.811 0.0000000000
57263  -57.353  -24.031  38.411 0.0000000000
151556  -57.290  -25.935  37.374 0.0000000000
56298  -57.309  -25.124  37.875 0.0000000000
56299  -57.689  -25.153  37.035 0.0000000000
56314  -58.029  -25.272  36.211 0.0000000000
129313  -58.468  -16.608  33.578 0.0000000000
65012  -58.167  -17.360  33.798 0.0000000000
68822  -58.293  -14.325  32.917 0.0000000000
67824  -59.394  -14.266  33.080 0.0000000000
66898  -59.663  -14.916  32.243 0.0000000000
67852  -60.723  -13.748  31.398 0.0000000000
71937  -61.335  -10.831  30.220 0.0000000000
70961  -61.321  -11.395  30.556 0.0000000000
70973  -61.571  -11.143  29.894 0.0000000000
69904  -61.651  -11.966  29.876 0.0000000000
67879  -62.230  -14.698  28.235 0.0000000000
138778  -47.568  -30.079  43.837 0.0000000000
52027  -47.513  -29.298  44.288 0.0000000000
57191  -46.973  -24.128  46.239 0.0000000000
135409  -47.089  -24.802  45.912 0.0000000000
130950  -47.070  -23.872  45.869 0.0000000000
148449  -46.807  -23.588  45.237 0.0000000000
58273  -46.815  -23.200  44.403 0.0000000000
59436  -46.708  -21.673  44.560 0.0000000000
61733  -46.629  -20.276  44.140 0.0000000000
145539  -20.736  -38.245  59.306 0.0000000000
41434  -20.821  -38.896  58.107 0.0000000000
41420  -21.259  -38.774  59.038 0.0000000000
147905  -22.054  -40.022  57.996 0.0000000000
143924  -25.718  -42.161  56.406 0.0000000000
39162  -27.489  -41.528  57.711 0.0000000000
39163  -28.318  -41.239  57.545 0.0000000000
39171  -28.979  -41.639  57.039 0.0000000000
38106  -29.111  -41.752  56.301 0.0000000000
38119  -29.182  -41.729  55.412 0.0000000000
136358  -29.579  -41.461  56.321 0.0000000000
39172  -30.123  -41.067  56.320 0.0000000000
39180  -30.838  -40.822  55.740 0.0000000000
144235  -33.286  -39.516  54.314 0.0000000000
152244  -34.346  -38.274  54.480 0.0000000000
45723  -35.748  -35.404  53.371 0.0000000000
43588  -37.402  -36.976  53.565 0.0000000000
44609  -38.293  -36.046  53.552 0.0000000000
44610  -38.790  -35.664  53.276 0.0000000000
47543  -39.871  -33.362  53.319 0.0000000000
46658  -39.993  -33.721  53.215 0.0000000000
47551  -40.530  -33.200  53.148 0.0000000000
47559  -42.225  -33.293  51.033 0.0000000000
49659  -41.022  -32.140  47.860 0.0000000000
48562  -40.460  -32.390  48.482 0.0000000000
53077  -44.138  -29.482  49.135 0.0000000000
51961  -43.684  -29.872  49.909 0.0000000000
51945  -43.995  -29.995  50.186 0.0000000000
50778  -43.705  -30.635  50.601 0.0000000000
49578  -43.776  -31.521  50.646 0.0000000000
142478  -45.355  -32.040  49.213 0.0000000000
49641  -45.809  -31.884  48.683 0.0000000000
49642  -46.485  -31.500  48.056 0.0000000000
138760  -48.124  -30.835  45.969 0.0000000000
50866  -48.539  -31.505  45.517 0.0000000000
50865  -48.119  -30.668  45.400 0.0000000000
45660  -20.520  -35.817  58.867 0.0000000000
45652  -20.324  -36.184  59.546 0.0000000000
42474  -20.675  -37.891  59.728 0.0000000000
56269  -48.958  -24.890  39.492 0.0000000000
134011  -48.636  -26.094  39.200 0.0000000000
145038  -49.241  -25.592  39.517 0.0000000000
62930  -51.374  -19.431  40.901 0.0000000000
129760  -52.102  -20.300  41.572 0.0000000000
61770  -52.746  -20.470  41.550 0.0000000000
60631  -53.334  -20.955  41.698 0.0000000000
59454  -53.749  -22.251  42.207 0.0000000000
56261  -55.424  -25.658  40.670 0.0000000000
57250  -55.100  -25.214  41.499 0.0000000000
63002  -57.572  -18.873  34.147 0.0000000000
61861  -57.601  -20.679  34.458 0.0000000000
60695  -59.173  -21.846  35.123 0.0000000000
58390  -59.358  -22.829  35.019 0.0000000000
69892  -59.440  -12.523  30.992 0.0000000000
69884  -60.211  -12.581  31.898 0.0000000000
69893  -59.795  -12.110  31.073 0.0000000000
70971  -60.568  -11.405  30.623 0.0000000000
70972  -60.926  -10.736  30.413 0.0000000000
71947  -60.625  -10.615  29.960 0.0000000000
71936  -61.088  -10.705  30.343 0.0000000000
71949  -61.237  -10.219  29.862 0.0000000000
132588  -47.307  -28.347  46.203 0.0000000000
54199  -47.252  -27.799  45.758 0.0000000000
56212  -46.968  -25.497  46.053 0.0000000000
56207  -46.714  -25.391  46.398 0.0000000000
138683  -46.984  -24.822  46.187 0.0000000000
57190  -46.484  -23.751  46.588 0.0000000000
58255  -46.266  -23.206  46.458 0.0000000000
59419  -46.105  -22.791  46.158 0.0000000000
42476  -22.318  -38.244  59.509 0.0000000000
149840  -23.090  -38.111  59.192 0.0000000000
42492  -23.537  -38.760  59.065 0.0000000000
42504  -24.093  -39.376  58.652 0.0000000000
147701  -36.470  -35.144  52.889 0.0000000000
46655  -36.997  -34.782  53.482 0.0000000000
46645  -37.726  -34.768  53.691 0.0000000000
46656  -37.735  -33.999  53.461 0.0000000000
47541  -38.396  -33.481  53.338 0.0000000000
47557  -38.502  -33.361  51.827 0.0000000000
48520  -39.034  -32.966  53.111 0.0000000000
49541  -40.364  -32.323  53.029 0.0000000000
49555  -40.912  -31.783  52.565 0.0000000000
50845  -42.886  -30.848  46.482 0.0000000000
141817  -42.841  -30.656  48.022 0.0000000000
50829  -43.207  -30.482  47.400 0.0000000000
51974  -43.763  -29.565  48.940 0.0000000000
53087  -44.297  -29.089  48.480 0.0000000000
51963  -45.226  -29.671  49.300 0.0000000000
51964  -46.024  -29.592  48.709 0.0000000000
138292  -46.798  -28.907  47.481 0.0000000000
53090  -46.287  -28.182  47.939 0.0000000000
45669  -20.428  -35.830  57.877 0.0000000000
57223  -46.827  -24.897  42.100 0.0000000000
57232  -47.000  -25.015  40.930 0.0000000000
57246  -47.406  -24.335  40.406 0.0000000000
57260  -48.474  -24.404  39.675 0.0000000000
57261  -49.152  -24.403  39.684 0.0000000000
57248  -50.996  -24.630  40.997 0.0000000000
61807  -53.456  -21.493  39.625 0.0000000000
141304  -53.973  -21.494  40.770 0.0000000000
60647  -54.725  -22.253  40.258 0.0000000000
59474  -55.368  -22.598  40.856 0.0000000000
58311  -55.823  -23.456  41.045 0.0000000000
58323  -56.561  -23.467  39.615 0.0000000000
58312  -56.263  -23.731  40.443 0.0000000000
57251  -55.892  -24.751  40.963 0.0000000000
65951  -56.812  -16.470  33.187 0.0000000000
138448  -56.160  -16.912  32.811 0.0000000000
65010  -57.366  -17.362  33.901 0.0000000000
64999  -57.804  -17.819  34.112 0.0000000000
65000  -57.978  -18.005  34.016 0.0000000000
64057  -58.146  -18.848  33.989 0.0000000000
63004  -58.446  -19.642  33.880 0.0000000000
61875  -58.843  -20.360  33.876 0.0000000000
149999  -44.646  -26.314  45.893 0.0000000000
50864  -43.307  -30.291  45.658 0.0000000000
53120  -44.058  -28.559  45.736 0.0000000000
132398  -48.799  -18.920  40.974 0.0000000000
61753  -49.366  -19.332  41.567 0.0000000000
64008  -50.601  -18.524  40.965 0.0000000000
64023  -50.668  -18.813  40.734 0.0000000000
62966  -51.950  -20.488  39.646 0.0000000000
62967  -52.567  -20.735  39.761 0.0000000000
61806  -52.951  -21.381  39.033 0.0000000000
151698  -53.477  -21.812  39.033 0.0000000000
60661  -53.880  -22.163  38.477 0.0000000000
59489  -54.678  -22.675  38.866 0.0000000000
59499  -54.698  -22.774  38.055 0.0000000000
143606  -57.170  -23.068  36.921 0.0000000000
135509  -56.968  -15.788  32.849 0.0000000000
65937  -57.587  -15.925  33.622 0.0000000000
67811  -58.771  -14.985  33.795 0.0000000000
66873  -58.737  -15.369  33.760 0.0000000000
65939  -58.592  -15.866  33.673 0.0000000000
141628  -58.669  -16.862  32.992 0.0000000000
64102  -58.093  -17.864  30.983 0.0000000000
68832  -60.535  -13.069  32.064 0.0000000000
68840  -60.859  -13.136  31.612 0.0000000000
68841  -61.200  -12.570  31.034 0.0000000000
67853  -61.171  -13.427  30.631 0.0000000000
134289  -47.218  -29.823  42.811 0.0000000000
52055  -47.045  -28.960  42.506 0.0000000000
154480  -46.788  -28.773  41.792 0.0000000000
134380  -47.057  -26.987  44.862 0.0000000000
56218  -46.850  -25.430  45.316 0.0000000000
55255  -46.897  -26.209  43.396 0.0000000000
56240  -46.811  -25.830  42.453 0.0000000000
129979  -46.999  -23.940  42.230 0.0000000000
131531  -46.934  -22.674  43.445 0.0000000000
59452  -47.207  -22.022  42.523 0.0000000000
62902  -48.140  -19.647  42.172 0.0000000000
154484  -44.928  -25.757  45.617 0.0000000000
56217  -45.275  -24.947  45.815 0.0000000000
141862  -44.928  -24.631  44.317 0.0000000000
57205  -45.228  -24.355  45.103 0.0000000000
148331  -45.459  -23.239  45.406 0.0000000000
137404  -45.724  -22.367  45.609 0.0000000000
59434  -45.430  -22.339  44.881 0.0000000000
59435  -45.764  -21.642  45.191 0.0000000000
60594  -45.793  -20.685  44.783 0.0000000000
63992  -48.270  -19.178  41.531 0.0000000000
41466  -19.923  -38.680  55.854 0.0000000000
135950  -22.509  -39.275  59.343 0.0000000000
39150  -25.274  -41.057  58.229 0.0000000000
38104  -26.290  -42.155  57.041 0.0000000000
38095  -27.726  -42.037  57.179 0.0000000000
38130  -26.754  -42.202  54.628 0.0000000000
38133  -29.163  -41.763  54.473 0.0000000000
40269  -31.580  -40.745  54.487 0.0000000000
40272  -33.808  -40.440  53.937 0.0000000000
149816  -34.144  -41.070  53.546 0.0000000000
44573  -33.144  -36.878  55.338 0.0000000000
144094  -33.857  -36.581  55.031 0.0000000000
139193  -34.377  -36.190  54.944 0.0000000000
43569  -33.919  -36.610  55.065 0.0000000000
42582  -35.627  -38.394  53.811 0.0000000000
41506  -35.946  -38.917  53.189 0.0000000000
45725  -39.726  -34.447  52.869 0.0000000000
45724  -39.289  -35.316  52.841 0.0000000000
47573  -39.317  -33.169  49.454 0.0000000000
136334  -39.842  -32.573  49.953 0.0000000000
49575  -40.826  -31.442  52.017 0.0000000000
50751  -41.354  -31.295  52.015 0.0000000000
51960  -43.032  -30.104  50.218 0.0000000000
50763  -41.813  -30.956  51.419 0.0000000000
50752  -41.866  -31.145  51.760 0.0000000000
49557  -42.032  -31.625  51.823 0.0000000000
48537  -42.320  -32.213  51.537 0.0000000000
48538  -43.019  -32.531  50.840 0.0000000000
49597  -44.041  -32.272  50.338 0.0000000000
48544  -43.793  -32.959  50.187 0.0000000000
49643  -47.038  -31.252  47.403 0.0000000000
50830  -47.323  -30.623  47.131 0.0000000000
47620  -49.290  -33.284  44.937 0.0000000000
49701  -48.906  -31.948  45.019 0.0000000000
151723  -49.270  -32.559  44.845 0.0000000000
152053  -19.212  -38.085  57.769 0.0000000000
56266  -46.947  -25.985  39.953 0.0000000000
59463  -50.955  -21.838  41.465 0.0000000000
60630  -51.936  -20.929  41.852 0.0000000000
155836  -51.447  -21.364  41.681 0.0000000000
56257  -51.505  -25.603  41.130 0.0000000000
135260  -54.178  -21.709  41.268 0.0000000000
58285  -54.113  -22.931  42.225 0.0000000000
58295  -53.943  -23.741  42.385 0.0000000000
57237  -54.047  -24.656  42.254 0.0000000000
144355  -53.394  -24.024  42.315 0.0000000000
144568  -52.670  -25.160  41.764 0.0000000000
56246  -52.343  -25.632  41.367 0.0000000000
139196  -51.891  -26.211  40.997 0.0000000000
58365  -54.824  -23.893  35.685 0.0000000000
58366  -55.721  -23.713  35.914 0.0000000000
65023  -55.946  -17.574  32.904 0.0000000000
64074  -55.611  -18.448  32.734 0.0000000000
136048  -56.039  -18.944  33.377 0.0000000000
63016  -55.475  -19.402  32.708 0.0000000000
60729  -55.853  -22.023  33.391 0.0000000000
59576  -56.273  -22.514  34.181 0.0000000000
60715  -57.505  -21.431  34.695 0.0000000000
137680  -56.983  -22.044  34.685 0.0000000000
59556  -56.754  -22.801  35.164 0.0000000000
59531  -57.637  -22.564  35.886 0.0000000000
58350  -57.960  -22.634  36.608 0.0000000000
58351  -58.077  -22.899  36.686 0.0000000000
58368  -58.997  -23.498  35.270 0.0000000000
57291  -58.578  -24.447  35.235 0.0000000000
56337  -58.219  -25.263  34.954 0.0000000000
38132  -28.538  -42.002  54.951 0.0000000000
40237  -22.445  -39.879  58.962 0.0000000000
44542  -21.693  -36.640  58.916 0.0000000000
46666  -36.877  -34.699  53.271 0.0000000000
48521  -39.748  -32.841  53.273 0.0000000000
48536  -41.919  -32.689  51.697 0.0000000000
55320  -56.509  -26.567  37.577 0.0000000000
56245  -46.789  -25.827  40.838 0.0000000000
56253  -47.069  -25.412  40.247 0.0000000000
56262  -56.132  -25.529  40.362 0.0000000000
57179  -46.602  -24.534  46.543 0.0000000000
57198  -45.500  -24.038  45.818 0.0000000000
58254  -45.946  -23.504  46.556 0.0000000000
58284  -53.450  -22.941  42.366 0.0000000000
58341  -58.190  -23.412  36.883 0.0000000000
59427  -46.214  -22.061  45.585 0.0000000000
59453  -53.296  -21.979  42.303 0.0000000000
59455  -54.155  -22.070  41.854 0.0000000000
59466  -54.750  -22.335  41.356 0.0000000000
59500  -55.547  -23.151  38.412 0.0000000000
60595  -46.829  -21.113  44.420 0.0000000000
60617  -53.571  -21.550  42.020 0.0000000000
61720  -46.083  -20.514  44.879 0.0000000000
61732  -46.260  -20.198  44.457 0.0000000000
61752  -48.547  -19.564  41.950 0.0000000000
61783  -52.686  -20.363  41.078 0.0000000000
61794  -53.712  -21.433  40.264 0.0000000000
62929  -50.952  -18.948  40.890 0.0000000000
62931  -51.941  -20.077  41.167 0.0000000000
62952  -51.879  -20.161  40.489 0.0000000000
63993  -49.447  -18.974  41.185 0.0000000000
63994  -50.444  -18.475  40.974 0.0000000000
64022  -50.000  -18.721  40.788 0.0000000000
64056  -57.973  -18.471  34.170 0.0000000000
64942  -47.669  -19.182  41.598 0.0000000000
67823  -58.902  -14.519  33.544 0.0000000000
68831  -59.900  -12.916  32.420 0.0000000000
70959  -60.846  -11.304  30.728 0.0000000000
71948  -60.988  -10.071  29.907 0.0000000000
130385  -46.617  -22.508  45.204 0.0000000000
136715  -53.368  -20.850  40.755 0.0000000000
138145  -55.232  -22.514  40.443 0.0000000000
142312  -54.213  -21.836  40.413 0.0000000000
147425  -46.903  -29.485  41.874 0.0000000000
152724  -50.583  -26.179  40.569 0.0000000000
153174  -52.374  -21.522  42.090 0.0000000000
153264  -51.039  -19.292  41.232 0.0000000000
153687  -54.075  -22.169  39.174 0.0000000000
153777  -48.123  -18.947  41.171 0.0000000000
156304  -46.055  -23.205  46.478 0.0000000000
