#!ascii label  , from subject sub125 vox2ras=TkReg
1752
47664  -49.537  -33.736  42.652 0.0000000000
136607  -35.997  -40.509  52.068 0.0000000000
56406  -50.694  -25.803  26.319 0.0000000000
135254  -45.562  -34.642  29.745 0.0000000000
142190  -49.935  -29.076  35.931 0.0000000000
46694  -43.782  -34.157  49.051 0.0000000000
39371  -42.697  -41.695  42.477 0.0000000000
47754  -40.371  -33.428  37.721 0.0000000000
38154  -27.304  -41.871  52.958 0.0000000000
64102  -58.093  -17.864  30.983 0.0000000000
151076  -33.555  -41.032  42.707 0.0000000000
156081  -48.505  -36.952  36.282 0.0000000000
47821  -48.338  -33.856  31.417 0.0000000000
49770  -51.836  -32.075  38.956 0.0000000000
47618  -47.656  -32.965  45.618 0.0000000000
46770  -42.536  -33.807  43.212 0.0000000000
48661  -46.077  -32.999  40.032 0.0000000000
49831  -43.040  -32.054  33.845 0.0000000000
65092  -60.500  -17.667  27.980 0.0000000000
39207  -32.137  -41.100  53.555 0.0000000000
129957  -30.001  -40.077  47.324 0.0000000000
39280  -35.273  -42.330  48.095 0.0000000000
139150  -49.779  -27.191  30.825 0.0000000000
43638  -40.434  -36.879  49.981 0.0000000000
38193  -41.482  -43.371  48.570 0.0000000000
42638  -41.336  -38.643  46.352 0.0000000000
43732  -40.063  -37.466  40.212 0.0000000000
39186  -22.923  -40.865  53.948 0.0000000000
56297  -54.596  -25.833  37.891 0.0000000000
148393  -55.675  -27.444  32.323 0.0000000000
60732  -59.245  -21.404  34.232 0.0000000000
57374  -55.893  -24.672  28.149 0.0000000000
59718  -57.730  -22.471  25.828 0.0000000000
129956  -24.106  -40.227  46.785 0.0000000000
39336  -38.630  -41.079  44.023 0.0000000000
43735  -50.413  -37.373  40.376 0.0000000000
45904  -51.445  -35.506  38.184 0.0000000000
47702  -49.609  -33.550  39.794 0.0000000000
47635  -49.518  -33.854  44.435 0.0000000000
46773  -47.255  -34.465  43.071 0.0000000000
45858  -48.792  -36.774  41.766 0.0000000000
46846  -47.400  -35.111  37.474 0.0000000000
57426  -48.399  -24.565  23.244 0.0000000000
58557  -50.931  -23.525  24.140 0.0000000000
143421  -34.612  -41.610  52.671 0.0000000000
39258  -33.672  -41.352  50.719 0.0000000000
137343  -36.304  -42.956  50.985 0.0000000000
44982  -44.696  -37.253  28.191 0.0000000000
49822  -48.811  -31.517  34.337 0.0000000000
49876  -47.272  -32.207  30.038 0.0000000000
52173  -46.828  -29.468  33.156 0.0000000000
54377  -46.575  -27.820  30.990 0.0000000000
54341  -49.179  -27.087  33.691 0.0000000000
44671  -42.617  -35.831  49.684 0.0000000000
43673  -42.079  -37.962  48.835 0.0000000000
44753  -42.169  -36.292  47.325 0.0000000000
47696  -41.456  -33.352  40.618 0.0000000000
137980  -40.685  -35.828  41.930 0.0000000000
45901  -39.931  -35.510  38.164 0.0000000000
48768  -45.214  -32.417  31.930 0.0000000000
55364  -55.753  -27.600  34.976 0.0000000000
59610  -56.212  -22.657  31.405 0.0000000000
61895  -56.327  -20.876  29.789 0.0000000000
58516  -57.041  -24.019  27.717 0.0000000000
61918  -57.323  -20.672  28.155 0.0000000000
60817  -61.933  -21.663  27.718 0.0000000000
39217  -24.465  -41.613  52.487 0.0000000000
39248  -22.810  -40.793  50.192 0.0000000000
40319  -25.690  -40.840  49.492 0.0000000000
40433  -31.697  -40.458  44.863 0.0000000000
40451  -28.702  -39.714  43.917 0.0000000000
40485  -31.073  -40.540  41.385 0.0000000000
38228  -43.543  -42.651  45.856 0.0000000000
136151  -40.592  -42.228  46.554 0.0000000000
38247  -42.255  -42.456  43.255 0.0000000000
46886  -47.445  -35.821  32.972 0.0000000000
44937  -47.119  -36.657  30.316 0.0000000000
44894  -48.900  -36.475  34.025 0.0000000000
47781  -50.500  -33.523  35.620 0.0000000000
149566  -51.315  -31.066  36.673 0.0000000000
47596  -45.292  -32.895  47.993 0.0000000000
46727  -42.982  -33.809  45.729 0.0000000000
47630  -44.765  -33.421  44.512 0.0000000000
47675  -44.588  -33.127  42.003 0.0000000000
48678  -43.298  -31.954  38.186 0.0000000000
48720  -41.665  -31.909  35.486 0.0000000000
48710  -45.275  -32.710  36.673 0.0000000000
47789  -45.808  -33.522  34.781 0.0000000000
66009  -58.373  -16.442  28.956 0.0000000000
156412  -60.459  -14.293  31.001 0.0000000000
145831  -29.573  -41.425  53.040 0.0000000000
40322  -28.506  -40.321  49.538 0.0000000000
40307  -31.011  -40.339  50.244 0.0000000000
40363  -32.137  -40.505  47.572 0.0000000000
39324  -34.633  -41.038  45.669 0.0000000000
46941  -46.707  -34.852  28.065 0.0000000000
55439  -46.831  -26.802  28.177 0.0000000000
54433  -49.587  -27.202  28.563 0.0000000000
42611  -37.994  -37.886  51.038 0.0000000000
39271  -38.229  -42.094  50.260 0.0000000000
41545  -39.759  -39.551  48.720 0.0000000000
40364  -42.879  -40.878  47.103 0.0000000000
41594  -43.018  -40.227  43.811 0.0000000000
45824  -41.208  -35.663  44.498 0.0000000000
42656  -41.330  -38.477  42.717 0.0000000000
41616  -41.604  -39.003  40.806 0.0000000000
50926  -46.756  -29.944  41.056 0.0000000000
42584  -36.977  -37.704  53.200 0.0000000000
46676  -40.488  -34.336  52.004 0.0000000000
47560  -43.061  -33.357  50.391 0.0000000000
141538  -47.439  -28.712  37.647 0.0000000000
53215  -49.781  -28.523  39.683 0.0000000000
54269  -51.752  -27.887  38.983 0.0000000000
56271  -53.506  -25.669  40.528 0.0000000000
55329  -51.687  -26.674  36.450 0.0000000000
134598  -52.291  -26.318  33.721 0.0000000000
142847  -52.958  -27.490  31.690 0.0000000000
55428  -53.124  -26.623  29.393 0.0000000000
57313  -58.346  -24.349  33.800 0.0000000000
56379  -55.296  -25.908  29.742 0.0000000000
56408  -52.991  -25.027  27.129 0.0000000000
132291  -53.994  -23.668  26.004 0.0000000000
61920  -59.840  -21.262  28.309 0.0000000000
40292  -21.050  -39.844  51.559 0.0000000000
40424  -22.106  -39.781  43.966 0.0000000000
40381  -27.270  -40.078  46.628 0.0000000000
40448  -25.451  -39.458  43.685 0.0000000000
38192  -38.225  -43.401  48.413 0.0000000000
40387  -37.366  -40.582  45.979 0.0000000000
40457  -36.192  -40.954  43.860 0.0000000000
37156  -37.889  -43.176  43.066 0.0000000000
46790  -50.542  -36.017  41.920 0.0000000000
46807  -50.800  -35.904  40.921 0.0000000000
47678  -49.098  -33.500  41.406 0.0000000000
47651  -49.877  -34.481  43.961 0.0000000000
45838  -48.971  -36.335  43.771 0.0000000000
44804  -50.141  -36.692  43.299 0.0000000000
43712  -49.756  -37.476  41.014 0.0000000000
55480  -49.112  -25.931  25.942 0.0000000000
56430  -49.132  -24.814  24.748 0.0000000000
57421  -49.547  -23.967  23.748 0.0000000000
57406  -50.138  -24.715  24.989 0.0000000000
39228  -35.247  -41.438  52.582 0.0000000000
38157  -35.246  -41.934  52.138 0.0000000000
39243  -36.268  -42.056  51.609 0.0000000000
46940  -44.403  -35.098  28.829 0.0000000000
45998  -45.477  -36.493  29.100 0.0000000000
51022  -49.085  -31.021  34.953 0.0000000000
51030  -47.551  -30.676  33.630 0.0000000000
52161  -48.144  -29.533  34.599 0.0000000000
53285  -48.001  -28.093  33.788 0.0000000000
53275  -49.068  -28.078  34.997 0.0000000000
45761  -43.391  -35.264  49.142 0.0000000000
45770  -43.268  -35.846  48.993 0.0000000000
45782  -43.158  -35.499  48.500 0.0000000000
47737  -40.960  -32.982  38.788 0.0000000000
46821  -40.521  -34.660  39.632 0.0000000000
46844  -40.216  -34.532  37.902 0.0000000000
46843  -39.627  -35.156  37.301 0.0000000000
48782  -45.478  -33.175  30.507 0.0000000000
49874  -44.175  -31.900  30.332 0.0000000000
48798  -44.521  -33.191  29.331 0.0000000000
61888  -57.759  -20.471  31.489 0.0000000000
63038  -57.415  -19.431  30.319 0.0000000000
60797  -56.520  -21.395  28.817 0.0000000000
63056  -57.156  -19.250  29.375 0.0000000000
39218  -25.953  -41.696  52.253 0.0000000000
39234  -24.830  -41.334  51.302 0.0000000000
129484  -26.186  -41.160  50.887 0.0000000000
40455  -32.773  -40.501  43.586 0.0000000000
40454  -31.200  -40.278  43.235 0.0000000000
40473  -32.447  -40.598  42.133 0.0000000000
142861  -32.145  -41.697  41.235 0.0000000000
39368  -33.218  -41.662  41.861 0.0000000000
39350  -43.463  -42.072  43.662 0.0000000000
38226  -42.821  -43.016  44.928 0.0000000000
38275  -42.747  -42.253  42.856 0.0000000000
45925  -47.747  -36.424  34.548 0.0000000000
44892  -47.960  -36.438  33.122 0.0000000000
44879  -48.617  -36.733  34.524 0.0000000000
148849  -51.668  -33.565  38.790 0.0000000000
131089  -51.304  -34.593  37.013 0.0000000000
47758  -51.708  -33.373  37.510 0.0000000000
48725  -50.960  -32.409  35.949 0.0000000000
49792  -51.845  -31.507  38.014 0.0000000000
147320  -46.239  -32.612  46.221 0.0000000000
47615  -44.639  -33.171  45.417 0.0000000000
47616  -45.615  -33.143  44.892 0.0000000000
46787  -46.911  -34.021  41.745 0.0000000000
130286  -45.536  -33.448  42.379 0.0000000000
47699  -45.693  -33.000  40.960 0.0000000000
48638  -43.556  -32.349  40.449 0.0000000000
48659  -44.710  -32.202  39.093 0.0000000000
152475  -44.216  -32.056  37.800 0.0000000000
48680  -45.403  -32.459  38.562 0.0000000000
45902  -47.641  -36.049  37.027 0.0000000000
145042  -46.772  -34.709  36.289 0.0000000000
46861  -46.951  -35.401  35.641 0.0000000000
46876  -46.920  -34.449  33.933 0.0000000000
39223  -31.046  -41.040  52.769 0.0000000000
39239  -30.709  -40.876  51.772 0.0000000000
39240  -31.689  -40.833  52.127 0.0000000000
39270  -34.370  -41.771  49.340 0.0000000000
39277  -32.993  -40.726  49.011 0.0000000000
39294  -33.918  -41.472  47.727 0.0000000000
39311  -33.369  -41.224  46.468 0.0000000000
134167  -34.890  -41.691  46.904 0.0000000000
46913  -48.007  -35.642  30.667 0.0000000000
146877  -46.988  -36.417  28.956 0.0000000000
46928  -47.476  -35.024  29.262 0.0000000000
51069  -46.366  -31.123  30.022 0.0000000000
49913  -46.274  -31.832  28.900 0.0000000000
49912  -45.626  -31.582  28.359 0.0000000000
54398  -48.168  -27.282  30.917 0.0000000000
54416  -46.621  -27.104  29.692 0.0000000000
148955  -48.178  -27.180  29.810 0.0000000000
54432  -48.658  -27.082  28.568 0.0000000000
131394  -50.086  -27.365  29.439 0.0000000000
43636  -38.690  -37.375  50.609 0.0000000000
42624  -38.721  -38.628  49.118 0.0000000000
42625  -39.864  -38.116  49.063 0.0000000000
43679  -42.094  -38.003  47.793 0.0000000000
151406  -42.323  -39.375  48.000 0.0000000000
41562  -42.000  -39.461  46.582 0.0000000000
40388  -43.187  -40.878  46.323 0.0000000000
41572  -41.729  -39.390  45.473 0.0000000000
46738  -42.944  -33.833  44.764 0.0000000000
45811  -41.915  -35.075  45.959 0.0000000000
46736  -41.598  -34.891  44.147 0.0000000000
44822  -40.578  -37.191  40.834 0.0000000000
44811  -40.679  -37.132  42.150 0.0000000000
43710  -41.194  -38.010  41.004 0.0000000000
42668  -41.724  -38.835  41.847 0.0000000000
48732  -42.217  -31.764  34.994 0.0000000000
46677  -41.742  -33.837  51.103 0.0000000000
156129  -45.573  -32.298  48.634 0.0000000000
148580  -46.763  -29.461  39.392 0.0000000000
55299  -48.817  -26.970  39.102 0.0000000000
54235  -50.306  -27.374  40.253 0.0000000000
53216  -50.731  -28.865  39.841 0.0000000000
54237  -51.373  -27.238  40.206 0.0000000000
56282  -53.736  -25.632  39.265 0.0000000000
134707  -52.422  -26.449  38.197 0.0000000000
153850  -53.287  -25.775  37.661 0.0000000000
55344  -51.629  -26.307  35.566 0.0000000000
56326  -53.571  -25.933  36.159 0.0000000000
54345  -55.651  -27.695  33.723 0.0000000000
54343  -54.056  -27.434  33.077 0.0000000000
54384  -54.512  -27.543  31.767 0.0000000000
140079  -52.791  -27.337  30.348 0.0000000000
54404  -54.414  -27.228  30.490 0.0000000000
58426  -58.905  -22.711  33.421 0.0000000000
59609  -55.586  -23.505  30.096 0.0000000000
138262  -55.778  -24.589  31.376 0.0000000000
57373  -55.369  -25.283  28.763 0.0000000000
56389  -54.348  -25.643  28.501 0.0000000000
56399  -54.786  -25.134  27.990 0.0000000000
58531  -54.045  -24.324  26.712 0.0000000000
57398  -55.015  -24.357  27.127 0.0000000000
59693  -57.132  -22.929  26.327 0.0000000000
58547  -56.396  -22.738  25.952 0.0000000000
59717  -56.884  -22.332  25.420 0.0000000000
65091  -59.548  -17.412  27.849 0.0000000000
63098  -58.508  -19.148  27.653 0.0000000000
63100  -60.632  -19.194  28.123 0.0000000000
40335  -23.345  -40.683  48.711 0.0000000000
40316  -22.734  -40.580  49.238 0.0000000000
40354  -22.673  -40.147  47.433 0.0000000000
142200  -21.906  -39.612  45.535 0.0000000000
40401  -23.393  -39.843  45.139 0.0000000000
130873  -29.108  -40.160  48.812 0.0000000000
150934  -27.589  -40.283  48.480 0.0000000000
40359  -28.430  -40.115  47.230 0.0000000000
40450  -27.447  -39.573  43.399 0.0000000000
38280  -28.385  -42.013  40.267 0.0000000000
39273  -40.320  -42.525  49.529 0.0000000000
37107  -38.516  -43.908  49.770 0.0000000000
37118  -39.786  -43.937  48.689 0.0000000000
39328  -39.645  -41.044  45.249 0.0000000000
39316  -38.590  -41.368  46.695 0.0000000000
40414  -38.047  -40.452  45.380 0.0000000000
136370  -37.185  -40.377  45.033 0.0000000000
39335  -37.732  -41.115  43.714 0.0000000000
37155  -36.485  -42.849  43.042 0.0000000000
43739  -49.168  -37.251  37.897 0.0000000000
44869  -49.817  -36.794  36.849 0.0000000000
44855  -50.773  -36.799  39.041 0.0000000000
46825  -51.395  -34.952  39.781 0.0000000000
48665  -50.786  -32.768  39.172 0.0000000000
47619  -48.615  -33.274  45.387 0.0000000000
46740  -47.672  -34.036  44.237 0.0000000000
140034  -48.158  -34.843  44.033 0.0000000000
46774  -47.621  -35.221  42.796 0.0000000000
46805  -47.278  -34.278  40.796 0.0000000000
46822  -47.043  -33.876  39.032 0.0000000000
45873  -47.873  -35.785  40.167 0.0000000000
140771  -48.799  -37.085  38.987 0.0000000000
58566  -51.052  -23.069  23.329 0.0000000000
39209  -33.555  -41.354  53.214 0.0000000000
138668  -33.300  -41.218  51.689 0.0000000000
38155  -34.203  -41.752  52.469 0.0000000000
38172  -35.034  -42.415  51.286 0.0000000000
38180  -35.888  -42.790  49.849 0.0000000000
48758  -48.422  -32.771  32.287 0.0000000000
48783  -47.676  -32.706  30.428 0.0000000000
138789  -47.690  -31.970  31.628 0.0000000000
51049  -47.117  -31.287  32.090 0.0000000000
51047  -45.929  -30.210  31.351 0.0000000000
53317  -45.368  -28.638  30.297 0.0000000000
53298  -46.402  -28.686  32.213 0.0000000000
54356  -47.522  -27.645  32.183 0.0000000000
54358  -49.093  -27.105  32.800 0.0000000000
44670  -41.949  -36.285  49.893 0.0000000000
43660  -41.749  -37.603  49.314 0.0000000000
43661  -42.380  -37.041  49.184 0.0000000000
156054  -42.353  -37.409  48.283 0.0000000000
44752  -41.478  -36.955  46.713 0.0000000000
46785  -42.233  -33.707  42.316 0.0000000000
45847  -41.165  -34.971  42.405 0.0000000000
46804  -40.944  -34.108  41.094 0.0000000000
46803  -40.534  -35.081  40.481 0.0000000000
139123  -39.939  -36.418  39.740 0.0000000000
43738  -39.277  -37.378  38.557 0.0000000000
44859  -39.427  -36.590  37.744 0.0000000000
48756  -43.994  -31.979  32.766 0.0000000000
140330  -43.075  -31.482  31.293 0.0000000000
55319  -56.104  -26.514  38.105 0.0000000000
55332  -55.636  -26.857  36.488 0.0000000000
55334  -56.722  -26.935  36.758 0.0000000000
54313  -56.959  -27.477  35.156 0.0000000000
55381  -57.213  -26.713  34.094 0.0000000000
61882  -58.801  -20.365  33.221 0.0000000000
59598  -58.812  -21.966  33.025 0.0000000000
60756  -57.523  -21.301  31.637 0.0000000000
60755  -56.425  -21.837  31.078 0.0000000000
59641  -55.872  -23.505  29.547 0.0000000000
57387  -56.283  -24.324  27.754 0.0000000000
135537  -56.873  -23.808  28.699 0.0000000000
59657  -57.662  -22.894  28.596 0.0000000000
58518  -58.718  -23.188  27.864 0.0000000000
65074  -62.059  -17.840  28.336 0.0000000000
63073  -62.012  -19.728  28.308 0.0000000000
61923  -62.437  -20.256  28.017 0.0000000000
39200  -23.564  -41.330  53.463 0.0000000000
152449  -22.774  -40.877  52.421 0.0000000000
39233  -23.942  -41.314  51.243 0.0000000000
39265  -24.342  -41.083  49.695 0.0000000000
40336  -24.716  -40.622  48.291 0.0000000000
40408  -30.401  -40.138  46.087 0.0000000000
40407  -29.541  -40.033  45.662 0.0000000000
40431  -29.956  -39.969  44.739 0.0000000000
150762  -29.957  -40.021  43.123 0.0000000000
40484  -29.460  -40.323  41.232 0.0000000000
39379  -29.857  -41.916  40.487 0.0000000000
38269  -30.721  -42.375  40.673 0.0000000000
37121  -42.533  -43.420  47.685 0.0000000000
37130  -41.475  -43.573  47.822 0.0000000000
38219  -42.672  -43.225  46.154 0.0000000000
131809  -41.112  -41.936  44.633 0.0000000000
39348  -40.519  -41.757  43.930 0.0000000000
47836  -46.453  -34.781  30.945 0.0000000000
150197  -46.179  -35.624  30.220 0.0000000000
45965  -47.077  -36.361  31.257 0.0000000000
44920  -47.892  -36.351  31.648 0.0000000000
46888  -48.717  -35.393  32.860 0.0000000000
45919  -49.533  -36.095  35.203 0.0000000000
147461  -49.582  -34.765  34.731 0.0000000000
47799  -49.171  -33.849  33.649 0.0000000000
48736  -49.676  -32.533  34.617 0.0000000000
49813  -50.080  -31.520  35.462 0.0000000000
50996  -50.607  -30.144  36.259 0.0000000000
47595  -44.282  -33.669  48.562 0.0000000000
46711  -43.520  -34.216  47.939 0.0000000000
47594  -43.939  -33.589  47.252 0.0000000000
47629  -43.798  -33.558  45.021 0.0000000000
47649  -43.920  -33.716  44.140 0.0000000000
46757  -46.126  -33.598  43.618 0.0000000000
131541  -44.446  -33.600  43.489 0.0000000000
47660  -43.086  -33.402  42.608 0.0000000000
48629  -43.170  -32.712  41.117 0.0000000000
48657  -42.364  -32.368  39.572 0.0000000000
131424  -41.670  -32.453  38.263 0.0000000000
48690  -41.232  -32.300  36.878 0.0000000000
133742  -42.474  -31.986  37.639 0.0000000000
48708  -43.699  -31.854  36.463 0.0000000000
130872  -44.218  -31.994  35.025 0.0000000000
47757  -46.604  -33.591  37.414 0.0000000000
47768  -45.795  -33.376  36.060 0.0000000000
48734  -44.665  -32.420  34.296 0.0000000000
47805  -45.877  -33.142  33.141 0.0000000000
47819  -45.994  -33.130  32.046 0.0000000000
65045  -57.928  -17.251  30.247 0.0000000000
151958  -58.605  -16.086  30.559 0.0000000000
66929  -59.628  -15.214  29.680 0.0000000000
66930  -60.411  -15.104  29.234 0.0000000000
129415  -61.607  -15.914  28.422 0.0000000000
66013  -62.425  -16.283  28.017 0.0000000000
39221  -28.760  -41.439  52.698 0.0000000000
39253  -27.625  -40.834  50.741 0.0000000000
39255  -28.945  -40.699  50.947 0.0000000000
129351  -30.025  -40.306  50.002 0.0000000000
40342  -30.660  -40.120  48.542 0.0000000000
40308  -32.018  -40.508  50.381 0.0000000000
40343  -31.458  -40.230  48.921 0.0000000000
40362  -31.319  -40.290  47.219 0.0000000000
129199  -31.966  -40.596  46.701 0.0000000000
150002  -32.555  -40.722  45.307 0.0000000000
40435  -33.884  -40.809  44.231 0.0000000000
44960  -45.850  -36.575  29.039 0.0000000000
45007  -46.034  -36.687  28.036 0.0000000000
47854  -47.076  -33.199  29.078 0.0000000000
136374  -48.920  -26.719  26.868 0.0000000000
55455  -50.457  -26.700  27.529 0.0000000000
145093  -36.967  -38.958  51.109 0.0000000000
40309  -36.980  -40.494  50.717 0.0000000000
41538  -37.411  -39.702  49.951 0.0000000000
40328  -39.169  -40.260  48.939 0.0000000000
39281  -40.712  -41.490  49.159 0.0000000000
42631  -41.401  -38.996  48.984 0.0000000000
40347  -42.066  -40.643  48.602 0.0000000000
39283  -42.365  -42.353  48.419 0.0000000000
40389  -43.443  -41.508  46.663 0.0000000000
134093  -43.656  -41.490  44.921 0.0000000000
139390  -43.176  -40.752  42.859 0.0000000000
45798  -42.317  -35.381  46.943 0.0000000000
45797  -41.706  -36.040  46.378 0.0000000000
149437  -40.624  -37.248  45.209 0.0000000000
45836  -41.077  -35.623  43.605 0.0000000000
44789  -40.480  -37.376  44.279 0.0000000000
43692  -40.631  -38.080  44.904 0.0000000000
42648  -41.512  -38.937  43.473 0.0000000000
41603  -42.176  -39.714  42.077 0.0000000000
48718  -39.927  -32.483  35.139 0.0000000000
49732  -48.839  -32.210  43.632 0.0000000000
49740  -47.694  -31.669  41.833 0.0000000000
39188  -24.193  -41.635  54.828 0.0000000000
38144  -27.529  -42.036  53.946 0.0000000000
38133  -29.163  -41.763  54.473 0.0000000000
136975  -30.639  -41.463  54.124 0.0000000000
40281  -33.605  -41.144  53.578 0.0000000000
40282  -34.618  -40.224  53.595 0.0000000000
41505  -35.393  -39.522  53.376 0.0000000000
42598  -36.442  -38.711  52.673 0.0000000000
42599  -37.154  -38.056  52.364 0.0000000000
43620  -38.422  -37.213  51.637 0.0000000000
142823  -39.581  -36.099  51.520 0.0000000000
45736  -39.922  -35.065  51.973 0.0000000000
44648  -40.249  -35.718  51.109 0.0000000000
149026  -42.025  -35.559  50.186 0.0000000000
46686  -42.877  -34.617  49.872 0.0000000000
152532  -43.715  -34.024  49.234 0.0000000000
47574  -44.145  -33.607  49.214 0.0000000000
48563  -45.339  -32.663  48.524 0.0000000000
48576  -45.939  -32.460  47.718 0.0000000000
48611  -49.396  -32.709  44.234 0.0000000000
50942  -47.281  -31.240  40.005 0.0000000000
49779  -48.132  -31.151  38.006 0.0000000000
49767  -49.609  -31.519  38.023 0.0000000000
55297  -47.710  -26.490  38.214 0.0000000000
53233  -48.611  -28.076  37.921 0.0000000000
135098  -49.805  -30.307  39.043 0.0000000000
52106  -51.332  -29.999  39.383 0.0000000000
52130  -51.669  -29.624  38.051 0.0000000000
53256  -51.421  -28.651  37.089 0.0000000000
54256  -51.906  -27.122  39.635 0.0000000000
54282  -51.945  -27.298  37.977 0.0000000000
54296  -50.710  -27.838  36.251 0.0000000000
54327  -50.184  -26.848  34.725 0.0000000000
55359  -50.757  -26.402  34.227 0.0000000000
55389  -50.602  -26.737  32.426 0.0000000000
55362  -53.947  -26.562  34.518 0.0000000000
55391  -52.286  -26.641  32.947 0.0000000000
54381  -51.337  -27.371  31.061 0.0000000000
130946  -50.816  -27.334  29.847 0.0000000000
54435  -51.170  -27.080  29.077 0.0000000000
55456  -51.235  -26.445  27.860 0.0000000000
56337  -58.219  -25.263  34.954 0.0000000000
56351  -57.163  -26.013  33.290 0.0000000000
58424  -57.103  -23.522  32.541 0.0000000000
57331  -55.959  -25.551  31.538 0.0000000000
55403  -55.518  -26.916  31.160 0.0000000000
55430  -54.532  -26.661  29.661 0.0000000000
56397  -52.786  -25.541  27.853 0.0000000000
56407  -51.520  -25.489  26.570 0.0000000000
57408  -52.393  -24.537  25.942 0.0000000000
58559  -52.602  -23.271  24.869 0.0000000000
59732  -53.272  -22.720  24.609 0.0000000000
58533  -55.557  -23.783  26.771 0.0000000000
137415  -54.165  -22.365  24.489 0.0000000000
59745  -53.630  -22.352  23.258 0.0000000000
64135  -57.593  -18.572  28.186 0.0000000000
61919  -58.495  -21.018  28.086 0.0000000000
149147  -59.378  -22.845  27.894 0.0000000000
60816  -61.229  -21.972  27.928 0.0000000000
59695  -60.510  -22.531  27.256 0.0000000000
147151  -59.079  -22.348  25.428 0.0000000000
40303  -21.999  -40.369  50.547 0.0000000000
152265  -27.076  -40.525  49.548 0.0000000000
132719  -26.193  -40.432  47.959 0.0000000000
129955  -25.890  -40.261  47.016 0.0000000000
138598  -27.480  -39.881  45.118 0.0000000000
40404  -26.085  -39.952  45.405 0.0000000000
40403  -25.058  -39.824  45.225 0.0000000000
40447  -24.531  -39.617  43.656 0.0000000000
38167  -37.055  -42.901  50.940 0.0000000000
37105  -37.173  -43.601  49.890 0.0000000000
38190  -36.734  -43.107  48.720 0.0000000000
38207  -39.569  -43.408  47.921 0.0000000000
39299  -38.113  -42.183  47.477 0.0000000000
39297  -36.346  -41.902  47.322 0.0000000000
39325  -35.350  -40.910  45.765 0.0000000000
40437  -35.533  -40.747  44.435 0.0000000000
149516  -35.239  -41.023  43.491 0.0000000000
37159  -40.500  -42.929  42.505 0.0000000000
38246  -40.227  -42.421  43.173 0.0000000000
129449  -38.437  -41.629  43.384 0.0000000000
144613  -37.516  -41.756  43.231 0.0000000000
38242  -35.863  -42.212  42.919 0.0000000000
39357  -34.448  -41.883  42.474 0.0000000000
46789  -50.240  -35.238  42.461 0.0000000000
47679  -49.865  -34.316  41.920 0.0000000000
48621  -49.764  -33.852  43.556 0.0000000000
46775  -50.127  -35.325  43.453 0.0000000000
47665  -49.999  -34.496  43.120 0.0000000000
46776  -50.331  -36.040  42.852 0.0000000000
56405  -49.949  -25.939  26.088 0.0000000000
150270  -48.544  -25.575  25.106 0.0000000000
56417  -49.563  -25.385  25.458 0.0000000000
56418  -50.438  -25.387  25.677 0.0000000000
40289  -35.703  -41.014  52.412 0.0000000000
39229  -35.740  -41.736  52.086 0.0000000000
40297  -36.124  -41.280  51.876 0.0000000000
47853  -44.877  -34.246  29.231 0.0000000000
46926  -45.111  -35.558  29.212 0.0000000000
52162  -48.998  -30.039  35.243 0.0000000000
52148  -49.355  -29.077  35.520 0.0000000000
53274  -48.332  -28.456  34.495 0.0000000000
53264  -49.740  -28.346  35.613 0.0000000000
46693  -43.626  -34.758  48.962 0.0000000000
45771  -43.546  -35.092  48.892 0.0000000000
47755  -40.878  -32.872  38.072 0.0000000000
47736  -40.538  -33.775  38.399 0.0000000000
153026  -45.583  -33.784  30.070 0.0000000000
48781  -44.745  -32.662  30.060 0.0000000000
48799  -45.164  -33.531  29.781 0.0000000000
64085  -58.062  -18.861  31.181 0.0000000000
134287  -57.618  -18.594  30.156 0.0000000000
38153  -26.570  -41.853  52.788 0.0000000000
150098  -26.335  -41.384  51.572 0.0000000000
39219  -26.962  -41.511  52.091 0.0000000000
40456  -33.615  -40.785  43.395 0.0000000000
135354  -32.185  -40.361  42.920 0.0000000000
40474  -32.982  -40.643  42.782 0.0000000000
39355  -33.118  -41.028  42.207 0.0000000000
39356  -33.739  -41.487  42.379 0.0000000000
39349  -43.200  -41.966  42.935 0.0000000000
38248  -43.012  -42.561  43.495 0.0000000000
134796  -48.070  -36.760  35.776 0.0000000000
136731  -48.175  -36.764  34.931 0.0000000000
44873  -48.654  -36.908  35.601 0.0000000000
47727  -51.816  -32.759  38.850 0.0000000000
153788  -51.707  -33.771  38.261 0.0000000000
47741  -51.937  -32.987  38.386 0.0000000000
48694  -51.884  -32.369  37.721 0.0000000000
49793  -52.004  -32.188  38.589 0.0000000000
47606  -47.110  -32.529  46.070 0.0000000000
47617  -46.638  -32.904  45.369 0.0000000000
47677  -46.515  -33.516  40.886 0.0000000000
48640  -45.178  -32.578  40.312 0.0000000000
48660  -45.379  -32.529  39.467 0.0000000000
48681  -46.201  -33.000  38.970 0.0000000000
44867  -48.070  -36.723  36.598 0.0000000000
45909  -47.498  -36.224  36.134 0.0000000000
45917  -47.286  -35.884  34.952 0.0000000000
39224  -31.949  -41.083  53.032 0.0000000000
39279  -34.513  -41.869  48.353 0.0000000000
39278  -33.753  -41.266  48.662 0.0000000000
139279  -34.142  -41.512  46.845 0.0000000000
39295  -34.685  -41.868  47.504 0.0000000000
46901  -48.320  -35.096  31.344 0.0000000000
46912  -47.778  -35.036  29.991 0.0000000000
47838  -48.093  -34.389  30.726 0.0000000000
51068  -45.691  -30.647  29.634 0.0000000000
49896  -45.749  -31.166  28.951 0.0000000000
137508  -48.910  -27.234  30.926 0.0000000000
133221  -47.792  -27.250  30.426 0.0000000000
144593  -48.601  -27.238  30.269 0.0000000000
54418  -48.974  -27.230  29.403 0.0000000000
54399  -49.489  -27.286  30.147 0.0000000000
43637  -39.513  -37.010  50.270 0.0000000000
43657  -39.077  -37.670  49.630 0.0000000000
43658  -39.889  -37.395  49.583 0.0000000000
42635  -41.875  -38.720  47.232 0.0000000000
46756  -42.820  -33.868  44.021 0.0000000000
46737  -42.163  -34.242  44.544 0.0000000000
46755  -42.024  -34.278  43.737 0.0000000000
44839  -40.192  -37.074  40.339 0.0000000000
43724  -40.783  -37.889  40.622 0.0000000000
49821  -43.090  -31.912  34.775 0.0000000000
49830  -42.363  -31.550  33.529 0.0000000000
54236  -50.908  -27.436  40.365 0.0000000000
56283  -54.783  -25.798  38.898 0.0000000000
143906  -54.538  -25.655  39.950 0.0000000000
56296  -53.874  -25.641  38.188 0.0000000000
56311  -53.985  -25.768  37.155 0.0000000000
54364  -55.961  -27.550  33.189 0.0000000000
54363  -55.358  -27.619  32.875 0.0000000000
141573  -55.138  -27.568  32.039 0.0000000000
141882  -54.287  -27.436  31.095 0.0000000000
54385  -55.375  -27.308  31.550 0.0000000000
61864  -59.043  -20.961  34.241 0.0000000000
59578  -59.382  -21.968  34.447 0.0000000000
59577  -59.261  -21.764  33.762 0.0000000000
58483  -55.772  -24.276  29.432 0.0000000000
58469  -55.543  -24.422  30.051 0.0000000000
56400  -55.335  -24.973  28.106 0.0000000000
57386  -55.252  -24.699  27.645 0.0000000000
155909  -55.729  -24.576  27.800 0.0000000000
148787  -58.067  -23.106  26.849 0.0000000000
132731  -57.482  -22.156  24.871 0.0000000000
64152  -60.053  -18.334  27.855 0.0000000000
40280  -22.221  -40.536  53.511 0.0000000000
130105  -23.915  -40.549  48.174 0.0000000000
131311  -23.230  -40.449  48.050 0.0000000000
40355  -23.601  -40.331  47.458 0.0000000000
40378  -23.218  -40.150  46.657 0.0000000000
131034  -23.725  -40.061  45.988 0.0000000000
40341  -29.773  -40.080  48.105 0.0000000000
129958  -28.808  -40.077  48.002 0.0000000000
40360  -29.282  -40.081  47.294 0.0000000000
39376  -27.502  -41.456  40.252 0.0000000000
38184  -40.813  -43.263  49.110 0.0000000000
38183  -39.885  -43.408  49.638 0.0000000000
37119  -40.861  -43.693  48.511 0.0000000000
39337  -39.537  -41.171  44.360 0.0000000000
40415  -38.774  -40.741  44.822 0.0000000000
40439  -37.910  -40.644  44.462 0.0000000000
43741  -50.309  -37.334  39.433 0.0000000000
43751  -50.216  -37.210  38.294 0.0000000000
44849  -50.960  -37.046  40.004 0.0000000000
47704  -50.437  -34.483  40.181 0.0000000000
46824  -50.922  -35.114  40.266 0.0000000000
47724  -50.508  -33.663  39.476 0.0000000000
47725  -51.156  -34.219  39.540 0.0000000000
48664  -49.893  -32.883  39.149 0.0000000000
47634  -49.056  -34.045  44.702 0.0000000000
148508  -48.471  -34.076  44.668 0.0000000000
46741  -48.828  -34.928  44.386 0.0000000000
45848  -48.776  -36.583  42.926 0.0000000000
45837  -48.217  -35.955  43.313 0.0000000000
45857  -47.907  -35.989  42.184 0.0000000000
46788  -47.450  -34.865  41.843 0.0000000000
135841  -47.700  -35.281  41.049 0.0000000000
46823  -47.553  -34.899  40.159 0.0000000000
134966  -48.115  -36.116  41.152 0.0000000000
43727  -50.057  -37.546  40.702 0.0000000000
44848  -48.936  -37.163  39.917 0.0000000000
43733  -49.366  -37.396  39.386 0.0000000000
151211  -49.165  -37.301  38.619 0.0000000000
56429  -48.350  -25.028  24.111 0.0000000000
57422  -50.227  -24.032  24.290 0.0000000000
39227  -34.094  -41.652  52.828 0.0000000000
39226  -33.799  -41.556  52.907 0.0000000000
38156  -34.562  -41.754  52.401 0.0000000000
38165  -35.677  -42.489  51.468 0.0000000000
38173  -35.789  -42.864  50.836 0.0000000000
38179  -34.995  -42.317  50.248 0.0000000000
48747  -48.686  -32.555  33.156 0.0000000000
49860  -48.053  -32.470  31.767 0.0000000000
49833  -48.497  -31.895  33.508 0.0000000000
51029  -47.083  -30.202  33.299 0.0000000000
51038  -47.301  -30.975  32.901 0.0000000000
51037  -46.634  -30.335  32.635 0.0000000000
51048  -46.500  -30.770  31.722 0.0000000000
152496  -46.081  -30.061  32.075 0.0000000000
52195  -45.880  -29.352  31.718 0.0000000000
53283  -46.699  -28.858  32.845 0.0000000000
54325  -48.659  -27.620  34.194 0.0000000000
54339  -47.700  -27.831  33.029 0.0000000000
54340  -48.435  -27.449  33.388 0.0000000000
54357  -48.301  -27.366  32.515 0.0000000000
44688  -42.120  -36.862  49.526 0.0000000000
44689  -42.572  -36.379  49.427 0.0000000000
44728  -42.679  -36.471  48.397 0.0000000000
135894  -42.823  -36.466  49.089 0.0000000000
44727  -42.043  -37.178  47.617 0.0000000000
47672  -41.860  -33.594  41.442 0.0000000000
46784  -41.443  -34.272  41.952 0.0000000000
46833  -40.307  -34.853  38.811 0.0000000000
45885  -40.284  -35.595  39.632 0.0000000000
45894  -39.842  -35.893  39.004 0.0000000000
44852  -39.645  -36.620  39.166 0.0000000000
45893  -39.651  -36.295  38.397 0.0000000000
48757  -44.799  -32.243  32.649 0.0000000000
49845  -43.415  -31.577  32.080 0.0000000000
136865  -44.375  -31.955  31.965 0.0000000000
133515  -56.302  -26.331  38.363 0.0000000000
145237  -56.350  -26.799  37.254 0.0000000000
56327  -57.706  -26.244  35.943 0.0000000000
55335  -57.244  -26.843  36.313 0.0000000000
55350  -57.345  -26.980  35.633 0.0000000000
55366  -57.357  -26.968  34.963 0.0000000000
55351  -57.706  -26.215  35.370 0.0000000000
64075  -58.549  -18.917  32.973 0.0000000000
64064  -58.290  -18.632  33.655 0.0000000000
63010  -58.571  -19.662  33.504 0.0000000000
60757  -58.467  -20.803  32.348 0.0000000000
61889  -58.470  -20.025  32.263 0.0000000000
61896  -57.082  -20.226  30.516 0.0000000000
60771  -56.753  -21.030  30.760 0.0000000000
60770  -55.936  -21.729  30.074 0.0000000000
60769  -55.846  -22.629  29.767 0.0000000000
59642  -56.334  -23.060  29.204 0.0000000000
60785  -56.238  -21.758  29.317 0.0000000000
61917  -56.710  -20.849  28.608 0.0000000000
60798  -56.977  -21.628  28.522 0.0000000000
58501  -58.160  -23.411  28.177 0.0000000000
60799  -58.085  -21.992  28.392 0.0000000000
64138  -62.771  -18.361  27.882 0.0000000000
63074  -62.583  -19.339  27.966 0.0000000000
147831  -23.916  -41.507  52.801 0.0000000000
39216  -23.867  -41.397  52.114 0.0000000000
132720  -24.424  -41.486  51.827 0.0000000000
39251  -25.390  -41.168  50.713 0.0000000000
39250  -24.558  -41.200  50.540 0.0000000000
39266  -25.167  -41.060  49.926 0.0000000000
40318  -25.056  -40.881  49.056 0.0000000000
40409  -31.022  -40.366  45.558 0.0000000000
155383  -30.341  -40.106  45.373 0.0000000000
40432  -30.769  -40.250  44.773 0.0000000000
40472  -31.611  -40.290  42.156 0.0000000000
152912  -30.536  -40.161  43.173 0.0000000000
40471  -30.585  -40.194  42.373 0.0000000000
40470  -29.543  -40.006  42.163 0.0000000000
131081  -30.147  -40.506  41.421 0.0000000000
39365  -30.487  -41.295  40.838 0.0000000000
39366  -31.353  -41.476  41.001 0.0000000000
38272  -33.132  -42.443  41.640 0.0000000000
38271  -32.431  -42.542  41.264 0.0000000000
38220  -43.213  -43.208  46.481 0.0000000000
37132  -42.745  -43.551  47.078 0.0000000000
38234  -42.753  -42.740  44.014 0.0000000000
39329  -42.075  -42.491  44.494 0.0000000000
39338  -41.719  -42.321  43.854 0.0000000000
140199  -46.945  -34.802  32.249 0.0000000000
46900  -46.850  -35.439  31.564 0.0000000000
45951  -47.310  -35.800  32.203 0.0000000000
44893  -48.406  -36.511  33.508 0.0000000000
44903  -47.748  -36.251  32.096 0.0000000000
44904  -48.119  -36.427  32.539 0.0000000000
45953  -48.350  -35.871  32.069 0.0000000000
45940  -48.880  -36.041  33.484 0.0000000000
45903  -51.088  -36.159  37.754 0.0000000000
44874  -49.669  -36.429  36.058 0.0000000000
45910  -50.554  -36.079  36.834 0.0000000000
46863  -50.965  -33.988  36.410 0.0000000000
46862  -50.342  -34.519  35.800 0.0000000000
46870  -49.868  -34.051  35.029 0.0000000000
46869  -49.423  -34.398  34.305 0.0000000000
47791  -49.573  -33.404  34.395 0.0000000000
48748  -49.171  -32.948  33.779 0.0000000000
47792  -50.128  -33.071  35.005 0.0000000000
49815  -51.079  -31.702  36.223 0.0000000000
49814  -50.508  -32.037  35.571 0.0000000000
50997  -50.822  -30.900  36.271 0.0000000000
51010  -50.251  -30.821  35.882 0.0000000000
137829  -51.242  -30.289  36.760 0.0000000000
139092  -44.661  -33.285  47.777 0.0000000000
149883  -44.017  -33.812  48.160 0.0000000000
46758  -47.302  -34.196  43.604 0.0000000000
46739  -46.753  -33.695  43.910 0.0000000000
46772  -46.678  -33.881  43.232 0.0000000000
47662  -44.939  -33.476  42.910 0.0000000000
47661  -44.022  -33.416  42.766 0.0000000000
47674  -43.595  -33.052  41.913 0.0000000000
47673  -42.740  -33.212  41.723 0.0000000000
132938  -43.194  -32.029  39.105 0.0000000000
155065  -43.154  -32.196  39.840 0.0000000000
48677  -42.464  -32.163  38.629 0.0000000000
48676  -41.734  -32.523  38.995 0.0000000000
48709  -44.478  -32.138  36.810 0.0000000000
48692  -43.504  -31.856  37.253 0.0000000000
130171  -43.462  -31.750  35.730 0.0000000000
132901  -44.255  -32.087  35.920 0.0000000000
46834  -47.468  -34.893  38.451 0.0000000000
47739  -46.666  -33.445  38.240 0.0000000000
46845  -47.162  -34.145  37.902 0.0000000000
47780  -46.468  -34.281  35.818 0.0000000000
47769  -46.481  -33.879  36.557 0.0000000000
47779  -46.112  -33.835  35.289 0.0000000000
48723  -45.339  -33.099  35.290 0.0000000000
48735  -45.280  -33.010  34.538 0.0000000000
48746  -45.206  -32.822  33.812 0.0000000000
47797  -45.955  -33.460  34.114 0.0000000000
46885  -47.108  -34.812  33.059 0.0000000000
47798  -46.558  -33.859  33.510 0.0000000000
47806  -46.588  -33.879  32.624 0.0000000000
47820  -46.575  -34.157  31.739 0.0000000000
66912  -59.756  -14.878  30.907 0.0000000000
66946  -59.660  -15.650  28.874 0.0000000000
67864  -60.322  -14.630  30.101 0.0000000000
66931  -61.261  -15.014  28.937 0.0000000000
67878  -61.684  -14.422  28.910 0.0000000000
66948  -62.004  -15.316  28.412 0.0000000000
39238  -28.658  -41.133  51.752 0.0000000000
150917  -29.357  -41.235  52.259 0.0000000000
40295  -30.395  -40.584  50.876 0.0000000000
40306  -29.632  -40.556  50.704 0.0000000000
40323  -29.940  -40.122  49.066 0.0000000000
40324  -30.758  -40.194  49.401 0.0000000000
39257  -32.839  -40.883  50.835 0.0000000000
39293  -33.047  -40.887  47.950 0.0000000000
40326  -32.193  -40.425  49.401 0.0000000000
40344  -32.232  -40.424  48.483 0.0000000000
136058  -31.422  -40.213  48.069 0.0000000000
39323  -34.029  -41.279  46.002 0.0000000000
40386  -33.311  -41.071  45.642 0.0000000000
140935  -33.279  -40.808  44.814 0.0000000000
40411  -34.096  -40.997  45.109 0.0000000000
45980  -46.733  -36.586  30.351 0.0000000000
45999  -46.172  -36.472  29.659 0.0000000000
44961  -46.769  -36.579  29.737 0.0000000000
46942  -47.151  -35.606  28.770 0.0000000000
46019  -46.650  -36.178  28.378 0.0000000000
139972  -47.459  -32.913  29.765 0.0000000000
48817  -45.922  -32.178  28.123 0.0000000000
53318  -45.832  -28.210  30.711 0.0000000000
54396  -46.229  -27.571  30.276 0.0000000000
55426  -47.079  -26.829  29.065 0.0000000000
55452  -47.559  -26.975  27.562 0.0000000000
54446  -49.072  -26.980  28.074 0.0000000000
55441  -48.391  -26.966  27.862 0.0000000000
54447  -49.536  -26.995  27.878 0.0000000000
55454  -49.685  -26.802  27.284 0.0000000000
54448  -50.083  -27.090  28.015 0.0000000000
42610  -37.359  -38.331  51.479 0.0000000000
41530  -37.026  -39.492  50.661 0.0000000000
42617  -37.495  -38.731  50.499 0.0000000000
41544  -39.017  -39.414  48.827 0.0000000000
40329  -39.717  -41.396  49.344 0.0000000000
40345  -40.160  -40.449  48.890 0.0000000000
42626  -41.051  -38.289  49.190 0.0000000000
42627  -41.709  -38.356  49.039 0.0000000000
41555  -42.538  -40.097  47.673 0.0000000000
41548  -42.188  -39.777  48.329 0.0000000000
40348  -42.682  -40.843  47.932 0.0000000000
140348  -42.408  -41.435  48.367 0.0000000000
39284  -42.920  -41.873  47.868 0.0000000000
39300  -43.459  -42.346  47.160 0.0000000000
154965  -43.145  -41.470  47.325 0.0000000000
41582  -42.640  -40.104  44.736 0.0000000000
40416  -43.300  -40.835  45.361 0.0000000000
40440  -43.384  -40.795  44.357 0.0000000000
40441  -43.569  -41.451  43.991 0.0000000000
40459  -43.327  -40.769  43.460 0.0000000000
46718  -43.157  -33.936  46.886 0.0000000000
46710  -42.930  -34.821  47.644 0.0000000000
46717  -42.525  -34.494  46.446 0.0000000000
140270  -41.393  -35.799  45.429 0.0000000000
44773  -41.097  -36.697  45.794 0.0000000000
139046  -40.805  -36.485  44.871 0.0000000000
46754  -41.429  -34.913  43.266 0.0000000000
45846  -40.892  -35.651  42.759 0.0000000000
44802  -40.637  -36.447  42.958 0.0000000000
43701  -40.686  -37.507  43.049 0.0000000000
42641  -40.820  -38.285  43.809 0.0000000000
42679  -41.780  -39.015  41.234 0.0000000000
40489  -42.463  -40.414  42.047 0.0000000000
41608  -41.941  -39.709  41.436 0.0000000000
48706  -41.860  -31.877  36.268 0.0000000000
48705  -41.037  -32.375  36.118 0.0000000000
48719  -40.793  -32.164  35.340 0.0000000000
39178  -23.678  -41.249  55.324 0.0000000000
38132  -28.538  -42.002  54.951 0.0000000000
39193  -33.022  -41.018  53.660 0.0000000000
43603  -37.622  -37.341  52.937 0.0000000000
43621  -39.121  -36.666  51.308 0.0000000000
44647  -39.070  -36.180  52.186 0.0000000000
45725  -39.726  -34.447  52.869 0.0000000000
45737  -40.975  -35.056  50.976 0.0000000000
46678  -42.575  -33.977  50.367 0.0000000000
46679  -43.165  -33.972  49.891 0.0000000000
46687  -43.403  -34.391  49.446 0.0000000000
47568  -43.608  -33.710  49.692 0.0000000000
145149  -44.136  -33.378  49.560 0.0000000000
48553  -44.579  -33.070  49.382 0.0000000000
47575  -44.707  -33.171  49.039 0.0000000000
48564  -46.108  -32.090  48.140 0.0000000000
48577  -46.639  -32.014  47.327 0.0000000000
50927  -47.115  -30.928  41.117 0.0000000000
49751  -47.543  -31.703  40.852 0.0000000000
52102  -46.873  -28.909  38.349 0.0000000000
52103  -47.095  -29.925  38.613 0.0000000000
50968  -47.792  -30.332  37.742 0.0000000000
50969  -48.693  -30.783  37.732 0.0000000000
52127  -47.854  -29.472  37.505 0.0000000000
54268  -48.886  -27.918  39.024 0.0000000000
54267  -48.513  -27.117  38.016 0.0000000000
53234  -49.116  -28.892  38.797 0.0000000000
52118  -49.350  -29.832  38.244 0.0000000000
52104  -49.968  -29.540  39.496 0.0000000000
143418  -50.421  -30.206  39.420 0.0000000000
52105  -50.836  -29.751  39.628 0.0000000000
53217  -51.404  -28.506  39.478 0.0000000000
53235  -51.703  -28.920  38.702 0.0000000000
53246  -51.644  -28.815  37.726 0.0000000000
129305  -51.760  -28.218  38.161 0.0000000000
138634  -54.102  -25.470  41.333 0.0000000000
55268  -51.971  -26.440  40.619 0.0000000000
56270  -52.378  -26.281  40.197 0.0000000000
55317  -52.269  -26.478  37.203 0.0000000000
55316  -51.760  -27.142  37.135 0.0000000000
54297  -51.327  -27.433  36.655 0.0000000000
54310  -50.406  -27.198  35.520 0.0000000000
54311  -51.034  -26.930  35.961 0.0000000000
149982  -52.366  -26.039  35.136 0.0000000000
55360  -51.721  -26.180  34.524 0.0000000000
55375  -50.617  -26.481  33.351 0.0000000000
55376  -51.475  -26.329  33.584 0.0000000000
55347  -55.260  -26.958  35.589 0.0000000000
55363  -54.899  -27.151  34.721 0.0000000000
149109  -53.475  -27.532  31.933 0.0000000000
54342  -53.190  -27.256  32.429 0.0000000000
140024  -52.241  -27.111  32.123 0.0000000000
54382  -52.152  -27.411  31.353 0.0000000000
54401  -51.146  -27.391  30.393 0.0000000000
54402  -52.016  -27.434  30.647 0.0000000000
54421  -52.689  -27.093  29.838 0.0000000000
55427  -52.092  -26.932  29.334 0.0000000000
55443  -51.584  -26.707  28.642 0.0000000000
152421  -52.367  -26.518  28.886 0.0000000000
57314  -58.884  -23.897  34.257 0.0000000000
57304  -58.787  -24.140  34.809 0.0000000000
56345  -58.381  -24.740  34.323 0.0000000000
56344  -57.732  -25.671  34.232 0.0000000000
138222  -57.758  -25.056  33.648 0.0000000000
59597  -57.936  -22.590  32.602 0.0000000000
59596  -56.820  -22.861  32.086 0.0000000000
57347  -55.594  -25.162  30.514 0.0000000000
56359  -56.074  -26.570  31.810 0.0000000000
56371  -55.594  -26.238  30.806 0.0000000000
55416  -54.709  -26.893  30.091 0.0000000000
55431  -54.883  -26.442  29.632 0.0000000000
56398  -53.868  -25.167  27.790 0.0000000000
56388  -53.608  -25.681  28.395 0.0000000000
57396  -52.308  -25.006  26.500 0.0000000000
57395  -51.671  -24.985  25.915 0.0000000000
57409  -53.187  -24.088  26.019 0.0000000000
58544  -53.240  -23.399  25.389 0.0000000000
57400  -56.422  -23.992  27.300 0.0000000000
59716  -56.011  -22.259  25.183 0.0000000000
59715  -54.985  -22.384  25.102 0.0000000000
59733  -54.826  -22.138  24.146 0.0000000000
150082  -57.763  -17.310  29.288 0.0000000000
65071  -57.617  -17.823  28.524 0.0000000000
65089  -57.827  -17.862  27.988 0.0000000000
61941  -58.998  -20.123  27.814 0.0000000000
60800  -59.215  -22.063  28.331 0.0000000000
59659  -59.723  -22.505  28.092 0.0000000000
61922  -61.802  -20.646  28.298 0.0000000000
60802  -61.516  -21.416  28.152 0.0000000000
154481  -61.003  -22.474  26.875 0.0000000000
129687  -59.545  -22.575  26.428 0.0000000000
39232  -23.217  -41.051  50.919 0.0000000000
40294  -22.545  -40.737  51.110 0.0000000000
131238  -22.011  -40.122  48.891 0.0000000000
41553  -21.016  -39.449  47.589 0.0000000000
40400  -22.437  -39.687  44.867 0.0000000000
40399  -21.479  -39.728  44.738 0.0000000000
156154  -22.393  -40.106  43.212 0.0000000000
40305  -28.352  -40.576  50.413 0.0000000000
40304  -27.667  -40.508  49.962 0.0000000000
40358  -27.606  -40.138  47.229 0.0000000000
40339  -27.167  -40.259  47.919 0.0000000000
129954  -26.778  -40.179  47.171 0.0000000000
40380  -26.548  -40.065  46.263 0.0000000000
40430  -29.039  -39.950  44.743 0.0000000000
40406  -28.362  -40.024  45.579 0.0000000000
147353  -28.161  -39.816  44.594 0.0000000000
40449  -26.498  -39.519  43.756 0.0000000000
40429  -26.686  -39.779  44.775 0.0000000000
40428  -25.804  -39.685  44.546 0.0000000000
40427  -25.003  -39.621  44.346 0.0000000000
38282  -29.894  -42.820  40.501 0.0000000000
37199  -29.247  -43.111  40.605 0.0000000000
133400  -37.329  -41.719  50.670 0.0000000000
39260  -37.701  -42.771  50.637 0.0000000000
37117  -38.895  -44.127  49.052 0.0000000000
37106  -37.755  -43.814  49.848 0.0000000000
37116  -38.066  -43.917  49.272 0.0000000000
38191  -37.483  -43.416  48.744 0.0000000000
38208  -41.073  -43.050  47.216 0.0000000000
145468  -40.485  -43.612  47.944 0.0000000000
38217  -40.112  -42.675  47.269 0.0000000000
151129  -38.117  -40.721  46.175 0.0000000000
39315  -37.694  -41.217  46.720 0.0000000000
39298  -37.210  -41.776  47.237 0.0000000000
39314  -36.763  -41.168  46.632 0.0000000000
39313  -35.668  -41.310  46.613 0.0000000000
39326  -36.331  -40.686  45.719 0.0000000000
40438  -36.338  -40.598  44.699 0.0000000000
40436  -34.684  -40.740  44.315 0.0000000000
129398  -39.756  -43.221  42.642 0.0000000000
37157  -38.765  -43.390  42.881 0.0000000000
38245  -39.162  -42.430  43.116 0.0000000000
38244  -38.168  -42.437  43.093 0.0000000000
131439  -37.295  -42.595  43.100 0.0000000000
37154  -35.674  -43.089  42.865 0.0000000000
39345  -35.205  -41.652  42.861 0.0000000000
38259  -35.093  -42.429  42.640 0.0000000000
134893  -50.699  -36.644  41.416 0.0000000000
45875  -51.097  -36.399  40.430 0.0000000000
46806  -50.304  -35.047  41.187 0.0000000000
154274  -49.092  -33.417  40.347 0.0000000000
46742  -49.426  -34.815  44.279 0.0000000000
46760  -49.824  -35.504  43.892 0.0000000000
44803  -49.713  -36.360  43.612 0.0000000000
142880  -49.531  -37.078  42.672 0.0000000000
44824  -50.055  -37.214  42.363 0.0000000000
44825  -50.372  -37.070  41.797 0.0000000000
55479  -48.360  -26.244  25.801 0.0000000000
57420  -48.936  -24.383  23.980 0.0000000000
154136  -49.573  -24.337  24.390 0.0000000000
57423  -51.000  -24.268  24.766 0.0000000000
38158  -35.871  -42.241  51.732 0.0000000000
38166  -36.406  -42.663  51.234 0.0000000000
44959  -45.173  -36.910  28.708 0.0000000000
51031  -48.134  -31.198  33.974 0.0000000000
51021  -48.474  -30.631  34.614 0.0000000000
51020  -47.876  -30.353  34.212 0.0000000000
52174  -47.429  -29.647  33.842 0.0000000000
53284  -47.267  -28.652  33.407 0.0000000000
53273  -47.767  -28.822  34.092 0.0000000000
45750  -43.158  -35.176  49.441 0.0000000000
45760  -43.039  -35.843  49.286 0.0000000000
47723  -41.286  -32.986  39.706 0.0000000000
47695  -40.773  -33.927  40.166 0.0000000000
47722  -40.637  -33.835  39.244 0.0000000000
46851  -39.290  -35.343  36.653 0.0000000000
144946  -45.552  -32.858  31.322 0.0000000000
48767  -44.788  -32.317  31.054 0.0000000000
49895  -44.106  -32.349  29.536 0.0000000000
63025  -58.447  -19.256  32.150 0.0000000000
63024  -57.914  -19.670  31.347 0.0000000000
61907  -56.477  -20.809  29.008 0.0000000000
63037  -56.733  -20.067  29.524 0.0000000000
63055  -56.857  -20.038  28.657 0.0000000000
39202  -25.175  -41.761  52.831 0.0000000000
130071  -25.067  -41.622  52.009 0.0000000000
39235  -25.626  -41.392  51.455 0.0000000000
39267  -25.956  -41.017  50.121 0.0000000000
40434  -32.588  -40.542  44.440 0.0000000000
137568  -31.199  -40.320  44.146 0.0000000000
137576  -31.944  -40.369  43.873 0.0000000000
40486  -31.921  -40.813  41.478 0.0000000000
39367  -32.622  -41.209  41.680 0.0000000000
149898  -32.734  -41.889  41.477 0.0000000000
38236  -43.589  -42.619  44.934 0.0000000000
38227  -43.191  -42.986  45.445 0.0000000000
38249  -43.465  -42.497  44.193 0.0000000000
45937  -47.317  -35.350  33.686 0.0000000000
143303  -47.854  -36.404  33.878 0.0000000000
44878  -48.176  -36.564  34.070 0.0000000000
44880  -49.101  -36.525  34.594 0.0000000000
151567  -51.553  -34.994  38.612 0.0000000000
45911  -51.238  -35.358  37.337 0.0000000000
46847  -51.565  -34.510  37.835 0.0000000000
148497  -51.447  -33.971  37.069 0.0000000000
47782  -51.035  -33.075  36.073 0.0000000000
48724  -50.570  -32.737  35.523 0.0000000000
48711  -51.503  -32.561  36.669 0.0000000000
49804  -51.659  -31.658  37.042 0.0000000000
144548  -45.511  -32.711  47.011 0.0000000000
47604  -44.622  -33.058  46.545 0.0000000000
129855  -45.500  -32.827  45.860 0.0000000000
152124  -47.228  -34.459  42.456 0.0000000000
46786  -46.528  -33.876  42.584 0.0000000000
47676  -46.085  -33.490  41.717 0.0000000000
137359  -45.344  -33.152  41.653 0.0000000000
47698  -44.849  -32.750  41.103 0.0000000000
48630  -44.011  -32.644  41.190 0.0000000000
48639  -44.362  -32.375  40.436 0.0000000000
48658  -43.944  -32.133  39.650 0.0000000000
133183  -43.997  -32.086  38.694 0.0000000000
48679  -44.749  -32.154  38.342 0.0000000000
48693  -45.218  -32.387  37.575 0.0000000000
45895  -47.803  -35.816  37.985 0.0000000000
46853  -47.178  -35.374  36.561 0.0000000000
149900  -46.585  -34.589  35.251 0.0000000000
47790  -46.505  -34.210  34.640 0.0000000000
46868  -46.923  -35.186  34.896 0.0000000000
153634  -47.076  -34.968  34.331 0.0000000000
131970  -30.445  -41.365  53.369 0.0000000000
39222  -30.135  -41.183  52.420 0.0000000000
40296  -31.353  -40.622  51.124 0.0000000000
143976  -34.207  -41.753  50.162 0.0000000000
39269  -33.645  -41.217  49.632 0.0000000000
39310  -32.727  -40.987  47.001 0.0000000000
150392  -33.431  -41.263  47.184 0.0000000000
39312  -34.768  -41.290  46.298 0.0000000000
45982  -47.753  -36.300  30.717 0.0000000000
44962  -47.266  -36.643  29.968 0.0000000000
45981  -47.626  -36.231  30.223 0.0000000000
49875  -46.975  -31.634  30.362 0.0000000000
48800  -46.893  -32.381  29.381 0.0000000000
54378  -47.412  -27.488  31.226 0.0000000000
54397  -47.007  -27.328  30.427 0.0000000000
54417  -47.439  -27.113  29.792 0.0000000000
54431  -48.017  -27.135  29.158 0.0000000000
55440  -47.768  -26.998  28.383 0.0000000000
42618  -38.222  -38.120  49.985 0.0000000000
42629  -39.498  -38.869  48.779 0.0000000000
42630  -40.339  -38.875  48.804 0.0000000000
43680  -42.243  -38.038  48.410 0.0000000000
42633  -42.178  -38.806  48.410 0.0000000000
42636  -42.179  -38.767  47.946 0.0000000000
41554  -42.262  -39.476  47.444 0.0000000000
41563  -42.606  -40.183  46.887 0.0000000000
41573  -42.561  -40.178  45.920 0.0000000000
46726  -42.293  -34.303  45.399 0.0000000000
46725  -41.686  -34.919  45.028 0.0000000000
45855  -40.497  -36.068  41.080 0.0000000000
148338  -40.646  -36.379  42.249 0.0000000000
140842  -40.611  -36.733  41.555 0.0000000000
144656  -40.807  -37.477  41.397 0.0000000000
42667  -41.205  -37.964  41.832 0.0000000000
43711  -41.550  -38.479  41.261 0.0000000000
43725  -41.442  -38.475  40.848 0.0000000000
43588  -37.402  -36.976  53.565 0.0000000000
44608  -37.674  -36.315  53.704 0.0000000000
46669  -41.069  -33.716  52.052 0.0000000000
141727  -41.212  -34.312  51.289 0.0000000000
47558  -41.546  -33.184  51.879 0.0000000000
48554  -45.166  -32.564  49.042 0.0000000000
52067  -46.641  -29.068  41.119 0.0000000000
52086  -46.590  -29.368  40.273 0.0000000000
53199  -46.520  -28.526  40.415 0.0000000000
155561  -46.555  -28.060  39.740 0.0000000000
53214  -46.785  -28.018  38.827 0.0000000000
55283  -49.606  -26.610  39.806 0.0000000000
54253  -49.649  -27.602  39.760 0.0000000000
54254  -50.490  -28.024  40.104 0.0000000000
53200  -51.065  -27.986  39.976 0.0000000000
54255  -51.479  -27.703  39.764 0.0000000000
56272  -54.773  -25.614  40.722 0.0000000000
56281  -52.963  -25.858  39.542 0.0000000000
56295  -53.003  -25.826  38.494 0.0000000000
151396  -52.755  -26.049  37.681 0.0000000000
55330  -52.456  -26.039  36.108 0.0000000000
55345  -53.238  -26.047  35.241 0.0000000000
54329  -56.031  -27.750  34.483 0.0000000000
54328  -55.363  -27.680  34.181 0.0000000000
54344  -54.969  -27.677  33.387 0.0000000000
54362  -54.701  -27.646  32.567 0.0000000000
54383  -53.717  -27.531  31.459 0.0000000000
140934  -52.897  -27.573  31.000 0.0000000000
54403  -53.667  -27.424  30.687 0.0000000000
54422  -53.663  -27.152  29.993 0.0000000000
58405  -59.427  -22.639  34.606 0.0000000000
58404  -59.254  -23.149  34.109 0.0000000000
58403  -58.604  -23.629  33.601 0.0000000000
149087  -55.660  -23.253  30.882 0.0000000000
58447  -56.058  -23.631  31.664 0.0000000000
58446  -55.567  -24.069  30.757 0.0000000000
147004  -55.007  -25.961  29.108 0.0000000000
56390  -54.918  -25.565  28.560 0.0000000000
57397  -53.722  -24.744  27.121 0.0000000000
57385  -54.513  -24.736  27.406 0.0000000000
58532  -54.681  -23.908  26.568 0.0000000000
131236  -57.220  -23.650  27.129 0.0000000000
133623  -56.414  -23.385  26.619 0.0000000000
59734  -55.606  -22.078  24.226 0.0000000000
66026  -58.805  -16.765  28.157 0.0000000000
65090  -58.456  -17.609  27.801 0.0000000000
64151  -58.978  -18.321  27.619 0.0000000000
63099  -59.533  -19.200  27.812 0.0000000000
61942  -60.192  -20.144  28.134 0.0000000000
59696  -62.163  -22.261  26.707 0.0000000000
59674  -61.634  -22.047  27.424 0.0000000000
139927  -21.673  -40.190  52.178 0.0000000000
40317  -23.488  -40.945  49.501 0.0000000000
40334  -22.660  -40.349  48.394 0.0000000000
40353  -21.711  -39.705  47.015 0.0000000000
40377  -22.336  -39.884  46.431 0.0000000000
134304  -22.838  -39.950  45.777 0.0000000000
40321  -27.663  -40.373  49.158 0.0000000000
40340  -28.282  -40.216  48.650 0.0000000000
130135  -27.983  -40.157  47.915 0.0000000000
144525  -28.266  -39.644  43.199 0.0000000000
154052  -27.995  -39.671  43.890 0.0000000000
41592  -26.815  -39.415  42.683 0.0000000000
41590  -24.950  -39.507  42.827 0.0000000000
40480  -25.502  -40.326  40.821 0.0000000000
38278  -25.965  -41.712  40.472 0.0000000000
38279  -26.751  -42.137  40.417 0.0000000000
37197  -27.584  -42.675  40.472 0.0000000000
39272  -39.303  -42.588  50.025 0.0000000000
39261  -38.588  -43.008  50.401 0.0000000000
38182  -39.069  -43.529  50.074 0.0000000000
37108  -39.419  -43.936  49.432 0.0000000000
39318  -40.621  -41.758  45.573 0.0000000000
39317  -39.677  -41.555  46.403 0.0000000000
39327  -38.816  -40.864  45.804 0.0000000000
40458  -37.052  -40.711  44.116 0.0000000000
138346  -38.068  -44.001  43.104 0.0000000000
44860  -48.679  -37.114  37.104 0.0000000000
44868  -48.891  -37.154  36.529 0.0000000000
43750  -49.532  -37.298  37.749 0.0000000000
44861  -50.785  -36.658  38.229 0.0000000000
44856  -51.246  -36.202  38.621 0.0000000000
45876  -51.200  -35.614  40.245 0.0000000000
45888  -51.401  -35.633  39.758 0.0000000000
46835  -51.520  -34.952  39.234 0.0000000000
135482  -51.437  -34.242  39.232 0.0000000000
47726  -51.494  -33.428  39.118 0.0000000000
48666  -51.509  -32.536  39.111 0.0000000000
47633  -47.627  -33.521  45.043 0.0000000000
46759  -47.869  -35.135  43.516 0.0000000000
141830  -48.560  -35.651  44.015 0.0000000000
47700  -46.852  -33.637  40.024 0.0000000000
152770  -46.545  -33.350  39.514 0.0000000000
47701  -47.297  -34.235  39.871 0.0000000000
144123  -47.455  -34.797  39.378 0.0000000000
45886  -47.732  -35.711  39.088 0.0000000000
45874  -48.510  -36.645  40.560 0.0000000000
45887  -48.306  -36.521  39.522 0.0000000000
45896  -48.284  -36.480  38.508 0.0000000000
44854  -48.777  -37.004  38.075 0.0000000000
145420  -48.845  -24.137  22.817 0.0000000000
39225  -33.071  -41.250  53.122 0.0000000000
39241  -32.735  -41.068  52.440 0.0000000000
129419  -33.669  -41.548  52.549 0.0000000000
39242  -34.222  -41.897  51.752 0.0000000000
38164  -34.848  -42.058  51.949 0.0000000000
39259  -34.435  -42.042  50.894 0.0000000000
38188  -35.176  -42.277  49.095 0.0000000000
47807  -48.485  -33.417  32.045 0.0000000000
48784  -47.998  -33.276  30.876 0.0000000000
48770  -48.228  -32.977  31.539 0.0000000000
48769  -47.851  -32.552  31.115 0.0000000000
133654  -47.510  -32.067  30.724 0.0000000000
49832  -47.891  -31.487  33.164 0.0000000000
49859  -47.124  -31.472  31.163 0.0000000000
51059  -46.483  -30.937  30.824 0.0000000000
51058  -45.802  -30.332  30.466 0.0000000000
136803  -45.479  -30.076  30.022 0.0000000000
52202  -45.416  -29.475  30.339 0.0000000000
52194  -45.679  -29.639  30.981 0.0000000000
53311  -46.121  -28.500  31.434 0.0000000000
54355  -46.800  -27.986  31.814 0.0000000000
53299  -47.024  -28.234  32.618 0.0000000000
54379  -48.205  -27.337  31.628 0.0000000000
150653  -49.144  -27.165  31.753 0.0000000000
136377  -40.949  -36.327  50.314 0.0000000000
43639  -41.415  -36.940  49.754 0.0000000000
142429  -42.486  -37.225  48.793 0.0000000000
43686  -41.547  -37.838  46.969 0.0000000000
46769  -41.790  -34.288  42.840 0.0000000000
45856  -40.771  -35.011  41.533 0.0000000000
45872  -40.325  -36.298  40.316 0.0000000000
142539  -39.763  -36.943  39.853 0.0000000000
43731  -39.522  -37.194  39.405 0.0000000000
44851  -39.478  -36.935  38.479 0.0000000000
43748  -39.257  -37.180  37.879 0.0000000000
45900  -39.620  -35.972  37.719 0.0000000000
48744  -43.739  -32.022  33.445 0.0000000000
49844  -43.094  -31.931  33.028 0.0000000000
152714  -42.823  -31.373  31.892 0.0000000000
49857  -42.341  -31.400  31.505 0.0000000000
49858  -43.957  -31.615  31.198 0.0000000000
49873  -43.362  -31.613  30.492 0.0000000000
55301  -55.762  -26.282  38.926 0.0000000000
55318  -55.457  -26.190  38.088 0.0000000000
56312  -55.058  -26.214  37.208 0.0000000000
133905  -55.853  -26.679  37.343 0.0000000000
55333  -56.330  -27.127  36.606 0.0000000000
55348  -56.105  -27.431  35.813 0.0000000000
55321  -57.117  -26.491  37.036 0.0000000000
55349  -56.783  -27.346  35.927 0.0000000000
54312  -56.407  -27.640  35.169 0.0000000000
148181  -56.535  -27.649  34.681 0.0000000000
54346  -56.280  -27.661  34.050 0.0000000000
55380  -56.519  -27.266  33.632 0.0000000000
60731  -59.110  -20.960  33.838 0.0000000000
60743  -58.929  -21.202  33.140 0.0000000000
60742  -58.273  -21.648  32.397 0.0000000000
59611  -57.173  -22.105  31.907 0.0000000000
59627  -55.760  -22.562  30.510 0.0000000000
57359  -55.917  -24.650  28.715 0.0000000000
58484  -56.342  -24.080  28.994 0.0000000000
140515  -56.648  -22.270  28.858 0.0000000000
59656  -57.036  -23.264  28.800 0.0000000000
58500  -57.455  -23.766  28.317 0.0000000000
58517  -57.940  -23.585  27.700 0.0000000000
58534  -58.639  -23.211  27.462 0.0000000000
65073  -61.246  -17.357  28.234 0.0000000000
64136  -61.195  -18.323  28.196 0.0000000000
64137  -62.071  -18.787  28.279 0.0000000000
60803  -62.245  -21.087  28.004 0.0000000000
39199  -22.789  -40.977  53.111 0.0000000000
145763  -23.346  -41.195  52.609 0.0000000000
39215  -23.159  -41.022  51.762 0.0000000000
39249  -23.700  -41.144  50.336 0.0000000000
146951  -24.139  -40.859  48.894 0.0000000000
40356  -24.443  -40.404  47.555 0.0000000000
148782  -30.548  -40.163  46.892 0.0000000000
129953  -29.782  -40.064  46.623 0.0000000000
142358  -29.549  -39.836  43.929 0.0000000000
40453  -30.449  -40.094  43.893 0.0000000000
40452  -29.132  -39.694  43.104 0.0000000000
39364  -29.673  -41.008  40.754 0.0000000000
38270  -31.642  -42.452  40.975 0.0000000000
38194  -42.173  -43.206  48.304 0.0000000000
37120  -41.818  -43.611  48.115 0.0000000000
37131  -42.167  -43.548  47.586 0.0000000000
37137  -42.055  -43.479  47.096 0.0000000000
38218  -41.487  -42.606  46.327 0.0000000000
38225  -41.789  -42.440  45.335 0.0000000000
155145  -40.268  -41.368  44.702 0.0000000000
138767  -45.968  -34.171  30.391 0.0000000000
46911  -46.672  -36.111  30.875 0.0000000000
44918  -47.047  -36.622  30.704 0.0000000000
45966  -47.490  -36.182  31.796 0.0000000000
44919  -47.461  -36.377  31.191 0.0000000000
44939  -47.695  -36.422  31.004 0.0000000000
45967  -48.044  -36.105  31.188 0.0000000000
46887  -48.600  -34.473  32.203 0.0000000000
43758  -49.208  -37.006  36.185 0.0000000000
142212  -49.097  -36.763  35.295 0.0000000000
45920  -50.126  -35.572  35.945 0.0000000000
45927  -49.770  -35.100  35.199 0.0000000000
45926  -49.332  -35.651  34.353 0.0000000000
46877  -49.065  -34.950  33.614 0.0000000000
136318  -48.897  -34.379  33.016 0.0000000000
47808  -48.801  -33.419  32.854 0.0000000000
49834  -49.075  -32.215  34.039 0.0000000000
48737  -50.165  -32.477  35.177 0.0000000000
49824  -49.997  -32.067  35.134 0.0000000000
49823  -49.509  -31.708  34.847 0.0000000000
51009  -49.644  -30.893  35.415 0.0000000000
52149  -49.907  -29.944  35.822 0.0000000000
52150  -50.469  -29.371  36.221 0.0000000000
46700  -43.780  -34.299  48.750 0.0000000000
47614  -43.773  -33.400  46.098 0.0000000000
47632  -46.670  -33.406  44.505 0.0000000000
47631  -45.765  -33.466  44.154 0.0000000000
47650  -45.020  -33.539  43.891 0.0000000000
47663  -45.851  -33.590  43.105 0.0000000000
145340  -45.269  -33.540  43.462 0.0000000000
46771  -43.466  -33.642  43.428 0.0000000000
47697  -42.366  -33.031  40.907 0.0000000000
133929  -42.768  -32.499  40.370 0.0000000000
152134  -42.026  -32.781  40.253 0.0000000000
149596  -40.785  -32.654  37.483 0.0000000000
47767  -40.240  -32.806  36.935 0.0000000000
48691  -41.497  -32.312  37.566 0.0000000000
129388  -41.961  -31.876  36.995 0.0000000000
48707  -42.777  -31.679  36.583 0.0000000000
48721  -42.496  -31.713  35.637 0.0000000000
47738  -46.062  -32.885  37.944 0.0000000000
47756  -45.955  -33.067  37.002 0.0000000000
136738  -44.936  -32.685  36.037 0.0000000000
48722  -44.736  -32.475  35.440 0.0000000000
150949  -44.869  -32.588  34.907 0.0000000000
48733  -43.953  -31.940  34.135 0.0000000000
48745  -44.497  -32.242  33.468 0.0000000000
155458  -45.156  -32.596  33.165 0.0000000000
155139  -45.421  -32.660  32.590 0.0000000000
154178  -46.508  -33.934  34.110 0.0000000000
47835  -46.110  -33.592  31.111 0.0000000000
64101  -57.695  -17.863  29.971 0.0000000000
65978  -58.342  -16.768  31.070 0.0000000000
65992  -58.195  -16.626  29.950 0.0000000000
155142  -58.567  -16.042  29.708 0.0000000000
66928  -59.034  -15.531  30.144 0.0000000000
66945  -58.955  -15.725  29.207 0.0000000000
135594  -59.019  -16.077  28.592 0.0000000000
66010  -59.804  -16.394  28.299 0.0000000000
66027  -60.401  -17.037  28.087 0.0000000000
147515  -60.878  -14.122  30.439 0.0000000000
141447  -60.876  -14.566  29.623 0.0000000000
66947  -60.615  -15.723  28.654 0.0000000000
66011  -60.971  -16.512  28.340 0.0000000000
66012  -61.925  -16.888  28.339 0.0000000000
65075  -62.633  -17.336  27.961 0.0000000000
66028  -63.149  -16.837  27.485 0.0000000000
39220  -27.920  -41.490  52.368 0.0000000000
39237  -27.725  -41.163  51.533 0.0000000000
39254  -28.260  -40.881  51.070 0.0000000000
133532  -29.685  -40.948  51.497 0.0000000000
141256  -29.129  -40.408  50.198 0.0000000000
149185  -29.341  -40.244  49.526 0.0000000000
39256  -32.328  -40.776  51.446 0.0000000000
39268  -32.906  -40.769  49.985 0.0000000000
40325  -31.484  -40.311  49.662 0.0000000000
40361  -30.621  -40.121  47.693 0.0000000000
40384  -31.179  -40.351  46.386 0.0000000000
40410  -31.838  -40.569  45.836 0.0000000000
40385  -32.614  -40.912  46.161 0.0000000000
155336  -33.241  -40.616  44.104 0.0000000000
39370  -42.080  -41.441  42.016 0.0000000000
46927  -45.699  -35.926  29.593 0.0000000000
44983  -45.504  -36.905  28.402 0.0000000000
44984  -46.430  -36.573  28.852 0.0000000000
46042  -45.774  -36.483  27.260 0.0000000000
47837  -47.788  -33.631  30.219 0.0000000000
144972  -47.542  -33.940  29.509 0.0000000000
47869  -47.172  -34.315  28.794 0.0000000000
48818  -46.515  -32.591  28.589 0.0000000000
47868  -46.681  -33.531  28.287 0.0000000000
154849  -46.261  -34.743  27.389 0.0000000000
138729  -45.918  -27.284  29.660 0.0000000000
138687  -48.254  -26.890  27.140 0.0000000000
55466  -48.233  -26.649  26.461 0.0000000000
144062  -48.818  -26.385  26.337 0.0000000000
55467  -49.468  -26.399  26.548 0.0000000000
55468  -50.212  -26.378  26.760 0.0000000000
41521  -36.262  -39.671  51.958 0.0000000000
145916  -36.435  -40.538  51.551 0.0000000000
41522  -36.688  -39.665  51.286 0.0000000000
40327  -37.708  -40.830  49.916 0.0000000000
42623  -37.895  -38.959  49.616 0.0000000000
149535  -38.232  -39.843  49.207 0.0000000000
141925  -38.653  -41.157  49.506 0.0000000000
39274  -41.075  -42.431  49.131 0.0000000000
43659  -40.764  -37.552  49.477 0.0000000000
41546  -40.774  -39.686  48.878 0.0000000000
42632  -41.906  -38.934  48.744 0.0000000000
41547  -41.709  -39.777  48.827 0.0000000000
40346  -41.220  -40.583  48.953 0.0000000000
39282  -41.697  -41.676  48.863 0.0000000000
38185  -41.657  -42.815  48.803 0.0000000000
38195  -42.882  -42.852  47.817 0.0000000000
39319  -43.657  -42.130  46.273 0.0000000000
40417  -43.600  -41.494  45.840 0.0000000000
39330  -43.765  -42.076  45.386 0.0000000000
39339  -43.692  -42.074  44.520 0.0000000000
40460  -43.385  -41.381  43.153 0.0000000000
40475  -43.049  -41.125  42.497 0.0000000000
45783  -43.432  -34.827  48.474 0.0000000000
141950  -42.698  -35.704  47.805 0.0000000000
43693  -40.933  -37.708  45.984 0.0000000000
44790  -40.675  -36.447  43.874 0.0000000000
142626  -40.994  -38.612  45.486 0.0000000000
42642  -41.273  -38.970  44.501 0.0000000000
153353  -41.960  -39.531  44.606 0.0000000000
41581  -42.250  -39.609  43.777 0.0000000000
41593  -42.049  -39.273  42.735 0.0000000000
133172  -42.783  -40.092  42.991 0.0000000000
41604  -42.749  -40.436  42.499 0.0000000000
142194  -42.573  -41.038  42.118 0.0000000000
136697  -48.950  -33.102  42.292 0.0000000000
49741  -48.424  -32.397  42.456 0.0000000000
141941  -47.457  -31.093  42.212 0.0000000000
52068  -47.114  -30.353  42.031 0.0000000000
39187  -23.578  -41.237  54.397 0.0000000000
129776  -24.058  -41.619  54.058 0.0000000000
39201  -24.417  -41.701  53.373 0.0000000000
38141  -24.653  -41.864  54.291 0.0000000000
38142  -25.236  -41.920  53.714 0.0000000000
38152  -25.933  -41.926  53.182 0.0000000000
38143  -26.682  -42.030  53.563 0.0000000000
39204  -28.968  -41.669  53.575 0.0000000000
39205  -29.830  -41.648  53.938 0.0000000000
39206  -31.326  -41.267  53.635 0.0000000000
39192  -32.057  -41.018  53.840 0.0000000000
39208  -32.835  -41.087  53.427 0.0000000000
39210  -34.073  -41.483  53.182 0.0000000000
39211  -34.688  -41.203  53.136 0.0000000000
40283  -35.331  -40.653  53.028 0.0000000000
41515  -35.829  -39.889  52.657 0.0000000000
41506  -35.946  -38.917  53.189 0.0000000000
42609  -36.767  -38.860  51.804 0.0000000000
43619  -37.795  -37.633  52.020 0.0000000000
44669  -39.960  -36.375  50.716 0.0000000000
45735  -39.458  -35.678  52.111 0.0000000000
44649  -41.272  -35.815  50.441 0.0000000000
45738  -42.063  -34.694  50.464 0.0000000000
45749  -42.665  -35.252  49.860 0.0000000000
135553  -43.536  -34.660  49.190 0.0000000000
153803  -43.922  -33.701  49.346 0.0000000000
47582  -44.243  -33.664  48.877 0.0000000000
47583  -44.774  -33.250  48.566 0.0000000000
47605  -46.474  -32.367  46.856 0.0000000000
48578  -47.301  -31.641  46.860 0.0000000000
48586  -47.329  -32.098  46.542 0.0000000000
47607  -48.042  -32.556  45.981 0.0000000000
48595  -49.100  -32.803  45.359 0.0000000000
48600  -49.505  -33.138  44.506 0.0000000000
48612  -49.671  -33.491  44.089 0.0000000000
48620  -49.296  -33.065  43.349 0.0000000000
48631  -48.412  -32.758  41.474 0.0000000000
48642  -48.517  -32.899  40.509 0.0000000000
48662  -48.206  -32.276  39.828 0.0000000000
50941  -46.832  -30.300  39.911 0.0000000000
49765  -48.057  -31.508  39.179 0.0000000000
49766  -48.707  -31.990  39.124 0.0000000000
48682  -49.419  -32.072  38.737 0.0000000000
48683  -50.210  -32.074  38.786 0.0000000000
156255  -50.147  -31.707  38.549 0.0000000000
55296  -47.190  -26.801  38.968 0.0000000000
54266  -47.646  -27.180  37.739 0.0000000000
55298  -48.249  -26.548  38.373 0.0000000000
55315  -48.115  -26.861  37.817 0.0000000000
53232  -47.681  -27.929  37.585 0.0000000000
50985  -48.870  -30.015  37.720 0.0000000000
50970  -49.488  -30.673  37.913 0.0000000000
49768  -50.692  -31.501  39.192 0.0000000000
50956  -51.033  -30.619  39.435 0.0000000000
50957  -51.526  -30.636  39.113 0.0000000000
50971  -51.738  -30.566  38.302 0.0000000000
138034  -51.352  -29.333  39.414 0.0000000000
52119  -51.691  -29.858  38.987 0.0000000000
144020  -51.571  -30.138  37.479 0.0000000000
52139  -51.425  -29.420  37.126 0.0000000000
52138  -50.958  -29.610  36.586 0.0000000000
53255  -50.949  -28.823  36.597 0.0000000000
54238  -51.723  -27.012  40.096 0.0000000000
55300  -52.460  -26.367  39.167 0.0000000000
54270  -52.067  -26.983  38.812 0.0000000000
54281  -51.606  -27.966  37.372 0.0000000000
144765  -51.225  -28.142  36.775 0.0000000000
53265  -50.328  -28.571  36.079 0.0000000000
131630  -50.152  -27.873  35.752 0.0000000000
54309  -49.790  -27.530  35.187 0.0000000000
54326  -49.404  -27.191  34.493 0.0000000000
55343  -50.909  -26.548  35.094 0.0000000000
55358  -49.929  -26.655  33.961 0.0000000000
55374  -49.836  -26.771  33.079 0.0000000000
55388  -49.857  -26.895  32.164 0.0000000000
147913  -50.004  -27.031  31.374 0.0000000000
55331  -54.626  -26.257  36.306 0.0000000000
55346  -54.245  -26.377  35.395 0.0000000000
55361  -52.918  -26.227  34.292 0.0000000000
55379  -54.550  -27.350  33.902 0.0000000000
55377  -53.094  -26.714  33.347 0.0000000000
55390  -51.417  -26.639  32.686 0.0000000000
54359  -50.640  -27.034  31.565 0.0000000000
54380  -50.577  -27.280  30.854 0.0000000000
54400  -50.354  -27.337  30.213 0.0000000000
54419  -50.800  -27.249  29.400 0.0000000000
54420  -51.690  -27.268  29.878 0.0000000000
54434  -50.398  -27.223  28.767 0.0000000000
55442  -50.770  -26.948  28.298 0.0000000000
55469  -50.943  -26.100  27.072 0.0000000000
56336  -57.649  -26.206  34.792 0.0000000000
55393  -56.706  -26.762  33.269 0.0000000000
55392  -56.215  -27.114  32.636 0.0000000000
58425  -58.106  -23.357  33.008 0.0000000000
57325  -57.626  -24.244  33.155 0.0000000000
57332  -56.464  -24.635  32.283 0.0000000000
57324  -57.106  -25.166  32.958 0.0000000000
137085  -56.544  -25.766  32.417 0.0000000000
55404  -55.807  -27.140  31.858 0.0000000000
54405  -55.031  -27.127  30.772 0.0000000000
54423  -54.338  -26.966  29.920 0.0000000000
55429  -54.100  -26.681  29.528 0.0000000000
55446  -54.563  -26.200  29.140 0.0000000000
55445  -53.864  -26.176  28.961 0.0000000000
55444  -52.975  -26.063  28.685 0.0000000000
55457  -52.087  -26.140  28.263 0.0000000000
56396  -51.762  -25.794  27.453 0.0000000000
56419  -51.093  -25.364  25.924 0.0000000000
57407  -51.046  -24.932  25.380 0.0000000000
58542  -51.720  -24.413  25.337 0.0000000000
58543  -52.465  -23.884  25.394 0.0000000000
58558  -51.784  -23.602  24.686 0.0000000000
130692  -51.553  -23.094  23.991 0.0000000000
59743  -51.842  -22.776  23.463 0.0000000000
57399  -55.756  -24.334  27.442 0.0000000000
58545  -54.803  -23.255  25.991 0.0000000000
58546  -55.670  -22.940  25.995 0.0000000000
59714  -54.046  -22.887  25.312 0.0000000000
142374  -53.654  -22.305  23.987 0.0000000000
145779  -57.402  -18.333  29.138 0.0000000000
152815  -57.297  -19.162  28.633 0.0000000000
63071  -57.465  -19.575  28.118 0.0000000000
64150  -58.094  -18.381  27.682 0.0000000000
61940  -57.989  -19.913  27.728 0.0000000000
59658  -58.751  -22.852  28.191 0.0000000000
59694  -58.905  -22.952  26.933 0.0000000000
63072  -61.227  -19.999  28.304 0.0000000000
61921  -60.945  -20.956  28.376 0.0000000000
60801  -60.731  -21.746  28.252 0.0000000000
59673  -60.899  -22.299  27.649 0.0000000000
59660  -60.558  -22.170  28.097 0.0000000000
59672  -60.093  -22.548  27.753 0.0000000000
58519  -59.490  -22.820  27.430 0.0000000000
59719  -58.603  -22.515  26.146 0.0000000000
40288  -22.191  -40.614  52.713 0.0000000000
40293  -21.799  -40.324  51.347 0.0000000000
136772  -22.110  -40.248  49.744 0.0000000000
40375  -20.182  -39.714  45.795 0.0000000000
149958  -21.502  -39.540  46.161 0.0000000000
40376  -21.005  -39.560  45.539 0.0000000000
39236  -26.942  -41.128  51.188 0.0000000000
39252  -26.828  -40.789  50.291 0.0000000000
40320  -26.381  -40.673  49.517 0.0000000000
40338  -26.854  -40.441  48.775 0.0000000000
143223  -25.922  -40.584  48.868 0.0000000000
40337  -25.428  -40.583  48.369 0.0000000000
40357  -25.280  -40.439  47.678 0.0000000000
40379  -24.984  -40.238  46.887 0.0000000000
40383  -28.899  -40.087  46.480 0.0000000000
40382  -27.999  -40.098  46.509 0.0000000000
131032  -27.422  -40.021  45.938 0.0000000000
143789  -27.377  -39.708  44.267 0.0000000000
40405  -26.849  -39.934  45.507 0.0000000000
131033  -25.535  -40.068  46.152 0.0000000000
40402  -24.610  -40.054  46.084 0.0000000000
149166  -24.188  -39.884  45.409 0.0000000000
40426  -24.131  -39.741  44.530 0.0000000000
40425  -23.058  -39.674  44.247 0.0000000000
133417  -24.025  -39.778  42.831 0.0000000000
154790  -22.838  -39.816  43.583 0.0000000000
40298  -36.656  -41.462  51.299 0.0000000000
39244  -36.886  -42.354  51.106 0.0000000000
38174  -36.886  -43.136  50.751 0.0000000000
38176  -38.264  -43.470  50.330 0.0000000000
37096  -37.338  -43.504  50.280 0.0000000000
37095  -36.633  -43.205  50.381 0.0000000000
38181  -36.633  -43.237  49.528 0.0000000000
38189  -35.946  -42.779  48.818 0.0000000000
38204  -36.072  -42.584  47.993 0.0000000000
38206  -38.807  -43.060  47.885 0.0000000000
38216  -39.149  -42.290  47.315 0.0000000000
38205  -37.144  -42.660  47.961 0.0000000000
39296  -35.420  -41.994  47.408 0.0000000000
40413  -35.714  -40.668  45.153 0.0000000000
40412  -34.994  -40.725  45.099 0.0000000000
133357  -34.370  -40.889  43.626 0.0000000000
39344  -34.341  -41.255  42.938 0.0000000000
38260  -42.204  -42.392  42.893 0.0000000000
37160  -41.282  -42.538  42.620 0.0000000000
38233  -41.258  -42.522  43.154 0.0000000000
39347  -39.446  -41.589  43.635 0.0000000000
39346  -36.882  -41.272  43.461 0.0000000000
38243  -36.673  -41.972  43.123 0.0000000000
130155  -36.016  -41.508  43.255 0.0000000000
38257  -33.776  -42.177  42.067 0.0000000000
37097  -37.897  -43.688  50.169 0.0000000000
37109  -40.180  -43.795  49.149 0.0000000000
37115  -37.336  -43.603  49.383 0.0000000000
38175  -37.523  -43.300  50.525 0.0000000000
38209  -43.224  -43.286  47.178 0.0000000000
38210  -43.524  -42.834  46.636 0.0000000000
38235  -43.171  -42.851  44.459 0.0000000000
38281  -29.182  -42.381  40.412 0.0000000000
39375  -26.619  -41.347  40.316 0.0000000000
43713  -50.106  -37.360  41.477 0.0000000000
43726  -49.571  -37.458  40.286 0.0000000000
43728  -50.371  -37.304  41.086 0.0000000000
43734  -49.921  -37.583  39.834 0.0000000000
43740  -49.670  -37.420  38.752 0.0000000000
43749  -49.082  -37.272  37.216 0.0000000000
43759  -49.341  -37.184  36.987 0.0000000000
43760  -49.870  -37.126  37.473 0.0000000000
44812  -49.427  -36.783  43.322 0.0000000000
44813  -49.982  -37.111  43.191 0.0000000000
44814  -50.242  -37.001  42.769 0.0000000000
44823  -49.633  -37.217  41.715 0.0000000000
44840  -49.208  -37.237  40.876 0.0000000000
44841  -50.732  -37.055  40.910 0.0000000000
44850  -51.252  -36.304  39.522 0.0000000000
44853  -48.224  -36.589  37.512 0.0000000000
44938  -47.421  -36.597  30.545 0.0000000000
44985  -47.021  -36.578  29.405 0.0000000000
45839  -50.148  -36.107  43.467 0.0000000000
45849  -50.424  -36.666  42.339 0.0000000000
45897  -51.468  -35.599  39.013 0.0000000000
45918  -47.578  -36.352  35.312 0.0000000000
45924  -47.439  -35.820  34.272 0.0000000000
45938  -47.667  -36.169  33.396 0.0000000000
45939  -48.483  -36.192  32.886 0.0000000000
45952  -47.630  -36.195  32.565 0.0000000000
46000  -47.382  -36.147  29.467 0.0000000000
46852  -46.977  -34.463  36.999 0.0000000000
46854  -50.793  -35.025  36.560 0.0000000000
47703  -49.742  -34.052  40.702 0.0000000000
47740  -51.598  -34.349  38.701 0.0000000000
47770  -51.403  -33.388  36.691 0.0000000000
48641  -47.970  -32.298  40.688 0.0000000000
48663  -48.980  -32.774  39.564 0.0000000000
48837  -45.617  -32.477  27.543 0.0000000000
49769  -51.466  -31.527  39.147 0.0000000000
49780  -48.763  -31.594  38.130 0.0000000000
49781  -51.802  -31.450  38.819 0.0000000000
49846  -47.675  -31.621  32.431 0.0000000000
49847  -48.157  -32.134  32.529 0.0000000000
49897  -46.712  -31.766  29.673 0.0000000000
50954  -47.553  -30.705  38.921 0.0000000000
50955  -50.141  -31.025  38.998 0.0000000000
50984  -48.253  -30.041  37.567 0.0000000000
50986  -51.623  -30.857  37.346 0.0000000000
52117  -47.343  -29.532  37.793 0.0000000000
52128  -48.325  -29.462  37.585 0.0000000000
52129  -48.764  -29.129  37.830 0.0000000000
52185  -46.355  -29.427  32.495 0.0000000000
53180  -46.601  -28.242  41.244 0.0000000000
53231  -47.104  -27.887  37.840 0.0000000000
53245  -48.161  -28.567  37.572 0.0000000000
53310  -45.638  -28.949  30.963 0.0000000000
54252  -46.765  -27.373  39.330 0.0000000000
54265  -47.049  -27.114  38.230 0.0000000000
54280  -48.169  -27.513  37.674 0.0000000000
54360  -51.406  -27.068  31.816 0.0000000000
54361  -53.984  -27.573  32.198 0.0000000000
55281  -47.403  -26.235  39.235 0.0000000000
55302  -56.016  -26.319  39.073 0.0000000000
55365  -56.839  -27.398  34.469 0.0000000000
55378  -53.727  -26.800  33.788 0.0000000000
55417  -55.150  -26.661  30.328 0.0000000000
55453  -48.996  -26.895  27.494 0.0000000000
56284  -56.466  -26.091  39.048 0.0000000000
56310  -52.990  -25.892  36.966 0.0000000000
56360  -56.541  -26.496  32.665 0.0000000000
57358  -55.587  -25.057  29.463 0.0000000000
57427  -48.999  -24.084  23.354 0.0000000000
58499  -56.630  -24.260  28.266 0.0000000000
59558  -59.362  -22.214  34.931 0.0000000000
59731  -52.331  -22.862  24.163 0.0000000000
63097  -57.859  -19.095  27.772 0.0000000000
65072  -58.017  -17.224  28.354 0.0000000000
65093  -63.261  -17.702  27.446 0.0000000000
129299  -53.011  -22.438  23.781 0.0000000000
131249  -46.203  -31.330  29.403 0.0000000000
133328  -51.205  -33.317  39.197 0.0000000000
133374  -53.090  -24.608  26.567 0.0000000000
133594  -50.428  -36.737  37.559 0.0000000000
135555  -46.614  -28.753  39.548 0.0000000000
135964  -61.482  -19.198  28.294 0.0000000000
136215  -54.846  -27.384  31.265 0.0000000000
143077  -23.621  -39.747  43.626 0.0000000000
144865  -47.707  -31.845  40.098 0.0000000000
145723  -44.708  -32.288  39.804 0.0000000000
146402  -49.257  -35.730  44.115 0.0000000000
147382  -59.992  -22.644  26.845 0.0000000000
147564  -50.974  -32.066  39.206 0.0000000000
147807  -39.092  -43.768  48.451 0.0000000000
148267  -48.696  -29.000  35.062 0.0000000000
148385  -22.384  -40.586  51.923 0.0000000000
148410  -50.303  -36.562  43.032 0.0000000000
149149  -23.154  -40.007  42.954 0.0000000000
149621  -59.390  -22.444  34.094 0.0000000000
150789  -60.060  -22.058  28.310 0.0000000000
152091  -50.542  -31.401  35.868 0.0000000000
153638  -48.349  -34.564  44.339 0.0000000000
153914  -49.993  -34.061  39.987 0.0000000000
154739  -52.261  -25.351  27.066 0.0000000000
154787  -46.883  -36.584  30.756 0.0000000000
155899  -47.946  -32.181  41.461 0.0000000000
156137  -47.636  -35.295  39.690 0.0000000000
