#!ascii label  , from subject sub125 vox2ras=TkReg
2184
53085  -37.076  -27.906  48.568 0.0000000000
70949  -52.881  -10.543  33.014 0.0000000000
68738  -40.259  -13.368  39.900 0.0000000000
50800  -7.684  -30.944  49.246 0.0000000000
51917  -22.868  -28.730  52.227 0.0000000000
58234  -8.705  -23.168  49.338 0.0000000000
59320  -7.264  -21.929  58.877 0.0000000000
69827  -48.019  -12.461  37.121 0.0000000000
61796  -7.045  -20.060  37.795 0.0000000000
51835  -2.484  -30.431  59.059 0.0000000000
141067  -39.100  -25.538  40.067 0.0000000000
129939  -31.921  -30.281  46.726 0.0000000000
49587  -29.649  -30.152  50.333 0.0000000000
75135  -54.390  -7.517  30.556 0.0000000000
69807  -44.360  -12.248  38.715 0.0000000000
54148  -17.070  -27.161  50.286 0.0000000000
65856  -8.540  -16.847  42.595 0.0000000000
131938  -13.075  -27.037  48.767 0.0000000000
54192  -8.517  -26.842  44.899 0.0000000000
47640  -8.955  -33.180  43.945 0.0000000000
149110  -12.118  -27.392  62.872 0.0000000000
57050  -7.921  -24.325  65.435 0.0000000000
64951  -39.918  -16.813  41.331 0.0000000000
53028  -28.429  -27.939  54.491 0.0000000000
50805  -24.048  -29.405  47.721 0.0000000000
58199  -7.540  -23.273  53.308 0.0000000000
56150  -10.758  -26.026  55.004 0.0000000000
67789  -51.079  -13.707  35.471 0.0000000000
52961  -13.366  -28.012  59.088 0.0000000000
141424  -15.202  -28.029  54.943 0.0000000000
153098  -10.905  -21.221  43.708 0.0000000000
57241  -5.848  -24.563  41.002 0.0000000000
63794  -9.866  -18.257  62.815 0.0000000000
57089  -9.133  -24.850  60.901 0.0000000000
53030  -4.960  -29.727  54.505 0.0000000000
54177  -37.967  -26.375  46.881 0.0000000000
52007  -36.075  -27.441  45.516 0.0000000000
155717  -37.547  -26.934  44.276 0.0000000000
50825  -34.487  -30.004  47.495 0.0000000000
50896  -34.235  -28.719  44.531 0.0000000000
49614  -33.538  -30.829  49.480 0.0000000000
73058  -53.789  -9.087  31.611 0.0000000000
68838  -50.618  -12.223  31.406 0.0000000000
70970  -51.565  -10.399  30.238 0.0000000000
73085  -51.964  -9.011  28.820 0.0000000000
69775  -42.103  -11.938  40.238 0.0000000000
65902  -39.072  -15.789  37.949 0.0000000000
67770  -39.846  -13.737  37.143 0.0000000000
68770  -41.867  -12.912  36.268 0.0000000000
50785  -10.419  -30.013  48.960 0.0000000000
50832  -11.824  -30.429  46.106 0.0000000000
48579  -9.136  -33.157  46.862 0.0000000000
44757  -7.669  -36.328  44.924 0.0000000000
46704  -6.700  -34.201  47.508 0.0000000000
50674  -10.673  -29.475  59.663 0.0000000000
51819  -9.202  -28.699  61.860 0.0000000000
62899  -40.134  -18.743  42.321 0.0000000000
59459  -38.379  -23.053  42.563 0.0000000000
58302  -36.589  -23.652  40.036 0.0000000000
60623  -37.370  -20.975  41.795 0.0000000000
62927  -37.738  -18.918  41.088 0.0000000000
53000  -31.046  -28.524  56.384 0.0000000000
50824  -28.761  -29.523  47.586 0.0000000000
49608  -26.452  -30.248  49.453 0.0000000000
77129  -53.902  -5.172  27.147 0.0000000000
78054  -55.379  -3.967  26.056 0.0000000000
147389  -7.011  -22.890  56.239 0.0000000000
58193  -10.646  -23.627  54.598 0.0000000000
58167  -10.782  -23.621  57.242 0.0000000000
68776  -50.179  -13.306  36.665 0.0000000000
68808  -45.655  -13.483  34.773 0.0000000000
67798  -47.094  -14.306  34.531 0.0000000000
65926  -48.442  -15.001  33.366 0.0000000000
148899  -15.075  -25.905  61.319 0.0000000000
54044  -16.633  -26.387  59.714 0.0000000000
61704  -6.481  -21.084  46.947 0.0000000000
61714  -8.010  -20.802  44.837 0.0000000000
60566  -10.543  -21.594  46.118 0.0000000000
52012  -6.035  -29.296  44.048 0.0000000000
56220  -6.876  -26.075  43.818 0.0000000000
54218  -4.839  -27.267  42.668 0.0000000000
63791  -12.020  -18.574  64.027 0.0000000000
54012  -6.345  -27.924  62.768 0.0000000000
57069  -7.726  -24.273  63.778 0.0000000000
131532  -6.047  -26.998  60.476 0.0000000000
54067  -6.548  -27.944  57.891 0.0000000000
52989  -3.836  -29.335  56.652 0.0000000000
56231  -37.982  -25.234  43.372 0.0000000000
50715  -31.533  -29.695  53.972 0.0000000000
148326  -32.616  -30.668  51.534 0.0000000000
49654  -30.995  -30.417  48.089 0.0000000000
77089  -55.793  -5.707  30.691 0.0000000000
135020  -53.026  -7.043  28.329 0.0000000000
136060  -45.967  -13.211  38.730 0.0000000000
69858  -43.827  -12.613  35.895 0.0000000000
148150  -21.215  -26.306  48.998 0.0000000000
56158  -20.214  -25.586  51.643 0.0000000000
63980  -6.376  -18.501  41.213 0.0000000000
55197  -10.430  -25.965  49.102 0.0000000000
57180  -9.907  -24.987  47.310 0.0000000000
54183  -11.712  -27.307  46.233 0.0000000000
150545  -9.660  -29.610  43.858 0.0000000000
138620  -6.467  -32.333  43.525 0.0000000000
56082  -12.867  -24.869  64.984 0.0000000000
59285  -11.114  -22.510  66.487 0.0000000000
54002  -10.533  -26.477  65.214 0.0000000000
51812  -7.211  -29.083  62.998 0.0000000000
66814  -39.660  -14.632  40.915 0.0000000000
64960  -38.211  -17.317  39.537 0.0000000000
131688  -24.786  -29.649  53.320 0.0000000000
50744  -29.094  -29.981  52.465 0.0000000000
49564  -25.247  -30.396  50.994 0.0000000000
50770  -23.398  -29.012  50.519 0.0000000000
60535  -5.893  -21.737  49.146 0.0000000000
59378  -5.373  -22.662  51.428 0.0000000000
57148  -7.835  -24.505  51.279 0.0000000000
57142  -10.835  -24.792  51.727 0.0000000000
54124  -12.203  -26.897  52.037 0.0000000000
53055  -9.651  -28.617  51.784 0.0000000000
69870  -52.252  -12.448  34.872 0.0000000000
66895  -49.448  -14.255  32.087 0.0000000000
56091  -14.336  -25.769  63.377 0.0000000000
52946  -13.067  -27.794  60.931 0.0000000000
50681  -11.404  -29.922  58.011 0.0000000000
133641  -18.875  -25.888  53.814 0.0000000000
55123  -17.806  -26.265  56.198 0.0000000000
151978  -17.273  -26.416  58.373 0.0000000000
52982  -14.409  -28.245  56.950 0.0000000000
50695  -12.522  -30.439  55.538 0.0000000000
64903  -8.143  -17.652  44.997 0.0000000000
135393  -7.763  -19.819  43.138 0.0000000000
61775  -9.414  -20.530  40.566 0.0000000000
57201  -10.467  -24.440  44.956 0.0000000000
58287  -9.468  -23.747  40.951 0.0000000000
58314  -7.968  -23.035  39.161 0.0000000000
61564  -8.473  -20.123  61.455 0.0000000000
60464  -9.753  -21.120  65.632 0.0000000000
58135  -10.616  -22.325  62.582 0.0000000000
135799  -10.706  -22.282  60.103 0.0000000000
56131  -10.031  -25.887  57.776 0.0000000000
53020  -8.051  -28.676  54.629 0.0000000000
149992  -5.765  -30.162  51.148 0.0000000000
47528  -2.305  -33.296  56.034 0.0000000000
48515  -2.943  -32.663  54.612 0.0000000000
48547  -4.670  -32.583  49.127 0.0000000000
54176  -37.589  -26.757  47.367 0.0000000000
53076  -37.564  -27.560  49.305 0.0000000000
51993  -36.120  -27.548  46.765 0.0000000000
53105  -37.219  -26.650  46.316 0.0000000000
51982  -36.099  -28.957  47.995 0.0000000000
50861  -35.193  -28.750  46.876 0.0000000000
51972  -36.640  -28.635  48.933 0.0000000000
50809  -35.325  -29.795  48.715 0.0000000000
71926  -53.287  -9.930  32.563 0.0000000000
69882  -51.780  -11.522  32.072 0.0000000000
69901  -50.636  -11.233  30.260 0.0000000000
71928  -52.455  -10.328  31.477 0.0000000000
71935  -52.830  -9.602  31.058 0.0000000000
148521  -41.129  -12.154  39.611 0.0000000000
69776  -42.539  -12.296  41.047 0.0000000000
69757  -41.602  -12.426  41.281 0.0000000000
67760  -39.558  -14.203  37.746 0.0000000000
68744  -40.340  -13.385  39.083 0.0000000000
68745  -40.722  -12.704  38.739 0.0000000000
50801  -8.742  -30.816  48.792 0.0000000000
50815  -10.030  -31.042  47.868 0.0000000000
49645  -8.759  -31.876  47.842 0.0000000000
47597  -7.859  -34.095  47.283 0.0000000000
48568  -6.552  -33.085  48.180 0.0000000000
49519  -10.140  -30.909  58.422 0.0000000000
50676  -9.487  -30.475  59.477 0.0000000000
60613  -38.568  -21.278  43.492 0.0000000000
59458  -37.820  -22.632  42.215 0.0000000000
60612  -38.292  -21.000  43.182 0.0000000000
135157  -38.463  -19.784  42.453 0.0000000000
77119  -54.972  -4.978  28.327 0.0000000000
78053  -54.642  -4.449  26.552 0.0000000000
78982  -56.636  -3.469  26.584 0.0000000000
59345  -7.403  -22.600  57.250 0.0000000000
59354  -9.404  -23.032  56.735 0.0000000000
59334  -8.901  -22.309  58.377 0.0000000000
68756  -49.346  -12.904  37.073 0.0000000000
68746  -50.328  -12.781  38.177 0.0000000000
139302  -46.941  -13.227  36.225 0.0000000000
67797  -46.294  -14.362  34.517 0.0000000000
68795  -47.391  -13.344  35.629 0.0000000000
67786  -48.736  -13.725  34.946 0.0000000000
54022  -17.564  -26.943  61.566 0.0000000000
138338  -17.841  -26.761  60.572 0.0000000000
50722  -23.163  -29.587  54.000 0.0000000000
53038  -22.049  -28.309  53.761 0.0000000000
62954  -5.515  -19.064  38.338 0.0000000000
60544  -7.421  -21.836  48.174 0.0000000000
60555  -8.986  -21.660  47.237 0.0000000000
59406  -9.632  -22.211  47.866 0.0000000000
52029  -4.878  -29.781  43.735 0.0000000000
52010  -5.155  -28.142  43.762 0.0000000000
130461  -4.579  -29.066  42.372 0.0000000000
64751  -12.619  -17.425  63.143 0.0000000000
62665  -12.743  -19.850  64.862 0.0000000000
52953  -4.465  -28.890  60.382 0.0000000000
55082  -5.879  -27.246  61.253 0.0000000000
54049  -4.181  -28.695  59.518 0.0000000000
52971  -3.972  -28.192  58.126 0.0000000000
51852  -3.544  -30.105  57.934 0.0000000000
56215  -38.395  -25.857  45.583 0.0000000000
55248  -37.717  -26.710  44.369 0.0000000000
57203  -38.381  -24.565  44.578 0.0000000000
58277  -38.377  -23.647  44.077 0.0000000000
49657  -32.813  -30.463  47.568 0.0000000000
129941  -32.177  -30.564  48.445 0.0000000000
131364  -31.398  -30.412  47.386 0.0000000000
150677  -30.346  -30.159  47.060 0.0000000000
76126  -55.421  -6.392  30.892 0.0000000000
74150  -53.759  -7.880  30.169 0.0000000000
74158  -52.867  -7.703  28.930 0.0000000000
75155  -54.124  -7.182  29.852 0.0000000000
76146  -54.407  -6.428  29.458 0.0000000000
69808  -45.337  -12.736  38.776 0.0000000000
130970  -45.719  -12.683  40.140 0.0000000000
130971  -45.026  -12.879  40.400 0.0000000000
69822  -42.495  -12.467  37.284 0.0000000000
69857  -42.765  -12.894  36.051 0.0000000000
69839  -44.314  -12.366  36.848 0.0000000000
69840  -45.303  -12.757  37.045 0.0000000000
65865  -8.071  -16.618  41.720 0.0000000000
65863  -6.307  -17.121  41.125 0.0000000000
64936  -6.999  -17.589  41.729 0.0000000000
55198  -12.155  -26.046  49.213 0.0000000000
55221  -11.000  -26.567  47.719 0.0000000000
54173  -13.037  -27.303  47.368 0.0000000000
48590  -10.470  -32.292  45.171 0.0000000000
50868  -11.451  -30.584  44.467 0.0000000000
135058  -9.695  -31.487  43.662 0.0000000000
144894  -7.954  -31.266  43.568 0.0000000000
132216  -8.091  -33.099  43.616 0.0000000000
151743  -7.218  -34.363  43.560 0.0000000000
55062  -12.808  -26.130  64.162 0.0000000000
55058  -11.867  -25.934  65.215 0.0000000000
54010  -11.633  -26.931  64.210 0.0000000000
49504  -7.614  -30.559  60.827 0.0000000000
50652  -7.713  -29.132  62.436 0.0000000000
50663  -6.791  -30.152  61.454 0.0000000000
139447  -6.181  -29.815  61.673 0.0000000000
65880  -39.802  -15.759  41.174 0.0000000000
64001  -39.223  -17.968  41.399 0.0000000000
143409  -37.870  -17.827  39.807 0.0000000000
64961  -38.859  -16.914  40.101 0.0000000000
65887  -39.242  -16.182  39.658 0.0000000000
54107  -27.842  -27.116  54.662 0.0000000000
54105  -26.567  -26.898  54.423 0.0000000000
143943  -26.730  -28.258  54.068 0.0000000000
50746  -30.953  -30.202  52.625 0.0000000000
50730  -30.444  -29.916  53.140 0.0000000000
49551  -29.543  -30.093  51.800 0.0000000000
50807  -25.155  -29.813  48.415 0.0000000000
154635  -26.484  -30.076  50.110 0.0000000000
49606  -24.822  -29.965  50.020 0.0000000000
49561  -23.975  -30.137  50.821 0.0000000000
50790  -23.623  -28.982  48.706 0.0000000000
51957  -23.144  -28.005  48.712 0.0000000000
58197  -6.194  -22.641  53.799 0.0000000000
58208  -6.748  -23.160  52.147 0.0000000000
58213  -6.869  -23.354  51.693 0.0000000000
57131  -7.759  -24.190  51.988 0.0000000000
56156  -8.882  -25.123  51.694 0.0000000000
57133  -9.456  -24.375  52.454 0.0000000000
57122  -11.108  -24.716  54.986 0.0000000000
57128  -11.918  -24.940  53.042 0.0000000000
55154  -10.993  -26.676  53.706 0.0000000000
53056  -10.536  -28.500  51.626 0.0000000000
54121  -9.895  -27.773  53.017 0.0000000000
68810  -52.084  -13.064  35.044 0.0000000000
69841  -52.425  -12.586  36.215 0.0000000000
68778  -51.867  -12.940  36.293 0.0000000000
66858  -49.862  -14.217  34.416 0.0000000000
66882  -48.793  -15.216  32.740 0.0000000000
67810  -50.941  -13.917  34.234 0.0000000000
68817  -51.316  -13.482  33.988 0.0000000000
56088  -15.473  -25.063  63.597 0.0000000000
54042  -14.587  -26.551  59.828 0.0000000000
54029  -13.499  -27.105  61.198 0.0000000000
129295  -13.371  -27.799  59.834 0.0000000000
51837  -11.940  -29.034  58.974 0.0000000000
51844  -12.439  -29.047  58.214 0.0000000000
55171  -18.472  -26.146  50.666 0.0000000000
55165  -19.636  -25.707  52.475 0.0000000000
55164  -18.623  -25.938  52.238 0.0000000000
53036  -15.822  -27.631  53.428 0.0000000000
55145  -17.432  -26.120  54.369 0.0000000000
54094  -16.805  -26.625  55.780 0.0000000000
55112  -17.934  -26.356  57.120 0.0000000000
54083  -16.144  -26.954  56.377 0.0000000000
54060  -15.561  -26.791  57.745 0.0000000000
53007  -15.217  -28.066  55.867 0.0000000000
50696  -12.965  -29.845  55.121 0.0000000000
64889  -7.637  -17.629  46.038 0.0000000000
61724  -9.245  -20.682  44.161 0.0000000000
62887  -7.825  -20.121  43.804 0.0000000000
61734  -8.254  -20.468  42.978 0.0000000000
61742  -7.790  -20.066  41.867 0.0000000000
61758  -10.268  -20.858  41.815 0.0000000000
55228  -9.361  -26.045  45.898 0.0000000000
140077  -9.896  -24.989  46.414 0.0000000000
152447  -9.114  -25.458  45.222 0.0000000000
57217  -6.146  -25.037  42.515 0.0000000000
57219  -7.929  -24.697  42.465 0.0000000000
57243  -7.453  -24.222  41.138 0.0000000000
132740  -8.990  -23.482  40.193 0.0000000000
58297  -6.372  -23.871  39.661 0.0000000000
58324  -6.027  -23.751  37.917 0.0000000000
62674  -9.288  -19.087  62.563 0.0000000000
58117  -9.460  -23.379  66.217 0.0000000000
60456  -10.428  -21.084  66.303 0.0000000000
59288  -9.054  -23.039  65.604 0.0000000000
57081  -7.883  -24.980  62.233 0.0000000000
132682  -9.497  -23.164  63.796 0.0000000000
58146  -10.443  -23.753  61.784 0.0000000000
59306  -11.102  -22.435  61.359 0.0000000000
57090  -10.259  -24.510  60.511 0.0000000000
57095  -10.998  -24.302  59.077 0.0000000000
56120  -9.577  -25.454  59.303 0.0000000000
52991  -6.058  -28.989  56.251 0.0000000000
134453  -7.969  -28.142  56.659 0.0000000000
53018  -6.283  -29.317  54.681 0.0000000000
53041  -6.871  -29.502  52.896 0.0000000000
51913  -5.538  -29.986  52.372 0.0000000000
46638  -2.496  -34.865  55.391 0.0000000000
48510  -2.500  -32.759  55.480 0.0000000000
56210  -38.692  -25.560  46.307 0.0000000000
53147  -36.405  -27.904  43.678 0.0000000000
53148  -36.749  -27.782  43.282 0.0000000000
53136  -37.281  -27.109  44.572 0.0000000000
54197  -37.845  -26.402  45.420 0.0000000000
49671  -32.737  -30.338  46.971 0.0000000000
50859  -34.110  -29.598  46.102 0.0000000000
52005  -35.287  -28.337  45.124 0.0000000000
137141  -34.073  -30.461  48.011 0.0000000000
74120  -54.261  -8.508  31.450 0.0000000000
70968  -50.264  -10.887  29.562 0.0000000000
71959  -50.420  -10.159  28.475 0.0000000000
71973  -50.806  -9.707  28.062 0.0000000000
71961  -51.607  -9.631  29.194 0.0000000000
132579  -52.971  -9.135  30.638 0.0000000000
69791  -43.798  -12.319  39.548 0.0000000000
155418  -44.480  -12.863  40.860 0.0000000000
69777  -43.750  -12.866  41.061 0.0000000000
69745  -43.178  -12.396  42.499 0.0000000000
64982  -37.562  -16.567  37.365 0.0000000000
65907  -38.068  -16.079  36.939 0.0000000000
66836  -38.619  -15.264  36.618 0.0000000000
66844  -39.077  -14.462  35.817 0.0000000000
135812  -39.731  -13.628  35.345 0.0000000000
68788  -40.365  -13.305  36.485 0.0000000000
148945  -41.696  -12.352  37.691 0.0000000000
51952  -11.832  -29.227  49.477 0.0000000000
51978  -12.796  -28.928  47.017 0.0000000000
50817  -11.365  -30.328  47.648 0.0000000000
49663  -10.673  -31.578  46.402 0.0000000000
47608  -9.556  -33.412  45.234 0.0000000000
46719  -8.793  -34.830  44.877 0.0000000000
140525  -8.486  -34.552  46.480 0.0000000000
45787  -7.241  -35.714  46.605 0.0000000000
51825  -10.887  -28.658  61.060 0.0000000000
131052  -10.643  -28.115  62.643 0.0000000000
50667  -9.694  -29.546  60.528 0.0000000000
130708  -40.337  -18.061  41.983 0.0000000000
136008  -39.174  -24.149  41.302 0.0000000000
58318  -37.796  -24.684  40.207 0.0000000000
58303  -37.316  -23.795  40.875 0.0000000000
59468  -36.652  -23.029  40.778 0.0000000000
60635  -36.702  -21.263  40.958 0.0000000000
151655  -37.569  -19.553  41.456 0.0000000000
63986  -39.241  -18.679  41.851 0.0000000000
53013  -30.042  -28.836  56.030 0.0000000000
49634  -29.197  -29.986  49.017 0.0000000000
156384  -28.561  -30.244  49.876 0.0000000000
152107  -27.557  -29.870  48.849 0.0000000000
131442  -25.923  -29.570  47.907 0.0000000000
77143  -53.515  -5.311  25.388 0.0000000000
77148  -53.799  -5.185  24.357 0.0000000000
77150  -55.223  -4.795  23.623 0.0000000000
77155  -55.429  -5.018  22.784 0.0000000000
136049  -7.236  -22.784  55.029 0.0000000000
58201  -9.325  -23.666  53.295 0.0000000000
59361  -8.697  -22.753  55.391 0.0000000000
139153  -10.764  -23.917  55.955 0.0000000000
56139  -11.024  -24.829  56.378 0.0000000000
67773  -50.849  -13.433  36.254 0.0000000000
68758  -50.747  -12.962  37.244 0.0000000000
66867  -45.830  -15.498  33.517 0.0000000000
65933  -46.153  -15.894  33.150 0.0000000000
65019  -46.655  -16.320  31.821 0.0000000000
65925  -47.628  -15.216  33.429 0.0000000000
66845  -49.250  -14.060  34.687 0.0000000000
154206  -15.781  -26.203  62.973 0.0000000000
55075  -15.827  -26.283  61.669 0.0000000000
54031  -15.280  -26.024  60.286 0.0000000000
52963  -14.912  -26.666  59.075 0.0000000000
134014  -15.118  -29.118  52.143 0.0000000000
51889  -14.156  -29.116  54.227 0.0000000000
62860  -6.523  -20.332  46.742 0.0000000000
62872  -7.055  -19.664  46.232 0.0000000000
61705  -7.169  -20.771  46.367 0.0000000000
60574  -8.480  -21.075  45.530 0.0000000000
60576  -10.602  -21.387  45.142 0.0000000000
53107  -7.780  -27.408  44.727 0.0000000000
55234  -7.827  -26.460  44.548 0.0000000000
54202  -6.273  -27.032  44.145 0.0000000000
55247  -5.539  -26.680  43.386 0.0000000000
56236  -5.169  -25.798  42.386 0.0000000000
65670  -12.127  -17.114  60.697 0.0000000000
65659  -11.772  -16.914  62.703 0.0000000000
63789  -11.188  -18.520  63.725 0.0000000000
55053  -7.414  -26.190  63.821 0.0000000000
58127  -7.311  -23.862  65.010 0.0000000000
56090  -7.366  -25.644  63.346 0.0000000000
56106  -6.995  -26.120  62.038 0.0000000000
56113  -7.494  -25.822  60.718 0.0000000000
55094  -7.556  -26.631  59.464 0.0000000000
54051  -6.593  -27.543  58.818 0.0000000000
52981  -5.465  -28.330  57.711 0.0000000000
150849  -4.068  -29.632  55.583 0.0000000000
54231  -38.368  -26.818  40.517 0.0000000000
54213  -37.179  -27.484  42.909 0.0000000000
55257  -37.890  -26.232  42.005 0.0000000000
148641  -39.068  -25.435  41.688 0.0000000000
57213  -38.407  -23.612  42.974 0.0000000000
58278  -38.583  -22.666  43.559 0.0000000000
49571  -31.876  -30.589  51.111 0.0000000000
144657  -33.394  -30.804  50.413 0.0000000000
137575  -31.559  -30.510  49.664 0.0000000000
131395  -30.232  -30.211  49.192 0.0000000000
132565  -29.726  -29.956  48.440 0.0000000000
74171  -51.716  -7.907  26.456 0.0000000000
76166  -53.153  -6.501  27.819 0.0000000000
77118  -54.460  -5.743  28.705 0.0000000000
129477  -47.049  -12.757  37.740 0.0000000000
131530  -47.655  -12.365  39.167 0.0000000000
130969  -46.862  -12.416  39.927 0.0000000000
68805  -41.419  -13.054  34.802 0.0000000000
68792  -44.635  -12.740  35.447 0.0000000000
68772  -45.665  -13.072  36.342 0.0000000000
132413  -22.569  -27.798  51.361 0.0000000000
54138  -21.961  -27.257  51.703 0.0000000000
54159  -21.329  -26.216  49.866 0.0000000000
55183  -19.072  -26.011  49.830 0.0000000000
150433  -5.570  -18.126  40.205 0.0000000000
62935  -6.036  -19.489  39.579 0.0000000000
57157  -9.077  -24.754  49.859 0.0000000000
57164  -9.961  -23.976  48.340 0.0000000000
56193  -10.144  -25.407  48.497 0.0000000000
55230  -10.105  -26.479  47.111 0.0000000000
54193  -9.798  -27.203  45.786 0.0000000000
51996  -12.429  -29.162  45.534 0.0000000000
53127  -10.895  -28.499  44.661 0.0000000000
53126  -9.217  -28.175  44.768 0.0000000000
52031  -7.647  -29.741  43.883 0.0000000000
135858  -13.216  -21.650  65.551 0.0000000000
58124  -12.666  -23.375  65.715 0.0000000000
143482  -10.644  -24.562  66.085 0.0000000000
56078  -9.369  -25.516  65.798 0.0000000000
52938  -10.001  -28.174  63.144 0.0000000000
54008  -9.116  -27.494  64.532 0.0000000000
53999  -7.771  -27.073  64.788 0.0000000000
52935  -6.190  -28.272  63.286 0.0000000000
51815  -5.250  -29.321  61.295 0.0000000000
50668  -3.742  -30.955  59.074 0.0000000000
67742  -39.874  -13.795  40.430 0.0000000000
68725  -40.892  -12.804  41.411 0.0000000000
67735  -39.837  -13.982  41.360 0.0000000000
57265  -36.710  -24.525  39.317 0.0000000000
64969  -37.308  -17.251  38.398 0.0000000000
134917  -39.405  -15.454  39.349 0.0000000000
51893  -24.970  -28.680  54.304 0.0000000000
50740  -23.369  -29.548  52.762 0.0000000000
51884  -31.103  -29.091  55.275 0.0000000000
51898  -30.396  -29.029  54.667 0.0000000000
150135  -28.826  -29.260  53.670 0.0000000000
49567  -28.509  -30.062  51.067 0.0000000000
141345  -27.528  -30.052  51.710 0.0000000000
50711  -27.431  -29.543  53.398 0.0000000000
49538  -25.798  -29.693  52.164 0.0000000000
50758  -23.639  -29.961  51.563 0.0000000000
147364  -23.019  -28.656  51.647 0.0000000000
53074  -22.593  -27.341  49.196 0.0000000000
77162  -55.642  -5.035  22.271 0.0000000000
78075  -56.738  -4.475  21.392 0.0000000000
78076  -57.390  -3.830  20.915 0.0000000000
60542  -6.193  -21.474  48.274 0.0000000000
59396  -7.111  -22.192  48.980 0.0000000000
59382  -5.439  -22.436  50.680 0.0000000000
58223  -6.804  -23.026  50.608 0.0000000000
58225  -8.398  -23.894  50.152 0.0000000000
56171  -9.165  -25.291  50.159 0.0000000000
56173  -11.143  -25.539  50.193 0.0000000000
55182  -12.637  -26.089  50.216 0.0000000000
141968  -11.573  -24.439  52.747 0.0000000000
56165  -12.388  -25.490  51.557 0.0000000000
54146  -12.411  -27.375  50.909 0.0000000000
51937  -11.412  -29.002  50.247 0.0000000000
51935  -9.476  -29.544  50.561 0.0000000000
154828  -7.999  -30.011  50.229 0.0000000000
70948  -52.470  -11.304  33.501 0.0000000000
65031  -47.655  -16.361  30.698 0.0000000000
148107  -48.442  -15.113  30.989 0.0000000000
66924  -48.600  -14.428  30.398 0.0000000000
67848  -50.422  -13.071  31.641 0.0000000000
69878  -51.395  -12.219  32.641 0.0000000000
56086  -13.963  -25.203  64.010 0.0000000000
55066  -13.072  -26.367  63.449 0.0000000000
55074  -14.592  -26.072  61.733 0.0000000000
54019  -13.106  -26.797  61.812 0.0000000000
52940  -12.579  -27.063  62.322 0.0000000000
50678  -11.138  -29.617  58.825 0.0000000000
54127  -21.237  -26.717  53.052 0.0000000000
55148  -20.664  -26.816  54.575 0.0000000000
134575  -20.154  -26.571  55.250 0.0000000000
144626  -17.840  -26.023  53.603 0.0000000000
55146  -18.474  -25.998  54.595 0.0000000000
55125  -19.872  -26.673  56.735 0.0000000000
55114  -19.403  -26.658  58.010 0.0000000000
54063  -18.286  -26.508  58.910 0.0000000000
131811  -17.906  -26.580  60.100 0.0000000000
130694  -16.741  -26.401  59.226 0.0000000000
54052  -15.445  -26.630  58.575 0.0000000000
52973  -14.159  -27.960  57.751 0.0000000000
136056  -14.157  -29.042  55.908 0.0000000000
51863  -13.524  -29.383  56.232 0.0000000000
139182  -13.049  -28.748  57.657 0.0000000000
50685  -12.183  -30.116  56.980 0.0000000000
136482  -8.273  -17.347  44.056 0.0000000000
63948  -7.548  -19.205  45.265 0.0000000000
63956  -7.820  -18.967  44.338 0.0000000000
64928  -7.690  -18.010  42.653 0.0000000000
62894  -7.050  -19.062  41.762 0.0000000000
61755  -7.659  -20.032  41.039 0.0000000000
61787  -8.703  -20.719  39.383 0.0000000000
58246  -10.907  -23.138  47.032 0.0000000000
58257  -11.459  -22.952  45.820 0.0000000000
59437  -11.601  -22.621  43.470 0.0000000000
57199  -8.330  -25.363  44.131 0.0000000000
57221  -10.692  -23.979  42.807 0.0000000000
58289  -11.315  -22.458  41.881 0.0000000000
59467  -10.272  -22.339  40.330 0.0000000000
59478  -9.287  -22.017  39.361 0.0000000000
59483  -8.612  -22.075  37.968 0.0000000000
59494  -7.025  -23.025  37.648 0.0000000000
62660  -11.851  -19.949  65.959 0.0000000000
61550  -10.554  -20.024  65.734 0.0000000000
61553  -10.496  -20.002  64.645 0.0000000000
58128  -9.069  -23.074  64.637 0.0000000000
60468  -10.003  -21.559  64.463 0.0000000000
61556  -10.456  -20.248  63.536 0.0000000000
151135  -10.085  -20.349  62.202 0.0000000000
60490  -10.360  -21.365  60.702 0.0000000000
59322  -9.461  -22.043  59.033 0.0000000000
59336  -10.742  -23.148  58.676 0.0000000000
57106  -11.111  -24.539  57.749 0.0000000000
153934  -10.060  -26.274  56.706 0.0000000000
55109  -8.078  -26.962  58.042 0.0000000000
55121  -9.142  -26.924  56.761 0.0000000000
54100  -9.133  -27.627  54.757 0.0000000000
53043  -8.346  -28.674  52.809 0.0000000000
51924  -7.276  -29.647  51.351 0.0000000000
51947  -6.417  -30.422  50.193 0.0000000000
49512  -2.374  -31.239  58.613 0.0000000000
48499  -1.815  -32.988  58.014 0.0000000000
50683  -2.926  -30.959  57.842 0.0000000000
50687  -2.820  -31.173  56.817 0.0000000000
50694  -3.341  -30.682  55.506 0.0000000000
51887  -3.619  -30.619  54.356 0.0000000000
48517  -3.793  -32.099  53.266 0.0000000000
50735  -4.055  -30.841  53.171 0.0000000000
129381  -4.925  -30.863  50.745 0.0000000000
154150  -5.016  -31.229  49.727 0.0000000000
49622  -6.134  -31.830  48.914 0.0000000000
47585  -5.039  -33.607  47.983 0.0000000000
45772  -3.040  -35.149  47.965 0.0000000000
53086  -37.291  -27.279  47.918 0.0000000000
155017  -37.523  -27.364  48.614 0.0000000000
138513  -36.326  -28.066  47.588 0.0000000000
53104  -36.695  -27.180  47.015 0.0000000000
51983  -36.530  -28.422  48.190 0.0000000000
51992  -35.820  -28.440  47.338 0.0000000000
140836  -36.304  -28.991  48.508 0.0000000000
53075  -37.117  -28.219  49.533 0.0000000000
71922  -53.455  -10.143  33.478 0.0000000000
70951  -52.395  -11.006  32.355 0.0000000000
139448  -52.078  -11.012  31.548 0.0000000000
71925  -52.783  -10.266  32.230 0.0000000000
69774  -40.662  -12.700  40.279 0.0000000000
155789  -41.412  -12.242  40.636 0.0000000000
68732  -40.941  -12.673  40.941 0.0000000000
67755  -40.118  -13.615  38.735 0.0000000000
68739  -40.519  -12.921  39.514 0.0000000000
49624  -8.260  -31.453  48.543 0.0000000000
48569  -7.544  -32.896  47.992 0.0000000000
48558  -6.910  -32.355  48.462 0.0000000000
48502  -9.709  -31.400  58.234 0.0000000000
59333  -7.248  -22.075  58.021 0.0000000000
59346  -8.189  -22.421  57.770 0.0000000000
144514  -7.945  -22.148  58.454 0.0000000000
131898  -48.718  -12.517  37.802 0.0000000000
69828  -49.582  -12.757  38.035 0.0000000000
68755  -46.845  -13.191  37.027 0.0000000000
68774  -47.721  -12.996  36.281 0.0000000000
68775  -48.681  -12.999  36.424 0.0000000000
54023  -18.650  -26.812  61.509 0.0000000000
54034  -18.196  -26.882  60.930 0.0000000000
51908  -22.913  -29.245  53.307 0.0000000000
146284  -22.691  -29.247  54.051 0.0000000000
53049  -22.349  -28.098  52.810 0.0000000000
62955  -6.037  -19.570  38.558 0.0000000000
61795  -6.083  -19.604  37.559 0.0000000000
59397  -8.184  -22.330  48.913 0.0000000000
59405  -8.578  -21.968  48.088 0.0000000000
59398  -9.170  -22.643  48.613 0.0000000000
133433  -4.600  -29.815  43.303 0.0000000000
61555  -13.274  -20.007  64.481 0.0000000000
52952  -4.096  -29.642  59.659 0.0000000000
54040  -4.660  -28.128  60.344 0.0000000000
52960  -3.618  -29.600  59.110 0.0000000000
155307  -3.723  -28.902  58.867 0.0000000000
52970  -3.576  -29.806  58.633 0.0000000000
57197  -38.735  -25.161  45.863 0.0000000000
57204  -38.500  -25.392  45.128 0.0000000000
152522  -38.613  -24.644  45.366 0.0000000000
57196  -38.480  -23.753  45.058 0.0000000000
49670  -32.336  -30.337  47.146 0.0000000000
49656  -32.338  -30.448  47.719 0.0000000000
132717  -31.363  -30.347  46.732 0.0000000000
75136  -55.023  -7.085  31.076 0.0000000000
76125  -54.715  -6.773  30.322 0.0000000000
69793  -45.578  -12.883  39.570 0.0000000000
69792  -44.805  -12.717  39.648 0.0000000000
69806  -43.336  -12.195  38.672 0.0000000000
69823  -43.584  -12.193  37.717 0.0000000000
69824  -44.842  -12.413  37.838 0.0000000000
65857  -9.395  -16.375  42.828 0.0000000000
65864  -7.120  -16.925  41.454 0.0000000000
65855  -7.706  -17.230  42.249 0.0000000000
129565  -12.713  -26.568  48.798 0.0000000000
54164  -13.072  -26.979  48.194 0.0000000000
53081  -13.141  -27.725  48.276 0.0000000000
48604  -9.723  -32.720  44.194 0.0000000000
48596  -10.420  -32.127  44.475 0.0000000000
155891  -8.686  -32.695  43.649 0.0000000000
47638  -7.535  -33.886  43.649 0.0000000000
47639  -8.322  -33.902  43.994 0.0000000000
54011  -12.371  -26.681  63.863 0.0000000000
132830  -12.141  -26.363  64.602 0.0000000000
132311  -11.902  -27.244  63.489 0.0000000000
49503  -6.978  -30.631  60.972 0.0000000000
65871  -40.223  -16.289  42.005 0.0000000000
146192  -38.720  -26.096  40.066 0.0000000000
64949  -38.506  -17.683  40.543 0.0000000000
65879  -39.462  -16.430  40.547 0.0000000000
52998  -29.547  -28.093  56.203 0.0000000000
53027  -27.188  -27.553  54.272 0.0000000000
137722  -27.693  -28.555  54.083 0.0000000000
49569  -30.010  -30.302  51.040 0.0000000000
49552  -30.458  -30.151  51.812 0.0000000000
50806  -24.308  -29.735  48.620 0.0000000000
49630  -24.954  -30.015  49.207 0.0000000000
129433  -23.945  -29.683  49.146 0.0000000000
153085  -23.918  -29.459  48.338 0.0000000000
51970  -23.367  -28.442  47.928 0.0000000000
147899  -23.697  -29.055  47.724 0.0000000000
58198  -6.932  -22.935  53.366 0.0000000000
131686  -6.516  -22.868  52.840 0.0000000000
57124  -7.168  -23.367  52.337 0.0000000000
57138  -7.378  -23.824  51.798 0.0000000000
57132  -8.362  -24.655  52.167 0.0000000000
57126  -8.611  -24.136  52.715 0.0000000000
143109  -10.985  -25.368  55.159 0.0000000000
55144  -11.314  -26.030  53.864 0.0000000000
55143  -10.844  -26.349  54.367 0.0000000000
54112  -10.496  -27.283  53.439 0.0000000000
54101  -10.330  -26.979  54.153 0.0000000000
68809  -51.486  -13.508  35.344 0.0000000000
68799  -51.848  -13.077  35.721 0.0000000000
67800  -50.539  -13.964  35.121 0.0000000000
66859  -50.521  -14.072  34.469 0.0000000000
67801  -51.096  -13.868  34.925 0.0000000000
148169  -51.224  -13.751  34.551 0.0000000000
52962  -13.932  -27.260  59.408 0.0000000000
52955  -13.654  -27.300  60.328 0.0000000000
51838  -12.674  -28.649  59.126 0.0000000000
51845  -13.083  -28.477  58.393 0.0000000000
54137  -17.640  -26.598  50.710 0.0000000000
55163  -17.910  -26.290  51.572 0.0000000000
53022  -15.793  -27.448  54.335 0.0000000000
53008  -15.838  -27.300  55.467 0.0000000000
54082  -15.577  -27.560  56.240 0.0000000000
64888  -6.985  -18.021  46.908 0.0000000000
61725  -10.135  -20.832  43.598 0.0000000000
146301  -8.834  -20.590  43.561 0.0000000000
61744  -9.426  -20.612  42.598 0.0000000000
61745  -10.390  -20.991  42.640 0.0000000000
55236  -9.407  -26.588  45.694 0.0000000000
55235  -8.802  -26.242  45.023 0.0000000000
57226  -5.916  -24.679  41.793 0.0000000000
57227  -7.012  -24.600  41.937 0.0000000000
57242  -6.493  -24.327  41.107 0.0000000000
58298  -7.171  -23.973  40.320 0.0000000000
156066  -6.226  -24.173  40.435 0.0000000000
57254  -5.740  -24.401  40.022 0.0000000000
64749  -10.088  -17.600  62.739 0.0000000000
62668  -9.125  -18.495  62.565 0.0000000000
57052  -9.264  -24.178  66.195 0.0000000000
58115  -8.245  -23.862  65.634 0.0000000000
57082  -8.822  -24.626  61.820 0.0000000000
57077  -9.606  -24.158  62.293 0.0000000000
57083  -9.887  -24.434  61.452 0.0000000000
57084  -10.566  -23.941  61.067 0.0000000000
56115  -9.424  -25.136  60.067 0.0000000000
53016  -5.017  -29.418  55.202 0.0000000000
53004  -5.883  -29.206  55.392 0.0000000000
53017  -5.547  -29.465  54.788 0.0000000000
53031  -5.670  -29.743  54.003 0.0000000000
51903  -4.970  -29.959  53.805 0.0000000000
44562  -2.377  -36.550  55.289 0.0000000000
150841  -2.396  -35.333  55.969 0.0000000000
142524  -2.479  -35.398  55.334 0.0000000000
55231  -38.354  -26.042  46.533 0.0000000000
52025  -36.043  -27.870  44.611 0.0000000000
53135  -36.660  -27.609  44.307 0.0000000000
141224  -36.934  -27.153  45.020 0.0000000000
54186  -37.626  -26.489  46.603 0.0000000000
54196  -37.622  -26.467  45.755 0.0000000000
54187  -37.956  -26.277  46.148 0.0000000000
55237  -38.216  -26.088  45.843 0.0000000000
50841  -34.105  -30.027  46.797 0.0000000000
49672  -33.377  -30.144  46.575 0.0000000000
50842  -34.643  -29.497  46.766 0.0000000000
52006  -35.330  -28.099  45.924 0.0000000000
152654  -35.679  -27.918  45.261 0.0000000000
131122  -35.666  -28.147  44.147 0.0000000000
50826  -35.094  -29.625  47.998 0.0000000000
50808  -34.622  -30.193  48.363 0.0000000000
49658  -33.558  -30.370  47.334 0.0000000000
74121  -54.864  -8.086  31.987 0.0000000000
74108  -54.361  -8.811  32.262 0.0000000000
68837  -50.220  -12.819  30.946 0.0000000000
149046  -49.122  -12.848  30.319 0.0000000000
68848  -49.714  -12.392  30.427 0.0000000000
70969  -50.992  -10.711  29.834 0.0000000000
70981  -50.028  -10.610  28.923 0.0000000000
71944  -51.286  -10.202  29.508 0.0000000000
71960  -51.039  -9.978  28.790 0.0000000000
71945  -51.808  -9.783  29.975 0.0000000000
145896  -53.303  -9.400  31.494 0.0000000000
73062  -53.351  -9.121  31.051 0.0000000000
73063  -53.774  -8.766  31.054 0.0000000000
69790  -42.500  -12.103  39.267 0.0000000000
132432  -43.177  -12.268  40.318 0.0000000000
133746  -42.339  -12.401  41.766 0.0000000000
69758  -43.156  -12.554  41.612 0.0000000000
65901  -38.286  -16.423  37.543 0.0000000000
65908  -38.597  -15.756  37.285 0.0000000000
66831  -39.135  -15.091  37.405 0.0000000000
67769  -39.352  -14.487  36.830 0.0000000000
67782  -39.729  -13.823  36.237 0.0000000000
68768  -40.393  -13.220  37.359 0.0000000000
69805  -41.401  -12.178  38.471 0.0000000000
131382  -42.433  -12.204  38.151 0.0000000000
51965  -11.334  -29.686  49.069 0.0000000000
50803  -11.351  -29.977  48.421 0.0000000000
48571  -9.256  -32.297  47.200 0.0000000000
49647  -10.406  -31.364  47.200 0.0000000000
152099  -9.656  -32.567  46.533 0.0000000000
48581  -10.172  -32.273  45.938 0.0000000000
48580  -9.574  -32.992  45.907 0.0000000000
47599  -9.087  -33.878  45.930 0.0000000000
47598  -8.651  -33.845  46.840 0.0000000000
46712  -7.640  -34.944  47.110 0.0000000000
46703  -6.471  -35.018  47.324 0.0000000000
45786  -6.156  -35.748  46.936 0.0000000000
45774  -5.446  -35.100  47.386 0.0000000000
132012  -10.273  -28.947  61.386 0.0000000000
50673  -9.937  -29.833  59.904 0.0000000000
63987  -39.918  -18.394  41.804 0.0000000000
58290  -38.475  -23.710  41.659 0.0000000000
60624  -37.670  -21.593  42.475 0.0000000000
59457  -37.098  -22.119  41.486 0.0000000000
146170  -36.473  -22.184  40.626 0.0000000000
61781  -37.150  -20.289  41.219 0.0000000000
62912  -39.189  -19.317  42.353 0.0000000000
62911  -38.329  -19.178  41.870 0.0000000000
130526  -30.000  -28.225  56.508 0.0000000000
52999  -30.515  -28.451  56.467 0.0000000000
49652  -29.000  -29.804  48.362 0.0000000000
49633  -28.384  -29.838  48.957 0.0000000000
49651  -28.098  -29.676  48.366 0.0000000000
76173  -52.930  -6.131  26.653 0.0000000000
76176  -52.947  -5.916  25.891 0.0000000000
77140  -53.362  -5.552  26.400 0.0000000000
78056  -54.794  -4.370  25.445 0.0000000000
77144  -54.233  -4.801  24.886 0.0000000000
77149  -54.533  -4.871  23.961 0.0000000000
78063  -55.704  -4.479  24.053 0.0000000000
78057  -55.679  -4.124  24.993 0.0000000000
58182  -7.530  -22.816  55.786 0.0000000000
58191  -8.038  -22.746  54.795 0.0000000000
59355  -10.137  -23.240  57.189 0.0000000000
58174  -9.562  -23.151  55.912 0.0000000000
58175  -10.362  -23.521  56.448 0.0000000000
57121  -11.016  -24.394  55.957 0.0000000000
58176  -10.948  -23.907  56.600 0.0000000000
67772  -50.254  -13.682  35.882 0.0000000000
67796  -45.426  -13.488  34.025 0.0000000000
66854  -45.875  -15.085  34.098 0.0000000000
66868  -46.001  -15.578  33.672 0.0000000000
66869  -46.692  -15.422  33.622 0.0000000000
65934  -46.918  -15.703  33.026 0.0000000000
66856  -47.394  -14.746  33.971 0.0000000000
67771  -49.505  -13.401  36.182 0.0000000000
67787  -49.516  -13.738  35.452 0.0000000000
66846  -50.140  -13.931  35.330 0.0000000000
55070  -17.418  -26.078  62.822 0.0000000000
54032  -16.368  -26.401  60.208 0.0000000000
148271  -16.050  -26.433  60.628 0.0000000000
54043  -15.626  -26.299  59.639 0.0000000000
53047  -15.475  -28.334  52.893 0.0000000000
51915  -14.579  -29.519  52.592 0.0000000000
60563  -7.198  -21.266  46.667 0.0000000000
60565  -9.384  -21.362  46.358 0.0000000000
60564  -8.145  -21.323  46.423 0.0000000000
60575  -9.646  -21.169  45.425 0.0000000000
53124  -7.235  -28.123  44.547 0.0000000000
54203  -6.738  -27.337  44.397 0.0000000000
53123  -6.141  -28.224  44.226 0.0000000000
54212  -4.885  -27.202  43.043 0.0000000000
54208  -5.438  -27.176  43.534 0.0000000000
55246  -5.271  -26.790  43.212 0.0000000000
56228  -5.215  -26.238  42.984 0.0000000000
55256  -4.979  -26.431  42.207 0.0000000000
54224  -4.999  -27.227  41.812 0.0000000000
63795  -12.281  -17.941  63.517 0.0000000000
64756  -12.273  -17.018  62.869 0.0000000000
64748  -11.840  -17.821  63.458 0.0000000000
138547  -11.374  -17.211  63.111 0.0000000000
63790  -11.595  -18.539  63.907 0.0000000000
55059  -6.966  -26.729  63.434 0.0000000000
56083  -7.495  -25.472  63.889 0.0000000000
55065  -6.814  -26.624  63.138 0.0000000000
55087  -5.512  -27.325  60.653 0.0000000000
130428  -6.653  -26.780  61.816 0.0000000000
55083  -6.529  -26.547  61.179 0.0000000000
56112  -6.981  -26.113  61.250 0.0000000000
55089  -6.811  -26.530  60.637 0.0000000000
131968  -6.693  -27.069  59.769 0.0000000000
153365  -6.022  -27.364  59.932 0.0000000000
52979  -3.904  -28.782  57.401 0.0000000000
54066  -4.730  -27.987  58.225 0.0000000000
131287  -4.059  -28.913  56.834 0.0000000000
52990  -4.558  -29.045  56.531 0.0000000000
53002  -4.109  -29.366  56.208 0.0000000000
54248  -37.965  -27.438  40.252 0.0000000000
54230  -37.588  -27.317  40.834 0.0000000000
146259  -37.164  -27.405  43.921 0.0000000000
53149  -37.035  -27.624  43.160 0.0000000000
150206  -37.268  -27.305  43.798 0.0000000000
56232  -37.891  -26.067  43.825 0.0000000000
55252  -37.662  -26.576  43.130 0.0000000000
138911  -37.977  -25.686  42.718 0.0000000000
153215  -39.196  -24.473  41.571 0.0000000000
133047  -38.440  -24.591  42.443 0.0000000000
50875  -33.270  -29.378  44.704 0.0000000000
49553  -32.242  -30.600  52.286 0.0000000000
49592  -34.143  -30.760  50.184 0.0000000000
49637  -31.489  -30.603  48.655 0.0000000000
130982  -31.964  -30.638  49.220 0.0000000000
49613  -31.301  -30.609  49.206 0.0000000000
49612  -30.797  -30.360  49.556 0.0000000000
49636  -30.830  -30.556  48.913 0.0000000000
49635  -29.812  -30.043  48.982 0.0000000000
132345  -30.319  -30.227  48.623 0.0000000000
50840  -29.325  -29.603  46.672 0.0000000000
77107  -55.486  -5.429  29.880 0.0000000000
73084  -51.408  -9.424  28.399 0.0000000000
73098  -51.220  -9.267  27.590 0.0000000000
73099  -51.738  -8.797  27.949 0.0000000000
147195  -52.456  -7.532  28.052 0.0000000000
74165  -52.025  -7.985  27.482 0.0000000000
154977  -52.309  -7.418  27.502 0.0000000000
75177  -52.606  -7.018  27.621 0.0000000000
75181  -52.744  -6.574  27.145 0.0000000000
76147  -55.082  -6.070  30.124 0.0000000000
149821  -54.920  -5.804  29.428 0.0000000000
131804  -55.249  -5.258  29.064 0.0000000000
69826  -46.295  -13.137  37.913 0.0000000000
69809  -46.698  -12.801  38.623 0.0000000000
69794  -46.151  -12.887  39.441 0.0000000000
138603  -46.026  -12.223  41.406 0.0000000000
69780  -46.289  -12.374  40.693 0.0000000000
147818  -44.386  -12.829  41.335 0.0000000000
69778  -44.869  -12.621  41.124 0.0000000000
68789  -41.080  -13.073  35.785 0.0000000000
68804  -40.571  -13.265  35.047 0.0000000000
68807  -43.358  -12.726  34.242 0.0000000000
129639  -44.041  -12.625  34.937 0.0000000000
69825  -45.762  -13.104  37.961 0.0000000000
68754  -46.042  -13.251  37.158 0.0000000000
54150  -22.042  -26.802  50.737 0.0000000000
55200  -19.668  -25.954  49.003 0.0000000000
66806  -6.263  -16.001  40.033 0.0000000000
64935  -6.299  -17.786  41.248 0.0000000000
64944  -5.805  -17.302  40.720 0.0000000000
63995  -5.921  -18.666  40.691 0.0000000000
62919  -5.650  -18.850  40.005 0.0000000000
62920  -6.174  -19.304  40.457 0.0000000000
56184  -9.720  -25.305  49.396 0.0000000000
57163  -9.618  -24.650  49.017 0.0000000000
55209  -10.220  -25.712  48.817 0.0000000000
54172  -12.080  -26.858  46.968 0.0000000000
54182  -10.796  -26.866  46.784 0.0000000000
54181  -9.934  -26.821  46.441 0.0000000000
54194  -10.618  -27.268  46.073 0.0000000000
136508  -12.100  -29.987  46.843 0.0000000000
51987  -12.477  -29.396  46.171 0.0000000000
50833  -12.219  -29.885  45.509 0.0000000000
50887  -10.291  -30.265  43.784 0.0000000000
52017  -11.699  -29.747  44.471 0.0000000000
150294  -10.455  -29.598  43.970 0.0000000000
140830  -10.056  -28.844  44.298 0.0000000000
52015  -8.965  -28.875  44.242 0.0000000000
52032  -8.664  -29.683  43.833 0.0000000000
49705  -7.064  -31.624  43.586 0.0000000000
50884  -7.177  -30.585  43.711 0.0000000000
45799  -8.423  -35.710  45.085 0.0000000000
45812  -7.872  -35.769  44.411 0.0000000000
44776  -7.097  -36.306  44.328 0.0000000000
58125  -13.458  -23.214  65.238 0.0000000000
57059  -13.190  -24.063  65.204 0.0000000000
139994  -11.102  -25.974  65.498 0.0000000000
155379  -11.515  -25.434  65.560 0.0000000000
56080  -10.829  -25.251  65.824 0.0000000000
56075  -9.921  -24.922  66.148 0.0000000000
56079  -10.246  -25.780  65.711 0.0000000000
51813  -9.347  -28.609  62.592 0.0000000000
133265  -7.521  -28.937  62.949 0.0000000000
52930  -8.344  -28.416  63.870 0.0000000000
54007  -8.338  -27.937  64.497 0.0000000000
54000  -8.330  -27.292  64.888 0.0000000000
152443  -7.855  -27.657  64.642 0.0000000000
54005  -7.155  -27.436  63.925 0.0000000000
52936  -6.564  -28.487  63.343 0.0000000000
135750  -5.316  -30.371  60.755 0.0000000000
51816  -5.904  -29.354  61.683 0.0000000000
50660  -4.659  -30.641  60.263 0.0000000000
51822  -4.704  -29.992  60.466 0.0000000000
66820  -39.633  -14.339  40.088 0.0000000000
58317  -37.086  -24.201  40.320 0.0000000000
57255  -36.834  -24.411  39.835 0.0000000000
58316  -36.555  -23.919  39.393 0.0000000000
64015  -37.171  -18.215  39.624 0.0000000000
64030  -37.495  -17.527  39.120 0.0000000000
66813  -39.489  -15.286  40.196 0.0000000000
51894  -25.928  -28.545  53.938 0.0000000000
53025  -25.565  -27.972  54.463 0.0000000000
50700  -24.446  -29.369  54.156 0.0000000000
50708  -24.031  -29.800  53.884 0.0000000000
50723  -23.702  -29.878  53.221 0.0000000000
50729  -29.504  -29.791  53.032 0.0000000000
50713  -29.997  -29.330  53.606 0.0000000000
51897  -29.602  -28.877  53.992 0.0000000000
50712  -29.110  -29.456  53.427 0.0000000000
49609  -27.998  -30.199  49.738 0.0000000000
49585  -28.009  -30.180  50.285 0.0000000000
49584  -27.087  -30.036  49.818 0.0000000000
139509  -25.836  -30.137  50.431 0.0000000000
132738  -27.064  -29.758  51.047 0.0000000000
49548  -26.557  -29.708  51.649 0.0000000000
49540  -27.233  -29.997  52.361 0.0000000000
49539  -26.425  -29.788  52.396 0.0000000000
49547  -25.635  -29.864  51.512 0.0000000000
50771  -23.682  -29.667  50.752 0.0000000000
49562  -23.920  -30.281  51.183 0.0000000000
147782  -23.667  -29.950  51.299 0.0000000000
50757  -23.477  -29.704  51.620 0.0000000000
51940  -23.150  -28.576  50.968 0.0000000000
51956  -23.127  -28.149  49.920 0.0000000000
51980  -22.880  -27.817  47.569 0.0000000000
53084  -22.225  -27.478  48.135 0.0000000000
78064  -56.204  -4.411  23.802 0.0000000000
78068  -56.176  -4.714  23.044 0.0000000000
79006  -58.020  -3.276  21.510 0.0000000000
60541  -5.603  -21.161  48.724 0.0000000000
60543  -6.653  -21.753  48.292 0.0000000000
59395  -6.452  -21.970  48.994 0.0000000000
58211  -5.418  -22.715  52.232 0.0000000000
57147  -7.456  -23.977  51.452 0.0000000000
58216  -6.803  -23.349  51.196 0.0000000000
58217  -7.364  -23.896  51.073 0.0000000000
58224  -7.503  -23.438  50.498 0.0000000000
57155  -7.939  -24.362  50.867 0.0000000000
57156  -8.597  -24.736  50.515 0.0000000000
57149  -8.419  -24.906  50.908 0.0000000000
56162  -9.967  -25.266  51.302 0.0000000000
130454  -10.173  -25.484  50.663 0.0000000000
56163  -11.265  -25.109  51.089 0.0000000000
56186  -12.247  -25.661  49.987 0.0000000000
56174  -12.003  -25.265  50.639 0.0000000000
58202  -10.432  -23.591  53.669 0.0000000000
58209  -10.316  -23.820  52.973 0.0000000000
155476  -11.124  -23.815  53.867 0.0000000000
55161  -11.981  -26.569  52.629 0.0000000000
56157  -12.266  -25.308  52.273 0.0000000000
55162  -12.471  -26.065  51.982 0.0000000000
54134  -12.462  -26.747  51.352 0.0000000000
53063  -11.939  -28.244  50.810 0.0000000000
54133  -11.915  -27.624  51.619 0.0000000000
51926  -10.042  -29.067  51.154 0.0000000000
145581  -8.535  -29.701  50.716 0.0000000000
69875  -52.075  -12.113  34.072 0.0000000000
70940  -52.536  -11.591  34.483 0.0000000000
69860  -52.651  -11.890  35.302 0.0000000000
68717  -40.889  -12.872  42.054 0.0000000000
65935  -47.744  -15.587  32.894 0.0000000000
65020  -47.192  -16.098  31.829 0.0000000000
65936  -48.371  -15.400  32.817 0.0000000000
149473  -49.491  -14.551  32.986 0.0000000000
66894  -48.752  -15.013  31.978 0.0000000000
155531  -48.994  -14.587  31.448 0.0000000000
65991  -48.209  -15.281  30.269 0.0000000000
66908  -49.456  -14.059  31.350 0.0000000000
67846  -49.298  -13.927  30.771 0.0000000000
136901  -49.984  -13.638  31.917 0.0000000000
155770  -51.628  -13.185  34.274 0.0000000000
68821  -51.118  -13.040  33.043 0.0000000000
69874  -51.626  -12.686  33.690 0.0000000000
69879  -51.973  -11.813  33.051 0.0000000000
57064  -14.282  -24.404  64.178 0.0000000000
55063  -13.506  -25.856  63.831 0.0000000000
55067  -13.866  -26.221  63.088 0.0000000000
55068  -15.363  -26.271  62.350 0.0000000000
139342  -13.914  -26.350  61.595 0.0000000000
52944  -12.750  -27.418  61.590 0.0000000000
152831  -12.310  -28.033  61.248 0.0000000000
52954  -12.615  -28.284  60.542 0.0000000000
50679  -11.822  -29.458  58.334 0.0000000000
130924  -10.421  -30.867  57.867 0.0000000000
49522  -10.953  -30.451  57.434 0.0000000000
149712  -21.039  -26.012  51.701 0.0000000000
55167  -21.432  -26.666  52.102 0.0000000000
55166  -20.779  -25.981  52.372 0.0000000000
55159  -19.684  -25.876  53.448 0.0000000000
55160  -20.583  -26.384  53.787 0.0000000000
55147  -19.724  -26.148  54.390 0.0000000000
54126  -16.900  -26.582  52.128 0.0000000000
54115  -16.863  -26.510  53.077 0.0000000000
55134  -17.602  -26.219  55.213 0.0000000000
55135  -18.619  -26.144  55.627 0.0000000000
55136  -19.613  -26.384  55.928 0.0000000000
55124  -18.896  -26.276  56.666 0.0000000000
138735  -19.422  -26.584  57.327 0.0000000000
54072  -17.142  -26.433  57.543 0.0000000000
55102  -17.994  -26.391  57.990 0.0000000000
54053  -18.604  -26.626  59.644 0.0000000000
54062  -17.315  -26.433  58.987 0.0000000000
135452  -17.716  -26.487  59.527 0.0000000000
54061  -16.433  -26.410  58.538 0.0000000000
52983  -14.851  -27.566  57.288 0.0000000000
52974  -14.750  -27.249  57.958 0.0000000000
50705  -13.736  -29.645  53.788 0.0000000000
51876  -14.121  -29.032  55.105 0.0000000000
50697  -13.607  -29.498  54.688 0.0000000000
50689  -13.019  -29.902  55.912 0.0000000000
136550  -13.258  -29.064  56.928 0.0000000000
50686  -12.829  -29.708  56.589 0.0000000000
51853  -12.606  -29.419  57.373 0.0000000000
50688  -12.446  -30.388  56.225 0.0000000000
65814  -8.242  -16.863  45.537 0.0000000000
132660  -8.580  -16.850  44.681 0.0000000000
62873  -7.451  -20.085  45.358 0.0000000000
142363  -7.854  -20.206  43.123 0.0000000000
63961  -7.816  -19.476  43.677 0.0000000000
64923  -7.936  -18.607  43.543 0.0000000000
63970  -7.619  -19.055  42.680 0.0000000000
62895  -7.621  -19.720  42.403 0.0000000000
61756  -8.579  -20.260  41.209 0.0000000000
61774  -8.524  -20.301  40.180 0.0000000000
61773  -7.500  -20.016  40.289 0.0000000000
61788  -9.291  -20.664  39.878 0.0000000000
57170  -10.067  -24.915  48.157 0.0000000000
58240  -10.373  -23.477  47.685 0.0000000000
57171  -10.193  -24.295  47.754 0.0000000000
147958  -10.728  -24.365  45.831 0.0000000000
57202  -11.109  -23.953  44.924 0.0000000000
58266  -11.449  -23.176  45.008 0.0000000000
58274  -11.444  -23.498  44.044 0.0000000000
55242  -7.171  -26.352  44.173 0.0000000000
56221  -7.737  -25.884  44.309 0.0000000000
57207  -7.444  -25.540  43.649 0.0000000000
57229  -9.625  -24.182  41.911 0.0000000000
149945  -8.884  -24.548  42.612 0.0000000000
153876  -10.362  -23.977  42.201 0.0000000000
137798  -10.956  -23.526  42.156 0.0000000000
58288  -11.039  -23.046  41.558 0.0000000000
59456  -10.911  -22.250  41.109 0.0000000000
58301  -10.436  -23.076  40.863 0.0000000000
58315  -8.982  -22.886  39.598 0.0000000000
59477  -8.549  -22.371  38.901 0.0000000000
59484  -8.785  -21.689  38.831 0.0000000000
59476  -8.031  -22.756  38.133 0.0000000000
59495  -7.803  -22.285  37.519 0.0000000000
61574  -8.172  -20.770  60.823 0.0000000000
59290  -12.603  -21.890  65.991 0.0000000000
60461  -12.668  -21.072  65.860 0.0000000000
60458  -11.975  -21.285  66.282 0.0000000000
60460  -9.575  -21.485  65.908 0.0000000000
61546  -10.579  -20.355  66.132 0.0000000000
61545  -9.937  -20.741  66.012 0.0000000000
62661  -10.718  -19.582  64.874 0.0000000000
61549  -10.245  -20.384  65.419 0.0000000000
58132  -7.398  -23.937  64.427 0.0000000000
139963  -8.042  -23.522  64.893 0.0000000000
58133  -8.459  -23.696  63.974 0.0000000000
58134  -10.244  -22.867  63.091 0.0000000000
59298  -9.854  -22.439  64.072 0.0000000000
59299  -10.452  -21.839  63.399 0.0000000000
60469  -10.379  -20.926  63.989 0.0000000000
145917  -10.544  -20.988  63.082 0.0000000000
61559  -10.297  -20.276  62.770 0.0000000000
60473  -10.642  -21.669  62.445 0.0000000000
59315  -11.077  -22.163  60.803 0.0000000000
60506  -9.959  -21.667  59.753 0.0000000000
59323  -10.390  -22.453  59.256 0.0000000000
136816  -10.965  -23.025  59.511 0.0000000000
56121  -10.356  -25.143  58.881 0.0000000000
56125  -10.910  -24.775  58.339 0.0000000000
56132  -10.685  -25.226  57.711 0.0000000000
55111  -10.362  -25.736  57.006 0.0000000000
55110  -9.653  -26.434  57.153 0.0000000000
54059  -7.383  -27.415  58.259 0.0000000000
55099  -7.844  -26.767  58.706 0.0000000000
152672  -7.274  -27.802  57.720 0.0000000000
54091  -8.022  -28.444  55.923 0.0000000000
54069  -8.621  -27.480  56.782 0.0000000000
138209  -8.598  -27.910  56.046 0.0000000000
54093  -8.991  -27.590  55.482 0.0000000000
54099  -8.626  -28.203  54.533 0.0000000000
54110  -8.957  -27.985  54.119 0.0000000000
53034  -8.339  -28.493  53.839 0.0000000000
51914  -6.882  -29.596  52.006 0.0000000000
53042  -7.533  -29.130  52.589 0.0000000000
51923  -6.403  -29.947  51.228 0.0000000000
51933  -6.802  -30.053  50.693 0.0000000000
51932  -6.043  -30.269  50.672 0.0000000000
48490  -2.089  -32.282  58.794 0.0000000000
47524  -1.956  -33.973  56.657 0.0000000000
47520  -1.731  -33.816  57.511 0.0000000000
143053  -1.900  -32.946  56.964 0.0000000000
132309  -2.047  -32.242  57.707 0.0000000000
138546  -2.221  -32.155  56.869 0.0000000000
49524  -2.538  -31.681  56.427 0.0000000000
48513  -2.636  -32.752  54.986 0.0000000000
139799  -2.704  -32.085  55.279 0.0000000000
49530  -3.148  -31.574  54.818 0.0000000000
50702  -3.371  -30.934  54.860 0.0000000000
49533  -3.281  -31.802  54.354 0.0000000000
150329  -3.896  -31.342  53.151 0.0000000000
49542  -4.275  -31.615  52.417 0.0000000000
50753  -4.775  -30.755  51.631 0.0000000000
49559  -4.611  -31.300  51.433 0.0000000000
48539  -4.616  -32.260  49.776 0.0000000000
49600  -4.807  -31.685  49.599 0.0000000000
49601  -5.147  -31.477  49.492 0.0000000000
49620  -4.982  -32.060  48.987 0.0000000000
48566  -5.136  -33.063  48.441 0.0000000000
55222  -37.974  -26.510  47.754 0.0000000000
144139  -37.707  -26.954  48.221 0.0000000000
54169  -37.940  -27.059  49.112 0.0000000000
53118  -36.668  -26.897  45.969 0.0000000000
53096  -37.217  -26.937  47.189 0.0000000000
50843  -35.517  -29.134  47.687 0.0000000000
152120  -35.624  -27.968  46.568 0.0000000000
50810  -35.823  -29.533  49.315 0.0000000000
51971  -36.277  -29.167  49.148 0.0000000000
151867  -35.648  -29.388  48.196 0.0000000000
73055  -53.549  -9.482  32.064 0.0000000000
153551  -53.935  -9.267  32.166 0.0000000000
132586  -54.014  -9.495  32.932 0.0000000000
69881  -51.118  -11.802  31.795 0.0000000000
69890  -50.923  -11.525  31.000 0.0000000000
69891  -51.549  -11.249  31.272 0.0000000000
70958  -51.869  -10.673  30.925 0.0000000000
71934  -52.141  -10.021  30.679 0.0000000000
71929  -52.999  -9.772  31.805 0.0000000000
150652  -39.431  -14.759  38.114 0.0000000000
67754  -39.698  -14.123  38.619 0.0000000000
67761  -39.944  -13.598  38.013 0.0000000000
68752  -40.390  -13.205  38.258 0.0000000000
50802  -9.702  -30.626  48.514 0.0000000000
139825  -10.594  -30.474  48.182 0.0000000000
48570  -8.501  -32.617  47.636 0.0000000000
47588  -8.174  -33.352  47.460 0.0000000000
47587  -7.112  -33.556  47.743 0.0000000000
47586  -6.010  -33.668  47.887 0.0000000000
50677  -10.226  -30.248  59.071 0.0000000000
49517  -9.672  -30.926  58.847 0.0000000000
133382  -9.031  -31.859  58.050 0.0000000000
59450  -38.464  -22.342  43.195 0.0000000000
59449  -38.136  -22.064  42.997 0.0000000000
61764  -37.965  -20.525  42.662 0.0000000000
61763  -37.705  -19.990  42.049 0.0000000000
61765  -39.025  -20.151  42.906 0.0000000000
53001  -31.396  -28.092  56.373 0.0000000000
50823  -27.672  -29.322  47.637 0.0000000000
130898  -54.327  -5.281  27.981 0.0000000000
77130  -54.748  -4.684  27.526 0.0000000000
78039  -55.344  -4.067  27.026 0.0000000000
150144  -56.843  -3.367  27.396 0.0000000000
58173  -7.504  -22.818  56.523 0.0000000000
59353  -8.478  -22.802  56.227 0.0000000000
135467  -8.357  -22.738  57.011 0.0000000000
59347  -9.378  -22.787  57.615 0.0000000000
68757  -50.082  -12.995  37.454 0.0000000000
69812  -49.751  -12.734  38.845 0.0000000000
130063  -45.987  -13.247  35.774 0.0000000000
67783  -46.041  -13.681  35.079 0.0000000000
68794  -46.569  -13.338  35.683 0.0000000000
67784  -46.796  -13.800  35.070 0.0000000000
67785  -47.775  -13.569  34.892 0.0000000000
68796  -48.568  -13.363  35.648 0.0000000000
55077  -18.018  -26.692  62.294 0.0000000000
54033  -17.116  -26.915  60.856 0.0000000000
54045  -17.264  -26.655  60.307 0.0000000000
51880  -24.290  -29.201  55.135 0.0000000000
62933  -5.300  -18.480  38.840 0.0000000000
64024  -5.286  -17.943  38.643 0.0000000000
60553  -6.686  -21.521  47.456 0.0000000000
60554  -7.693  -21.634  47.253 0.0000000000
60556  -10.072  -21.821  47.061 0.0000000000
50867  -5.349  -29.768  43.937 0.0000000000
53122  -5.675  -28.146  44.173 0.0000000000
52028  -4.834  -28.956  43.593 0.0000000000
134609  -4.560  -28.991  43.137 0.0000000000
53153  -4.628  -28.163  42.965 0.0000000000
63796  -12.718  -18.263  63.597 0.0000000000
63792  -12.475  -19.365  64.608 0.0000000000
154764  -5.811  -28.202  61.639 0.0000000000
55072  -6.518  -27.291  62.019 0.0000000000
54027  -4.958  -28.286  61.095 0.0000000000
54028  -5.189  -27.687  60.860 0.0000000000
130853  -4.545  -27.895  59.538 0.0000000000
130203  -5.032  -27.760  59.028 0.0000000000
130264  -3.914  -28.228  58.801 0.0000000000
133685  -3.747  -28.899  58.159 0.0000000000
52988  -3.660  -29.515  57.297 0.0000000000
55243  -38.246  -26.188  45.144 0.0000000000
56224  -38.140  -26.087  44.827 0.0000000000
56223  -38.176  -25.341  44.232 0.0000000000
57212  -38.165  -24.490  43.629 0.0000000000
150787  -33.289  -30.650  48.699 0.0000000000
130580  -32.713  -30.616  48.983 0.0000000000
130099  -32.780  -30.537  48.219 0.0000000000
49655  -31.749  -30.465  47.909 0.0000000000
49653  -30.330  -30.135  47.828 0.0000000000
49669  -30.847  -30.366  47.204 0.0000000000
74149  -53.154  -8.203  29.769 0.0000000000
73086  -52.509  -8.537  29.322 0.0000000000
75154  -53.531  -7.489  29.499 0.0000000000
75169  -53.384  -7.091  28.948 0.0000000000
76157  -53.696  -6.483  28.657 0.0000000000
75170  -53.827  -6.902  29.291 0.0000000000
69779  -45.509  -12.461  40.877 0.0000000000
152832  -42.416  -12.770  36.630 0.0000000000
69838  -43.222  -12.574  36.698 0.0000000000
54167  -20.581  -26.860  47.695 0.0000000000
65874  -6.560  -16.587  40.770 0.0000000000
154754  -11.229  -26.134  48.963 0.0000000000
55210  -10.642  -26.193  48.500 0.0000000000
55211  -11.820  -26.288  48.492 0.0000000000
55212  -12.470  -26.669  47.886 0.0000000000
130302  -12.579  -27.583  46.486 0.0000000000
49679  -11.308  -31.303  45.283 0.0000000000
50849  -11.740  -30.692  45.304 0.0000000000
49691  -10.958  -31.336  44.440 0.0000000000
49708  -10.377  -31.494  43.967 0.0000000000
156053  -10.142  -30.926  43.716 0.0000000000
50886  -9.398  -30.554  43.625 0.0000000000
49707  -8.849  -31.405  43.522 0.0000000000
49706  -8.235  -32.139  43.514 0.0000000000
149161  -7.405  -32.467  43.511 0.0000000000
48603  -7.022  -33.111  43.458 0.0000000000
47637  -6.512  -33.868  43.319 0.0000000000
56085  -13.243  -25.325  64.392 0.0000000000
56084  -12.607  -25.678  64.757 0.0000000000
55061  -11.387  -26.542  64.969 0.0000000000
54009  -10.742  -27.087  64.443 0.0000000000
50665  -8.129  -29.954  61.183 0.0000000000
51818  -8.502  -28.892  62.184 0.0000000000
50657  -7.871  -29.572  61.806 0.0000000000
50656  -7.129  -29.616  62.007 0.0000000000
50650  -6.775  -29.180  62.491 0.0000000000
50649  -6.526  -29.021  62.605 0.0000000000
50662  -6.364  -30.083  61.475 0.0000000000
49500  -5.415  -30.653  60.652 0.0000000000
66805  -40.076  -15.164  41.852 0.0000000000
155100  -36.335  -23.452  39.223 0.0000000000
64000  -38.481  -18.413  41.245 0.0000000000
64971  -38.643  -16.723  39.153 0.0000000000
50731  -31.438  -30.183  53.273 0.0000000000
50745  -29.981  -30.007  52.503 0.0000000000
49631  -25.772  -30.290  49.025 0.0000000000
49607  -25.538  -30.187  49.661 0.0000000000
49583  -25.247  -30.203  50.331 0.0000000000
145190  -24.978  -30.410  50.767 0.0000000000
49563  -24.454  -30.469  51.083 0.0000000000
49605  -24.333  -29.986  50.313 0.0000000000
50791  -24.075  -29.754  50.142 0.0000000000
135948  -23.697  -29.335  49.828 0.0000000000
50789  -23.423  -28.646  49.531 0.0000000000
145395  -53.636  -5.576  22.801 0.0000000000
58212  -6.134  -22.949  51.941 0.0000000000
58215  -6.131  -22.915  51.326 0.0000000000
57139  -7.811  -24.499  51.573 0.0000000000
57140  -8.232  -24.909  51.384 0.0000000000
141655  -8.097  -24.838  51.753 0.0000000000
57141  -9.971  -24.885  51.926 0.0000000000
58194  -11.221  -24.190  54.374 0.0000000000
150179  -11.433  -24.307  53.529 0.0000000000
57127  -11.484  -24.772  53.965 0.0000000000
55155  -11.626  -26.255  53.289 0.0000000000
54123  -11.586  -27.341  52.393 0.0000000000
53046  -11.079  -27.984  52.056 0.0000000000
54122  -10.766  -27.609  52.720 0.0000000000
53045  -10.205  -28.120  52.281 0.0000000000
53044  -9.310  -28.313  52.527 0.0000000000
69859  -52.280  -12.616  35.556 0.0000000000
66870  -49.092  -14.723  33.504 0.0000000000
66871  -49.842  -14.277  33.877 0.0000000000
67820  -50.310  -14.057  33.668 0.0000000000
67821  -50.763  -13.650  33.372 0.0000000000
137992  -51.550  -13.478  34.736 0.0000000000
56092  -15.251  -25.911  63.232 0.0000000000
54030  -14.284  -26.429  60.661 0.0000000000
130550  -14.751  -25.878  61.004 0.0000000000
152993  -13.127  -27.958  60.351 0.0000000000
51832  -12.900  -28.300  59.859 0.0000000000
50682  -12.071  -29.707  57.735 0.0000000000
56166  -19.917  -25.528  50.824 0.0000000000
55172  -19.096  -25.739  51.426 0.0000000000
55158  -18.729  -25.897  53.027 0.0000000000
54102  -16.315  -26.911  53.716 0.0000000000
54103  -16.586  -26.615  54.667 0.0000000000
54084  -17.006  -26.531  56.700 0.0000000000
54071  -16.240  -26.616  57.173 0.0000000000
155663  -16.463  -26.395  57.892 0.0000000000
54070  -15.524  -27.212  56.886 0.0000000000
52994  -15.045  -27.906  56.570 0.0000000000
50704  -13.124  -30.014  54.222 0.0000000000
132230  -12.184  -30.927  55.177 0.0000000000
49529  -12.090  -31.003  55.830 0.0000000000
135766  -7.699  -18.329  45.455 0.0000000000
61722  -7.811  -20.382  44.616 0.0000000000
134317  -8.102  -20.421  43.864 0.0000000000
139767  -7.886  -20.204  42.562 0.0000000000
61743  -8.565  -20.277  42.127 0.0000000000
61757  -9.479  -20.483  41.504 0.0000000000
61776  -10.154  -20.855  40.894 0.0000000000
56208  -9.630  -25.719  46.754 0.0000000000
133933  -9.720  -24.951  45.410 0.0000000000
57206  -6.490  -25.580  43.217 0.0000000000
57218  -7.167  -25.088  42.844 0.0000000000
57228  -8.398  -24.309  41.653 0.0000000000
58299  -8.302  -23.905  40.667 0.0000000000
130036  -8.187  -23.554  39.849 0.0000000000
133082  -7.322  -23.559  39.537 0.0000000000
58325  -6.885  -23.379  38.687 0.0000000000
58118  -10.354  -23.072  66.478 0.0000000000
59284  -10.344  -22.030  66.458 0.0000000000
59283  -9.630  -22.492  66.243 0.0000000000
59289  -9.377  -22.214  65.909 0.0000000000
60459  -9.338  -22.018  65.622 0.0000000000
57076  -8.556  -24.435  62.970 0.0000000000
58140  -10.178  -23.515  62.484 0.0000000000
59303  -10.847  -22.204  61.985 0.0000000000
58141  -10.723  -22.921  62.050 0.0000000000
58147  -11.083  -23.162  61.138 0.0000000000
57091  -10.966  -23.711  60.433 0.0000000000
132995  -11.070  -23.615  59.687 0.0000000000
152643  -10.894  -24.201  59.870 0.0000000000
57094  -10.316  -24.806  59.626 0.0000000000
56124  -9.625  -25.846  58.522 0.0000000000
54080  -6.307  -28.571  57.090 0.0000000000
129785  -7.188  -28.120  57.179 0.0000000000
52992  -7.081  -28.704  56.231 0.0000000000
53005  -6.754  -29.026  55.344 0.0000000000
53019  -7.191  -29.055  54.660 0.0000000000
136679  -7.612  -28.925  54.062 0.0000000000
53032  -6.755  -29.359  53.835 0.0000000000
53040  -6.023  -29.846  53.123 0.0000000000
131881  -5.959  -29.973  51.744 0.0000000000
46631  -2.373  -34.313  55.846 0.0000000000
48506  -2.394  -32.332  56.084 0.0000000000
47531  -2.486  -33.465  55.296 0.0000000000
47535  -2.674  -33.444  54.765 0.0000000000
143169  -2.707  -34.107  54.559 0.0000000000
47553  -4.836  -32.934  51.376 0.0000000000
52041  -35.923  -28.007  43.183 0.0000000000
53160  -36.554  -27.889  42.743 0.0000000000
54209  -37.431  -27.028  44.376 0.0000000000
53119  -37.050  -26.944  45.384 0.0000000000
54204  -37.567  -26.738  44.978 0.0000000000
54205  -37.652  -26.720  44.775 0.0000000000
152452  -32.246  -30.283  46.735 0.0000000000
49686  -32.572  -30.215  46.316 0.0000000000
49687  -33.302  -29.917  45.972 0.0000000000
50876  -33.707  -29.408  45.383 0.0000000000
50860  -34.776  -28.813  46.053 0.0000000000
50877  -34.508  -28.882  45.333 0.0000000000
49615  -34.265  -30.729  49.473 0.0000000000
50792  -35.203  -29.928  49.556 0.0000000000
49616  -34.692  -30.404  49.116 0.0000000000
49638  -34.065  -30.704  48.752 0.0000000000
131274  -33.398  -30.555  48.083 0.0000000000
75123  -54.654  -7.814  31.252 0.0000000000
75124  -55.317  -7.395  31.781 0.0000000000
69900  -49.910  -11.576  30.047 0.0000000000
69913  -49.621  -11.286  29.355 0.0000000000
70979  -48.718  -11.148  28.672 0.0000000000
70980  -49.487  -10.896  28.815 0.0000000000
73072  -52.155  -9.196  29.670 0.0000000000
71946  -52.443  -9.427  30.377 0.0000000000
73073  -52.770  -8.857  30.089 0.0000000000
74133  -53.413  -8.634  30.510 0.0000000000
74134  -54.072  -8.246  30.785 0.0000000000
130972  -44.246  -12.763  40.385 0.0000000000
142017  -43.923  -12.757  41.833 0.0000000000
66853  -38.617  -14.700  35.063 0.0000000000
149983  -40.243  -13.328  35.774 0.0000000000
68753  -40.916  -12.609  37.679 0.0000000000
69821  -41.731  -12.738  37.007 0.0000000000
51953  -12.629  -28.607  48.966 0.0000000000
51967  -12.788  -28.767  48.037 0.0000000000
51966  -12.112  -29.424  48.676 0.0000000000
51977  -12.137  -29.628  47.797 0.0000000000
50831  -11.250  -30.872  46.864 0.0000000000
50816  -10.727  -30.815  47.574 0.0000000000
49664  -11.294  -31.124  45.933 0.0000000000
49678  -10.824  -31.713  45.595 0.0000000000
48589  -10.003  -32.787  45.346 0.0000000000
47622  -9.346  -33.521  44.624 0.0000000000
46729  -8.929  -34.191  44.740 0.0000000000
46720  -9.129  -34.172  45.129 0.0000000000
46713  -8.774  -34.830  45.521 0.0000000000
45788  -8.218  -35.443  46.088 0.0000000000
44733  -7.718  -36.201  45.617 0.0000000000
44732  -6.760  -36.353  46.083 0.0000000000
52943  -11.160  -28.028  62.232 0.0000000000
52939  -11.398  -27.672  62.957 0.0000000000
51820  -10.620  -28.583  61.938 0.0000000000
51823  -9.387  -28.953  61.396 0.0000000000
50672  -9.239  -30.043  60.143 0.0000000000
50666  -9.008  -29.440  60.791 0.0000000000
49510  -7.943  -30.822  60.099 0.0000000000
64002  -39.926  -17.675  41.526 0.0000000000
64940  -40.316  -17.245  41.908 0.0000000000
57230  -39.404  -24.751  40.963 0.0000000000
57244  -39.052  -24.841  40.187 0.0000000000
58304  -38.607  -24.288  40.644 0.0000000000
59469  -37.359  -23.124  41.486 0.0000000000
59480  -36.193  -22.767  39.810 0.0000000000
60644  -36.179  -21.633  40.094 0.0000000000
61790  -36.462  -20.439  40.293 0.0000000000
62926  -37.127  -19.538  40.718 0.0000000000
53012  -29.486  -28.347  55.306 0.0000000000
49610  -29.221  -30.130  49.731 0.0000000000
132706  -28.623  -30.074  49.451 0.0000000000
49632  -26.710  -30.143  48.935 0.0000000000
147885  -26.664  -29.361  47.555 0.0000000000
49650  -26.967  -29.693  48.314 0.0000000000
49649  -26.079  -29.991  48.542 0.0000000000
130597  -24.435  -29.484  47.889 0.0000000000
76182  -53.099  -5.700  24.848 0.0000000000
77141  -53.941  -4.802  25.976 0.0000000000
76189  -53.477  -5.546  23.687 0.0000000000
77152  -54.121  -5.122  23.584 0.0000000000
76190  -54.154  -5.280  22.948 0.0000000000
77160  -54.787  -5.221  22.611 0.0000000000
77154  -55.248  -4.989  23.091 0.0000000000
78985  -56.126  -3.717  25.815 0.0000000000
58190  -7.072  -22.848  54.283 0.0000000000
135236  -7.667  -22.994  54.052 0.0000000000
58200  -8.251  -23.581  53.283 0.0000000000
134207  -8.618  -23.127  53.995 0.0000000000
59365  -8.961  -22.872  54.654 0.0000000000
58183  -9.719  -23.187  55.058 0.0000000000
58184  -10.415  -23.601  55.535 0.0000000000
58185  -10.988  -24.034  55.252 0.0000000000
56147  -11.043  -25.079  55.774 0.0000000000
56146  -10.776  -25.775  55.709 0.0000000000
68797  -50.956  -13.629  35.912 0.0000000000
68777  -51.390  -13.226  36.210 0.0000000000
138220  -51.275  -13.049  36.744 0.0000000000
146337  -45.848  -14.216  34.395 0.0000000000
150581  -45.505  -15.018  32.853 0.0000000000
65006  -46.360  -16.139  32.508 0.0000000000
67799  -48.094  -13.948  34.291 0.0000000000
66857  -48.375  -14.473  33.849 0.0000000000
141163  -49.173  -14.329  34.088 0.0000000000
156124  -49.853  -14.113  34.864 0.0000000000
67788  -50.716  -13.741  35.639 0.0000000000
56094  -16.831  -25.568  63.156 0.0000000000
55069  -16.300  -26.219  62.700 0.0000000000
55076  -16.898  -26.575  62.107 0.0000000000
54020  -15.429  -26.028  60.903 0.0000000000
53066  -16.600  -28.050  50.079 0.0000000000
53059  -16.359  -27.614  50.841 0.0000000000
54135  -16.151  -27.336  51.789 0.0000000000
51916  -15.610  -28.250  52.004 0.0000000000
53048  -15.895  -27.597  52.668 0.0000000000
53021  -15.277  -28.294  53.880 0.0000000000
51890  -14.674  -28.621  54.590 0.0000000000
51906  -14.674  -28.820  53.827 0.0000000000
51905  -14.338  -29.293  53.393 0.0000000000
133617  -6.415  -19.628  46.932 0.0000000000
63935  -6.673  -18.922  46.881 0.0000000000
62861  -7.241  -20.322  46.111 0.0000000000
61713  -7.662  -20.564  45.556 0.0000000000
60573  -7.790  -20.890  45.923 0.0000000000
60583  -8.809  -20.948  44.760 0.0000000000
60584  -9.930  -20.940  44.584 0.0000000000
60585  -10.770  -21.235  44.297 0.0000000000
147208  -7.508  -26.912  44.577 0.0000000000
54191  -6.922  -26.765  44.265 0.0000000000
155787  -6.446  -26.438  43.846 0.0000000000
54201  -5.533  -27.551  43.798 0.0000000000
130460  -5.840  -27.026  43.824 0.0000000000
56230  -6.082  -26.096  43.487 0.0000000000
56238  -5.712  -25.593  42.854 0.0000000000
57216  -5.497  -25.182  42.271 0.0000000000
57225  -5.456  -24.952  41.673 0.0000000000
57240  -5.507  -24.915  40.830 0.0000000000
65665  -12.230  -17.035  62.292 0.0000000000
65664  -11.500  -16.909  62.075 0.0000000000
65658  -11.101  -16.844  62.452 0.0000000000
146058  -10.813  -17.446  63.026 0.0000000000
64746  -10.666  -18.145  63.174 0.0000000000
56076  -7.394  -25.254  64.867 0.0000000000
57056  -7.057  -24.464  65.066 0.0000000000
57061  -7.143  -24.801  64.512 0.0000000000
57067  -7.431  -24.994  64.009 0.0000000000
57074  -7.524  -25.187  63.318 0.0000000000
56105  -6.892  -26.281  62.623 0.0000000000
56099  -7.086  -25.820  62.895 0.0000000000
56100  -7.300  -25.456  62.618 0.0000000000
56108  -8.119  -25.119  61.242 0.0000000000
56114  -8.442  -25.396  60.391 0.0000000000
56118  -7.902  -25.963  59.879 0.0000000000
55090  -7.281  -26.418  60.129 0.0000000000
55098  -7.214  -27.070  58.993 0.0000000000
54058  -5.694  -27.877  58.494 0.0000000000
140179  -5.332  -28.852  56.891 0.0000000000
130997  -5.205  -29.200  55.996 0.0000000000
51874  -4.301  -29.704  54.976 0.0000000000
54249  -38.301  -26.719  39.835 0.0000000000
55263  -39.048  -26.244  40.696 0.0000000000
53161  -36.799  -27.775  42.526 0.0000000000
54219  -37.162  -27.371  41.782 0.0000000000
54210  -37.494  -27.043  43.668 0.0000000000
54214  -37.418  -27.006  42.446 0.0000000000
54220  -37.957  -26.765  41.349 0.0000000000
155210  -39.044  -26.168  41.299 0.0000000000
148600  -39.402  -25.545  40.806 0.0000000000
58282  -38.866  -23.765  42.016 0.0000000000
148439  -38.499  -23.031  42.742 0.0000000000
151174  -32.069  -30.186  53.603 0.0000000000
146286  -31.374  -30.351  51.947 0.0000000000
49570  -30.895  -30.319  51.035 0.0000000000
49572  -33.274  -30.666  51.325 0.0000000000
135973  -32.611  -30.710  49.812 0.0000000000
49591  -32.628  -30.709  50.706 0.0000000000
49589  -31.277  -30.356  50.253 0.0000000000
49611  -29.992  -30.094  49.690 0.0000000000
132141  -29.608  -30.047  49.329 0.0000000000
49667  -29.696  -29.852  47.508 0.0000000000
74157  -52.244  -8.269  28.427 0.0000000000
74164  -51.549  -8.721  27.063 0.0000000000
73114  -51.253  -8.752  26.283 0.0000000000
77128  -53.245  -5.977  27.224 0.0000000000
76167  -53.722  -5.830  27.976 0.0000000000
78027  -55.646  -4.571  28.669 0.0000000000
69810  -47.796  -12.309  38.112 0.0000000000
156386  -46.170  -12.577  40.026 0.0000000000
132380  -44.973  -12.993  34.804 0.0000000000
68771  -44.877  -12.743  36.156 0.0000000000
68793  -45.417  -13.100  35.464 0.0000000000
68773  -46.326  -13.249  36.388 0.0000000000
53060  -22.469  -28.031  52.046 0.0000000000
55174  -21.496  -26.421  51.320 0.0000000000
55173  -20.831  -25.737  51.017 0.0000000000
55201  -20.544  -25.902  49.248 0.0000000000
133134  -19.915  -25.725  49.644 0.0000000000
55184  -19.722  -25.670  50.192 0.0000000000
132401  -19.233  -25.763  50.589 0.0000000000
54149  -18.115  -26.845  49.897 0.0000000000
53067  -17.337  -27.748  49.585 0.0000000000
65873  -5.910  -16.702  40.528 0.0000000000
62934  -5.471  -19.035  39.182 0.0000000000
61785  -6.929  -19.973  38.867 0.0000000000
58226  -9.042  -24.028  49.490 0.0000000000
58235  -9.417  -23.563  48.857 0.0000000000
56199  -9.940  -25.621  47.587 0.0000000000
55220  -10.242  -26.015  47.842 0.0000000000
130575  -9.838  -26.109  47.172 0.0000000000
55229  -9.687  -26.313  46.558 0.0000000000
132459  -9.220  -27.087  45.328 0.0000000000
137757  -13.078  -28.132  47.480 0.0000000000
53091  -13.018  -28.080  46.875 0.0000000000
54184  -12.162  -27.904  45.699 0.0000000000
50869  -11.964  -30.187  44.861 0.0000000000
53112  -12.289  -28.638  45.212 0.0000000000
53111  -11.634  -28.200  45.095 0.0000000000
53110  -10.527  -27.795  45.353 0.0000000000
53109  -9.531  -27.618  45.255 0.0000000000
53108  -8.718  -27.487  45.001 0.0000000000
53125  -8.252  -28.147  44.717 0.0000000000
52014  -7.928  -28.921  44.309 0.0000000000
52013  -6.938  -28.978  44.202 0.0000000000
50885  -8.306  -30.539  43.638 0.0000000000
52030  -6.783  -29.764  43.926 0.0000000000
50883  -6.081  -30.186  43.873 0.0000000000
150691  -5.310  -30.635  43.696 0.0000000000
45828  -7.822  -34.827  43.930 0.0000000000
59291  -13.087  -22.517  65.649 0.0000000000
58120  -11.859  -22.950  66.122 0.0000000000
57058  -12.402  -24.338  65.538 0.0000000000
58123  -11.783  -23.760  65.956 0.0000000000
57054  -10.922  -23.890  66.181 0.0000000000
57053  -10.066  -24.019  66.361 0.0000000000
56077  -8.463  -25.127  65.566 0.0000000000
131908  -10.736  -27.790  63.252 0.0000000000
52932  -10.417  -27.634  63.744 0.0000000000
133935  -9.932  -27.362  64.217 0.0000000000
52937  -9.125  -28.459  63.532 0.0000000000
52931  -9.591  -27.891  63.862 0.0000000000
54001  -9.835  -26.903  64.818 0.0000000000
144942  -8.992  -26.737  65.058 0.0000000000
143541  -8.839  -25.983  65.422 0.0000000000
133677  -7.991  -25.568  65.069 0.0000000000
55055  -7.760  -26.179  64.696 0.0000000000
55060  -7.233  -26.912  63.906 0.0000000000
54013  -6.455  -27.956  63.314 0.0000000000
51810  -6.481  -28.891  63.170 0.0000000000
51809  -6.321  -28.875  62.553 0.0000000000
52933  -6.152  -28.231  61.868 0.0000000000
142945  -4.683  -29.123  61.000 0.0000000000
51821  -4.149  -30.040  59.627 0.0000000000
51828  -3.650  -30.371  58.987 0.0000000000
68731  -40.337  -13.225  40.851 0.0000000000
68724  -40.251  -13.355  41.662 0.0000000000
67728  -40.037  -14.238  42.092 0.0000000000
57256  -37.290  -24.818  39.940 0.0000000000
56278  -37.103  -24.990  39.596 0.0000000000
58327  -36.503  -24.080  38.948 0.0000000000
64977  -37.155  -16.967  37.809 0.0000000000
64978  -37.787  -16.891  37.936 0.0000000000
65893  -38.523  -16.602  38.263 0.0000000000
65894  -39.172  -16.053  38.780 0.0000000000
66824  -39.462  -15.038  38.692 0.0000000000
66819  -39.589  -14.561  39.400 0.0000000000
67749  -39.981  -13.820  39.435 0.0000000000
55149  -26.819  -26.406  54.587 0.0000000000
54104  -25.888  -27.123  54.528 0.0000000000
53011  -24.797  -28.425  55.328 0.0000000000
50699  -23.836  -29.519  54.925 0.0000000000
50707  -23.564  -29.652  54.519 0.0000000000
147530  -23.115  -29.234  52.404 0.0000000000
51871  -31.264  -28.704  55.925 0.0000000000
50714  -30.848  -29.469  53.834 0.0000000000
145646  -30.669  -29.134  55.374 0.0000000000
51883  -30.366  -29.032  55.587 0.0000000000
51882  -29.921  -28.849  55.101 0.0000000000
51881  -28.965  -28.702  54.207 0.0000000000
49586  -28.887  -30.164  50.348 0.0000000000
49550  -28.661  -30.170  51.890 0.0000000000
137527  -26.962  -29.868  50.411 0.0000000000
129739  -28.129  -30.222  51.687 0.0000000000
50743  -28.450  -30.021  52.499 0.0000000000
50727  -27.906  -29.812  52.837 0.0000000000
143291  -28.341  -29.511  53.312 0.0000000000
51896  -28.053  -29.187  53.658 0.0000000000
51895  -26.967  -29.040  53.814 0.0000000000
50710  -26.323  -29.389  53.482 0.0000000000
134614  -25.156  -29.845  52.681 0.0000000000
49546  -24.662  -30.300  51.533 0.0000000000
49537  -24.963  -30.028  52.155 0.0000000000
50724  -24.390  -30.011  52.918 0.0000000000
50741  -23.636  -29.918  52.115 0.0000000000
154653  -23.253  -29.332  51.838 0.0000000000
153629  -22.919  -28.230  51.179 0.0000000000
139980  -22.706  -27.644  50.457 0.0000000000
129762  -22.033  -26.724  49.577 0.0000000000
77161  -54.997  -5.250  22.218 0.0000000000
77165  -55.079  -5.245  21.603 0.0000000000
78072  -56.462  -4.678  22.192 0.0000000000
77169  -55.880  -4.911  21.326 0.0000000000
79010  -57.812  -3.256  20.346 0.0000000000
60552  -6.207  -21.180  47.599 0.0000000000
59389  -7.814  -22.847  49.743 0.0000000000
59386  -5.649  -22.051  49.945 0.0000000000
59383  -6.156  -22.662  50.646 0.0000000000
59387  -6.275  -22.297  49.871 0.0000000000
59388  -6.916  -22.584  49.844 0.0000000000
55196  -9.838  -25.645  49.480 0.0000000000
56161  -9.106  -25.313  50.843 0.0000000000
56172  -9.809  -25.593  50.069 0.0000000000
151675  -10.366  -25.823  49.600 0.0000000000
56185  -11.308  -25.854  49.495 0.0000000000
55199  -12.571  -26.241  49.552 0.0000000000
54157  -12.900  -26.729  49.555 0.0000000000
57134  -10.790  -24.277  52.416 0.0000000000
57143  -11.665  -24.720  51.929 0.0000000000
57135  -12.060  -24.847  52.392 0.0000000000
56164  -12.114  -25.101  51.304 0.0000000000
55170  -12.626  -26.022  51.060 0.0000000000
54147  -12.691  -26.638  50.491 0.0000000000
53064  -12.681  -27.494  50.160 0.0000000000
53070  -12.330  -28.427  49.862 0.0000000000
51951  -10.897  -29.574  49.694 0.0000000000
53057  -11.295  -28.288  51.446 0.0000000000
51936  -10.449  -29.347  50.434 0.0000000000
51950  -9.881  -29.788  49.784 0.0000000000
50783  -8.457  -30.514  49.381 0.0000000000
151539  -7.803  -30.398  49.773 0.0000000000
70945  -53.019  -10.841  33.976 0.0000000000
70941  -53.132  -11.102  34.929 0.0000000000
69795  -48.888  -12.527  39.494 0.0000000000
142673  -41.539  -12.575  41.771 0.0000000000
64097  -47.617  -17.563  30.273 0.0000000000
65042  -48.002  -16.918  30.124 0.0000000000
65949  -48.225  -15.597  32.114 0.0000000000
65961  -48.037  -15.608  31.218 0.0000000000
65974  -48.016  -16.261  29.864 0.0000000000
65990  -47.859  -16.217  29.634 0.0000000000
66923  -48.122  -15.167  29.955 0.0000000000
136805  -48.038  -14.693  29.838 0.0000000000
67860  -48.933  -13.613  30.383 0.0000000000
67861  -49.589  -13.222  30.671 0.0000000000
67835  -50.592  -13.350  32.449 0.0000000000
68828  -50.865  -12.604  32.164 0.0000000000
57063  -13.534  -24.596  64.546 0.0000000000
152726  -13.033  -25.744  64.281 0.0000000000
54015  -12.577  -26.927  63.126 0.0000000000
56093  -16.120  -25.540  63.346 0.0000000000
133920  -14.640  -26.227  62.759 0.0000000000
54017  -14.043  -26.229  62.327 0.0000000000
54016  -13.267  -26.506  62.535 0.0000000000
134423  -11.902  -27.614  62.078 0.0000000000
152678  -11.436  -28.234  61.552 0.0000000000
51826  -11.833  -28.517  60.774 0.0000000000
51830  -11.176  -28.843  60.200 0.0000000000
51831  -12.180  -28.774  59.919 0.0000000000
51836  -11.424  -29.106  59.502 0.0000000000
49520  -10.689  -30.335  58.305 0.0000000000
54128  -21.846  -27.446  52.499 0.0000000000
54117  -21.689  -27.632  53.394 0.0000000000
53037  -21.454  -27.875  54.134 0.0000000000
129203  -20.485  -26.020  53.066 0.0000000000
54116  -21.132  -27.219  53.950 0.0000000000
53023  -21.085  -27.661  54.656 0.0000000000
55137  -20.400  -26.875  56.053 0.0000000000
55157  -17.840  -26.227  52.619 0.0000000000
137840  -16.925  -26.309  53.860 0.0000000000
135843  -19.337  -26.222  55.151 0.0000000000
54085  -20.449  -27.271  56.764 0.0000000000
54073  -20.167  -27.059  57.568 0.0000000000
54064  -20.030  -26.964  58.454 0.0000000000
55113  -18.725  -26.404  57.573 0.0000000000
55103  -18.706  -26.493  58.256 0.0000000000
54054  -19.534  -26.640  59.423 0.0000000000
155420  -17.328  -26.477  59.842 0.0000000000
131580  -15.941  -26.470  59.186 0.0000000000
134829  -14.223  -27.402  58.544 0.0000000000
52972  -13.624  -28.032  58.307 0.0000000000
51877  -14.677  -28.570  55.488 0.0000000000
52993  -14.626  -28.500  56.239 0.0000000000
51875  -13.597  -29.468  55.556 0.0000000000
51864  -13.972  -28.807  56.583 0.0000000000
51846  -13.524  -28.346  57.868 0.0000000000
50684  -11.680  -30.120  57.435 0.0000000000
49526  -11.882  -30.768  56.406 0.0000000000
49525  -11.090  -30.933  56.654 0.0000000000
65848  -8.830  -16.786  43.655 0.0000000000
63936  -7.304  -18.660  46.156 0.0000000000
133025  -7.905  -18.466  44.856 0.0000000000
62878  -7.660  -19.812  44.478 0.0000000000
64916  -8.069  -18.137  44.235 0.0000000000
148486  -8.097  -17.868  43.551 0.0000000000
65847  -8.240  -17.385  43.127 0.0000000000
63969  -7.003  -18.350  41.820 0.0000000000
62905  -7.209  -19.559  41.550 0.0000000000
62904  -6.540  -19.111  41.102 0.0000000000
61772  -6.779  -19.828  39.968 0.0000000000
61786  -7.857  -20.298  39.307 0.0000000000
61797  -7.894  -20.433  38.161 0.0000000000
58239  -9.926  -23.012  48.218 0.0000000000
59407  -10.373  -22.602  47.485 0.0000000000
59413  -10.817  -22.289  46.740 0.0000000000
57181  -10.440  -24.114  46.951 0.0000000000
58247  -11.236  -22.808  46.425 0.0000000000
59414  -11.213  -22.207  46.034 0.0000000000
59421  -11.399  -22.355  45.283 0.0000000000
60577  -11.229  -21.758  44.780 0.0000000000
60586  -11.376  -21.725  43.841 0.0000000000
56213  -8.150  -26.037  44.660 0.0000000000
57200  -9.059  -25.157  44.697 0.0000000000
129177  -9.928  -24.695  44.408 0.0000000000
57208  -8.162  -25.003  43.242 0.0000000000
57209  -9.221  -24.809  43.632 0.0000000000
57210  -10.283  -24.369  43.525 0.0000000000
146893  -11.012  -23.970  43.472 0.0000000000
58281  -11.481  -22.575  42.616 0.0000000000
60606  -11.402  -21.913  42.352 0.0000000000
60619  -11.190  -21.878  41.710 0.0000000000
60618  -10.740  -21.422  41.318 0.0000000000
60633  -9.873  -20.984  40.102 0.0000000000
58300  -9.722  -23.050  40.212 0.0000000000
60642  -9.910  -21.682  39.855 0.0000000000
60641  -9.289  -21.217  39.479 0.0000000000
60640  -8.660  -21.195  38.934 0.0000000000
60648  -8.676  -21.403  38.098 0.0000000000
61811  -8.350  -20.973  37.874 0.0000000000
60653  -8.199  -21.537  37.662 0.0000000000
59493  -6.850  -22.547  37.120 0.0000000000
58333  -6.026  -23.336  36.983 0.0000000000
60504  -7.549  -21.647  59.459 0.0000000000
150078  -13.087  -20.345  65.040 0.0000000000
61551  -12.589  -20.305  65.564 0.0000000000
62663  -11.624  -19.513  65.416 0.0000000000
61547  -11.288  -20.569  66.321 0.0000000000
62659  -11.089  -19.811  66.002 0.0000000000
63787  -11.583  -19.092  64.673 0.0000000000
63786  -11.156  -19.015  64.514 0.0000000000
63785  -10.867  -18.900  63.865 0.0000000000
133278  -10.653  -19.338  63.822 0.0000000000
59287  -8.234  -23.615  65.331 0.0000000000
59293  -8.877  -22.982  65.324 0.0000000000
59294  -9.387  -22.181  64.985 0.0000000000
147998  -9.626  -21.450  65.241 0.0000000000
60465  -10.035  -20.738  64.943 0.0000000000
62670  -10.526  -19.644  63.733 0.0000000000
62669  -10.010  -18.954  62.997 0.0000000000
62675  -10.178  -19.530  62.973 0.0000000000
61558  -9.729  -19.699  62.430 0.0000000000
61565  -9.479  -20.129  61.860 0.0000000000
60476  -10.739  -21.632  61.515 0.0000000000
61566  -10.192  -20.799  61.590 0.0000000000
61575  -9.344  -20.660  61.148 0.0000000000
60489  -9.147  -21.132  60.345 0.0000000000
60505  -8.745  -21.539  59.578 0.0000000000
59321  -8.265  -21.996  59.021 0.0000000000
59335  -10.017  -22.595  58.438 0.0000000000
59348  -10.441  -23.207  57.871 0.0000000000
58156  -11.092  -23.659  58.864 0.0000000000
57098  -11.186  -24.143  58.276 0.0000000000
58168  -11.154  -23.938  57.274 0.0000000000
56133  -10.943  -24.909  57.043 0.0000000000
56138  -10.795  -25.413  56.368 0.0000000000
55133  -10.349  -26.464  55.612 0.0000000000
56119  -8.733  -25.662  59.630 0.0000000000
56123  -8.938  -25.905  58.994 0.0000000000
55101  -9.360  -26.342  57.888 0.0000000000
54068  -7.937  -27.608  57.492 0.0000000000
133381  -8.749  -26.866  57.495 0.0000000000
131397  -9.821  -26.714  56.313 0.0000000000
55132  -9.595  -27.062  55.373 0.0000000000
148091  -9.791  -27.177  54.612 0.0000000000
54111  -9.673  -27.561  53.934 0.0000000000
53035  -9.086  -28.113  53.376 0.0000000000
53054  -8.710  -28.772  51.937 0.0000000000
53033  -7.596  -28.980  53.333 0.0000000000
53053  -7.810  -29.076  51.979 0.0000000000
138433  -8.167  -29.348  51.383 0.0000000000
51934  -7.641  -29.856  50.783 0.0000000000
51948  -7.225  -30.227  50.186 0.0000000000
50782  -6.911  -30.625  49.786 0.0000000000
49505  -2.358  -31.095  58.915 0.0000000000
50675  -2.137  -30.361  58.995 0.0000000000
147393  -1.989  -32.893  58.715 0.0000000000
141362  -1.979  -32.214  58.573 0.0000000000
49518  -2.181  -31.514  58.419 0.0000000000
51842  -1.994  -30.208  58.816 0.0000000000
146236  -3.020  -30.918  57.949 0.0000000000
51851  -3.130  -30.751  57.203 0.0000000000
51860  -3.200  -30.659  56.257 0.0000000000
49527  -2.699  -31.722  55.805 0.0000000000
50693  -2.944  -31.205  55.994 0.0000000000
152414  -3.484  -30.246  55.882 0.0000000000
51872  -3.628  -30.174  55.460 0.0000000000
51888  -3.897  -30.162  54.554 0.0000000000
129510  -4.428  -30.069  54.160 0.0000000000
138455  -3.098  -33.868  54.058 0.0000000000
48516  -3.322  -32.394  54.102 0.0000000000
142832  -3.529  -31.687  53.770 0.0000000000
138741  -4.704  -30.200  53.346 0.0000000000
134094  -5.197  -30.082  52.527 0.0000000000
51912  -4.924  -30.395  51.962 0.0000000000
51921  -5.172  -30.478  51.106 0.0000000000
154746  -4.584  -31.722  51.008 0.0000000000
50766  -5.225  -30.636  50.371 0.0000000000
50767  -5.693  -30.559  50.261 0.0000000000
50781  -6.075  -30.759  49.865 0.0000000000
50798  -5.735  -31.275  49.481 0.0000000000
48557  -6.089  -32.585  48.521 0.0000000000
48567  -5.630  -33.120  48.295 0.0000000000
45784  -3.880  -35.824  47.738 0.0000000000
45678  -2.410  -35.871  55.553 0.0000000000
45685  -2.503  -35.847  54.943 0.0000000000
46728  -8.552  -34.486  44.397 0.0000000000
47536  -2.971  -33.378  54.376 0.0000000000
47609  -9.984  -32.853  44.844 0.0000000000
47621  -8.831  -33.857  44.345 0.0000000000
48524  -4.506  -32.097  51.654 0.0000000000
48555  -4.811  -32.927  48.742 0.0000000000
48556  -5.321  -32.464  48.713 0.0000000000
48591  -11.003  -31.715  44.950 0.0000000000
49499  -4.824  -30.956  60.341 0.0000000000
49516  -9.022  -30.999  59.149 0.0000000000
49523  -11.577  -30.440  56.949 0.0000000000
49532  -2.904  -32.182  54.811 0.0000000000
49534  -3.586  -31.198  53.779 0.0000000000
49545  -23.950  -30.258  51.558 0.0000000000
49549  -27.997  -30.222  52.239 0.0000000000
49558  -4.385  -31.208  52.396 0.0000000000
49565  -26.242  -29.794  50.899 0.0000000000
49566  -27.767  -29.970  51.011 0.0000000000
49568  -29.241  -30.092  51.084 0.0000000000
49579  -4.685  -31.498  50.383 0.0000000000
49582  -24.478  -30.328  50.738 0.0000000000
49588  -30.427  -30.203  50.282 0.0000000000
49590  -32.009  -30.569  50.189 0.0000000000
49593  -34.651  -30.391  49.892 0.0000000000
49621  -5.335  -31.799  49.119 0.0000000000
49623  -7.222  -31.559  48.792 0.0000000000
49625  -9.148  -31.211  48.122 0.0000000000
49629  -24.372  -29.865  49.551 0.0000000000
49644  -7.898  -32.178  48.288 0.0000000000
49646  -9.565  -31.643  47.501 0.0000000000
49662  -9.990  -32.012  46.816 0.0000000000
49668  -30.077  -29.957  46.564 0.0000000000
49684  -31.528  -30.243  46.297 0.0000000000
49709  -10.774  -30.793  43.990 0.0000000000
50651  -7.145  -29.164  62.624 0.0000000000
50653  -5.300  -29.932  60.942 0.0000000000
50654  -5.813  -29.859  61.406 0.0000000000
50655  -6.708  -29.703  61.867 0.0000000000
50658  -8.642  -29.177  61.494 0.0000000000
50659  -4.319  -30.614  59.700 0.0000000000
50661  -5.852  -30.215  61.142 0.0000000000
50664  -7.360  -30.159  61.376 0.0000000000
50671  -8.424  -30.271  60.485 0.0000000000
50680  -1.947  -30.479  59.036 0.0000000000
50701  -3.064  -31.370  55.369 0.0000000000
50709  -25.277  -29.162  53.617 0.0000000000
50718  -3.436  -31.127  54.326 0.0000000000
50719  -3.674  -30.813  53.858 0.0000000000
50725  -25.799  -29.783  53.047 0.0000000000
50726  -26.883  -29.878  53.063 0.0000000000
50728  -28.711  -29.746  52.939 0.0000000000
50736  -4.562  -30.716  52.390 0.0000000000
50742  -24.112  -30.160  52.234 0.0000000000
50756  -23.396  -29.373  51.363 0.0000000000
50780  -5.336  -30.917  49.878 0.0000000000
50784  -9.321  -30.275  49.210 0.0000000000
50799  -6.612  -31.090  49.377 0.0000000000
50827  -35.966  -29.350  48.596 0.0000000000
51806  -7.040  -28.513  63.509 0.0000000000
51807  -7.589  -28.636  63.452 0.0000000000
51808  -8.332  -28.745  63.045 0.0000000000
51811  -6.607  -28.808  63.077 0.0000000000
51817  -6.354  -29.242  62.103 0.0000000000
51824  -9.808  -29.171  61.142 0.0000000000
51827  -2.242  -30.290  59.190 0.0000000000
51829  -10.317  -29.223  60.581 0.0000000000
51834  -1.986  -30.016  59.165 0.0000000000
51843  -2.327  -30.023  59.075 0.0000000000
51861  -3.502  -30.095  56.579 0.0000000000
51862  -3.801  -29.789  55.888 0.0000000000
51870  -30.710  -29.030  55.981 0.0000000000
51873  -3.858  -29.924  55.211 0.0000000000
51899  -30.987  -29.271  54.663 0.0000000000
51902  -4.039  -30.459  53.737 0.0000000000
51904  -5.259  -29.960  53.134 0.0000000000
51907  -22.681  -28.724  53.015 0.0000000000
51911  -4.573  -30.493  52.847 0.0000000000
51922  -5.372  -30.188  51.585 0.0000000000
51925  -9.106  -29.180  51.271 0.0000000000
51927  -10.957  -28.820  50.996 0.0000000000
51931  -5.510  -30.399  50.791 0.0000000000
51949  -8.777  -30.012  49.914 0.0000000000
51958  -36.191  -29.249  49.944 0.0000000000
52011  -5.312  -28.855  43.917 0.0000000000
52016  -11.048  -29.261  44.266 0.0000000000
52018  -12.239  -29.421  44.922 0.0000000000
52033  -11.040  -30.059  44.046 0.0000000000
52927  -6.576  -27.990  63.540 0.0000000000
52928  -7.090  -28.011  63.784 0.0000000000
52929  -7.598  -28.163  64.071 0.0000000000
52934  -6.317  -28.432  62.682 0.0000000000
52941  -5.466  -28.708  61.504 0.0000000000
52942  -6.110  -28.853  61.890 0.0000000000
52945  -4.472  -29.653  60.279 0.0000000000
52980  -4.489  -28.583  57.456 0.0000000000
53003  -4.496  -29.420  55.735 0.0000000000
53006  -7.666  -28.810  55.365 0.0000000000
53026  -26.279  -27.668  54.214 0.0000000000
53058  -15.835  -28.126  51.261 0.0000000000
53071  -12.952  -27.610  49.246 0.0000000000
53095  -36.826  -27.643  47.752 0.0000000000
53099  -12.663  -28.512  46.101 0.0000000000
53128  -11.770  -28.904  44.628 0.0000000000
53140  -4.882  -28.184  43.421 0.0000000000
53998  -7.440  -26.897  64.314 0.0000000000
54003  -6.639  -27.282  63.252 0.0000000000
54004  -6.761  -27.428  63.522 0.0000000000
54006  -7.396  -27.579  64.281 0.0000000000
54014  -11.189  -27.476  63.738 0.0000000000
54018  -5.787  -27.736  61.468 0.0000000000
54021  -16.397  -26.633  61.278 0.0000000000
54041  -4.983  -27.677  60.308 0.0000000000
54050  -5.913  -27.616  59.366 0.0000000000
54057  -4.327  -27.922  58.728 0.0000000000
54081  -9.121  -27.274  56.113 0.0000000000
54092  -8.497  -28.199  55.236 0.0000000000
54106  -27.126  -26.799  54.471 0.0000000000
54113  -11.281  -27.015  53.068 0.0000000000
54195  -11.398  -27.677  45.652 0.0000000000
54200  -5.221  -27.657  43.577 0.0000000000
55054  -7.580  -26.067  64.264 0.0000000000
55056  -8.262  -26.398  65.084 0.0000000000
55057  -9.646  -26.258  65.395 0.0000000000
55064  -6.571  -27.209  62.827 0.0000000000
55073  -6.746  -26.652  62.699 0.0000000000
55088  -5.984  -26.888  61.059 0.0000000000
55093  -5.452  -27.590  59.912 0.0000000000
55095  -8.253  -26.205  59.169 0.0000000000
55100  -8.697  -26.455  58.418 0.0000000000
55104  -19.211  -26.638  58.635 0.0000000000
55122  -10.406  -26.110  56.296 0.0000000000
55156  -12.107  -25.714  52.782 0.0000000000
55185  -20.535  -25.752  50.161 0.0000000000
55186  -21.317  -26.142  50.590 0.0000000000
55241  -6.386  -26.718  43.962 0.0000000000
55251  -4.990  -26.566  42.771 0.0000000000
56074  -9.096  -24.822  66.029 0.0000000000
56081  -12.167  -25.189  65.365 0.0000000000
56089  -7.224  -26.129  63.338 0.0000000000
56098  -7.022  -26.065  62.898 0.0000000000
56107  -7.396  -25.579  61.674 0.0000000000
56151  -11.230  -25.468  54.412 0.0000000000
56154  -11.656  -25.462  53.520 0.0000000000
56175  -12.362  -25.574  50.793 0.0000000000
56214  -8.978  -25.833  45.181 0.0000000000
56219  -6.094  -26.573  43.747 0.0000000000
56222  -8.525  -25.651  44.762 0.0000000000
56229  -5.549  -26.143  43.177 0.0000000000
56237  -5.355  -25.697  42.621 0.0000000000
56242  -5.305  -25.311  41.598 0.0000000000
57051  -8.553  -24.265  65.858 0.0000000000
57055  -7.362  -25.288  64.415 0.0000000000
57057  -11.489  -24.651  65.796 0.0000000000
57062  -7.029  -24.306  64.611 0.0000000000
57068  -7.389  -24.545  63.999 0.0000000000
57075  -7.645  -24.884  63.217 0.0000000000
57099  -11.236  -24.079  57.717 0.0000000000
57107  -11.169  -24.309  57.315 0.0000000000
57114  -11.101  -24.343  56.757 0.0000000000
57125  -8.012  -23.902  52.566 0.0000000000
57144  -12.211  -25.017  51.892 0.0000000000
57211  -10.794  -24.236  44.200 0.0000000000
57220  -9.878  -24.340  42.755 0.0000000000
58116  -8.734  -23.658  65.900 0.0000000000
58119  -11.206  -23.249  66.336 0.0000000000
58121  -7.851  -23.913  65.330 0.0000000000
58122  -8.497  -23.598  65.619 0.0000000000
58139  -9.484  -23.674  63.118 0.0000000000
58154  -11.154  -22.910  60.376 0.0000000000
58155  -11.225  -22.640  60.916 0.0000000000
58159  -11.067  -23.724  57.985 0.0000000000
58192  -9.657  -23.268  54.188 0.0000000000
58203  -11.068  -23.824  53.147 0.0000000000
58256  -11.148  -23.568  46.305 0.0000000000
58280  -11.343  -23.383  42.921 0.0000000000
59282  -9.112  -23.057  65.827 0.0000000000
59286  -11.883  -22.146  66.287 0.0000000000
59428  -11.562  -22.509  44.416 0.0000000000
60455  -9.752  -21.600  66.181 0.0000000000
60457  -11.149  -21.582  66.484 0.0000000000
60462  -13.204  -20.855  65.372 0.0000000000
60567  -11.090  -21.790  45.521 0.0000000000
60596  -11.059  -21.358  43.041 0.0000000000
60597  -11.503  -21.997  43.051 0.0000000000
60605  -10.928  -21.379  42.120 0.0000000000
60634  -10.372  -21.538  40.554 0.0000000000
61548  -12.116  -20.569  66.112 0.0000000000
61554  -10.418  -20.269  64.309 0.0000000000
61723  -8.479  -20.662  44.232 0.0000000000
61754  -6.887  -19.622  40.813 0.0000000000
61798  -8.406  -20.836  38.542 0.0000000000
62662  -11.068  -19.487  65.333 0.0000000000
62664  -12.248  -19.679  65.255 0.0000000000
62666  -12.959  -19.155  64.124 0.0000000000
62913  -39.744  -18.896  42.206 0.0000000000
62953  -5.365  -18.488  38.171 0.0000000000
63788  -12.069  -19.211  64.678 0.0000000000
63979  -5.804  -17.971  40.778 0.0000000000
64009  -5.275  -18.017  39.038 0.0000000000
64072  -47.089  -16.572  31.112 0.0000000000
64747  -11.308  -17.887  63.375 0.0000000000
64750  -11.986  -17.160  63.139 0.0000000000
64761  -12.442  -17.386  61.496 0.0000000000
65007  -47.071  -15.900  32.400 0.0000000000
65008  -47.698  -15.774  32.263 0.0000000000
65021  -47.587  -15.997  31.494 0.0000000000
65054  -48.063  -16.990  29.616 0.0000000000
65655  -11.418  -16.906  62.843 0.0000000000
65975  -47.986  -15.878  30.392 0.0000000000
66855  -46.448  -15.021  34.125 0.0000000000
66907  -48.835  -14.533  30.851 0.0000000000
66942  -47.752  -15.373  29.719 0.0000000000
67834  -50.106  -13.888  32.757 0.0000000000
67847  -49.905  -13.486  31.187 0.0000000000
67859  -48.422  -14.183  30.035 0.0000000000
68798  -51.430  -13.378  35.777 0.0000000000
68818  -51.892  -12.907  34.506 0.0000000000
69811  -48.787  -12.555  38.646 0.0000000000
69889  -50.323  -11.900  30.699 0.0000000000
70957  -51.302  -10.968  30.553 0.0000000000
70982  -50.666  -10.419  29.166 0.0000000000
77153  -54.736  -5.046  23.252 0.0000000000
78067  -55.692  -4.773  23.369 0.0000000000
129327  -23.397  -29.669  51.929 0.0000000000
129940  -31.908  -30.343  47.225 0.0000000000
130758  -10.086  -31.339  57.906 0.0000000000
131250  -3.597  -30.377  54.962 0.0000000000
131800  -10.407  -23.652  41.555 0.0000000000
131886  -5.931  -27.459  44.086 0.0000000000
132116  -10.278  -26.694  54.851 0.0000000000
135605  -27.567  -30.056  49.334 0.0000000000
135977  -7.674  -24.879  65.172 0.0000000000
136802  -11.331  -23.034  42.167 0.0000000000
137241  -9.239  -31.349  58.609 0.0000000000
137801  -8.380  -35.171  44.513 0.0000000000
138078  -6.224  -29.825  52.418 0.0000000000
138398  -8.911  -28.139  64.140 0.0000000000
139735  -2.461  -31.733  57.378 0.0000000000
140761  -26.079  -30.223  49.962 0.0000000000
140883  -5.315  -25.352  42.161 0.0000000000
141056  -10.422  -20.967  62.256 0.0000000000
141469  -4.884  -31.016  50.006 0.0000000000
141621  -11.449  -31.113  44.862 0.0000000000
142458  -25.305  -27.572  54.980 0.0000000000
144143  -6.533  -29.459  62.009 0.0000000000
145901  -9.427  -25.540  45.887 0.0000000000
146384  -22.499  -28.883  53.696 0.0000000000
147432  -11.267  -23.657  45.584 0.0000000000
148069  -12.415  -18.758  64.076 0.0000000000
148626  -12.206  -29.931  46.152 0.0000000000
148676  -9.962  -32.073  43.903 0.0000000000
149630  -7.511  -23.498  52.590 0.0000000000
149754  -6.456  -29.001  55.781 0.0000000000
150285  -3.410  -30.370  57.469 0.0000000000
150795  -10.033  -28.183  44.849 0.0000000000
150900  -11.693  -30.661  44.852 0.0000000000
151044  -6.347  -27.824  62.165 0.0000000000
151463  -9.239  -32.295  43.682 0.0000000000
151504  -34.989  -29.421  47.386 0.0000000000
152161  -8.407  -25.778  65.304 0.0000000000
152299  -10.417  -18.703  63.241 0.0000000000
152868  -12.468  -22.595  65.981 0.0000000000
153269  -2.813  -34.010  54.353 0.0000000000
153427  -32.037  -30.581  49.725 0.0000000000
153573  -37.699  -25.121  39.832 0.0000000000
153881  -29.188  -30.051  49.371 0.0000000000
155078  -9.717  -22.415  39.794 0.0000000000
155634  -48.033  -15.781  29.865 0.0000000000
155917  -46.770  -12.637  39.254 0.0000000000
156120  -10.350  -25.403  58.261 0.0000000000
