#!ascii label  , from subject sub125 vox2ras=TkReg
1442
100795  -60.505  19.616  15.062 0.0000000000
112744  -48.648  35.052  4.598 0.0000000000
142421  -48.190  24.505  15.024 0.0000000000
134291  -56.122  28.334  7.618 0.0000000000
110260  -55.362  31.515  0.535 0.0000000000
108524  -54.885  29.573  4.323 0.0000000000
104460  -56.068  23.769  -0.341 0.0000000000
105280  -50.532  25.335  4.474 0.0000000000
95419  -56.771  13.664  22.366 0.0000000000
99137  -58.356  17.950  20.964 0.0000000000
115979  -44.010  40.532  8.239 0.0000000000
115313  -53.983  39.856  8.638 0.0000000000
114061  -55.598  36.931  1.428 0.0000000000
102105  -54.691  21.863  15.708 0.0000000000
155826  -48.258  30.278  9.542 0.0000000000
107523  -54.917  29.634  12.199 0.0000000000
151412  -58.004  25.260  12.869 0.0000000000
155668  -54.789  22.886  8.883 0.0000000000
149357  -48.278  20.579  10.347 0.0000000000
100801  -59.980  20.574  13.211 0.0000000000
108603  -56.462  29.133  -2.074 0.0000000000
106118  -56.974  26.175  -0.954 0.0000000000
104508  -54.385  24.057  -3.300 0.0000000000
104472  -51.575  23.544  -1.609 0.0000000000
96380  -58.734  15.165  22.900 0.0000000000
133331  -55.662  17.069  23.293 0.0000000000
116583  -38.847  41.445  7.729 0.0000000000
114674  -56.113  38.532  5.032 0.0000000000
100048  -52.534  19.118  15.735 0.0000000000
103533  -51.419  23.524  17.079 0.0000000000
135473  -46.311  34.567  6.411 0.0000000000
132912  -48.024  30.953  5.515 0.0000000000
108514  -58.470  29.068  5.789 0.0000000000
110188  -55.284  32.151  8.916 0.0000000000
108444  -57.168  31.140  10.486 0.0000000000
107506  -57.225  29.195  14.199 0.0000000000
106796  -55.725  27.705  11.213 0.0000000000
103572  -56.519  24.222  10.505 0.0000000000
105241  -54.020  25.538  9.387 0.0000000000
102164  -50.341  22.095  6.824 0.0000000000
111525  -52.055  33.989  1.958 0.0000000000
109430  -50.878  30.079  3.327 0.0000000000
107591  -53.602  28.484  1.570 0.0000000000
156009  -58.382  26.466  2.480 0.0000000000
105294  -57.051  25.471  3.787 0.0000000000
106053  -54.301  26.581  5.395 0.0000000000
105319  -53.700  25.250  1.475 0.0000000000
105330  -49.403  25.386  0.433 0.0000000000
96417  -57.903  14.602  19.943 0.0000000000
141374  -60.254  15.674  19.239 0.0000000000
100023  -59.228  18.466  17.680 0.0000000000
115948  -41.061  40.408  10.500 0.0000000000
145262  -43.897  38.472  9.022 0.0000000000
113339  -48.436  36.721  8.395 0.0000000000
149527  -51.796  37.469  6.689 0.0000000000
134911  -54.778  36.448  3.778 0.0000000000
112145  -57.141  34.260  2.142 0.0000000000
110985  -54.714  32.199  -2.253 0.0000000000
113458  -53.899  35.975  -1.170 0.0000000000
99149  -53.878  17.758  19.627 0.0000000000
133738  -56.059  18.428  17.311 0.0000000000
101449  -57.836  21.068  16.178 0.0000000000
106005  -47.539  26.486  11.164 0.0000000000
108478  -52.014  29.854  7.429 0.0000000000
108438  -50.939  30.215  10.376 0.0000000000
105224  -50.941  25.898  12.826 0.0000000000
105185  -54.404  25.594  15.501 0.0000000000
104297  -57.024  24.448  16.087 0.0000000000
102814  -59.768  22.711  13.976 0.0000000000
102120  -57.693  22.192  13.206 0.0000000000
102117  -54.882  21.234  12.423 0.0000000000
100808  -52.297  20.473  11.819 0.0000000000
130372  -52.528  23.640  6.958 0.0000000000
102841  -51.040  22.153  9.885 0.0000000000
100079  -50.287  18.800  11.315 0.0000000000
99203  -61.258  17.937  15.040 0.0000000000
100798  -61.290  19.453  13.626 0.0000000000
100802  -60.902  20.277  13.214 0.0000000000
107642  -54.846  28.428  -3.747 0.0000000000
106160  -55.300  26.836  -3.506 0.0000000000
141877  -53.820  25.811  -3.034 0.0000000000
104491  -51.916  23.629  -3.595 0.0000000000
130317  -49.529  24.294  15.694 0.0000000000
112735  -47.736  35.050  5.701 0.0000000000
107555  -58.121  28.415  6.932 0.0000000000
109385  -57.688  31.365  8.254 0.0000000000
108466  -56.803  30.205  9.128 0.0000000000
108443  -56.603  30.282  10.860 0.0000000000
107537  -54.857  28.369  9.355 0.0000000000
106019  -54.962  26.802  10.599 0.0000000000
106801  -54.243  27.739  8.844 0.0000000000
110944  -53.166  32.798  1.250 0.0000000000
109445  -52.402  31.072  1.339 0.0000000000
108581  -53.875  29.516  0.005 0.0000000000
104476  -57.417  24.600  -1.149 0.0000000000
148408  -57.964  25.509  0.202 0.0000000000
104432  -58.107  24.258  1.248 0.0000000000
131971  -58.378  25.922  3.277 0.0000000000
104420  -57.323  24.407  2.308 0.0000000000
105305  -54.897  25.341  2.440 0.0000000000
105320  -54.581  24.712  1.214 0.0000000000
104456  -50.633  24.069  -1.235 0.0000000000
98272  -59.006  17.218  22.517 0.0000000000
97375  -59.685  15.865  20.827 0.0000000000
99155  -59.550  17.495  20.106 0.0000000000
99192  -60.377  17.448  18.280 0.0000000000
99996  -58.539  18.213  19.154 0.0000000000
115989  -41.895  40.814  7.031 0.0000000000
115966  -42.502  40.629  8.792 0.0000000000
115299  -44.486  40.352  9.175 0.0000000000
113337  -46.668  37.297  8.854 0.0000000000
114633  -46.489  39.180  9.425 0.0000000000
115304  -52.097  40.219  9.518 0.0000000000
113981  -51.661  38.258  8.715 0.0000000000
130241  -53.300  37.981  7.702 0.0000000000
114011  -53.229  37.263  5.152 0.0000000000
114003  -55.060  37.678  6.498 0.0000000000
114035  -56.231  37.659  3.043 0.0000000000
113389  -56.781  36.074  4.190 0.0000000000
112787  -56.954  35.386  1.962 0.0000000000
111563  -56.697  33.345  0.122 0.0000000000
112167  -55.404  34.499  -0.573 0.0000000000
112176  -54.727  34.106  -1.534 0.0000000000
113452  -54.469  36.527  -0.168 0.0000000000
143137  -48.958  17.138  18.578 0.0000000000
97389  -49.627  15.871  19.548 0.0000000000
99146  -50.541  17.014  19.332 0.0000000000
99132  -52.911  17.102  20.662 0.0000000000
135004  -51.738  17.664  18.531 0.0000000000
134798  -54.064  21.122  15.572 0.0000000000
100778  -54.759  18.954  16.159 0.0000000000
100792  -55.572  20.191  15.774 0.0000000000
131466  -57.111  19.405  16.606 0.0000000000
101459  -56.427  21.470  15.938 0.0000000000
135226  -45.972  30.143  10.488 0.0000000000
106788  -46.389  27.626  10.960 0.0000000000
106790  -48.103  28.644  10.545 0.0000000000
108523  -53.302  29.470  4.230 0.0000000000
108521  -51.633  29.488  4.745 0.0000000000
108509  -52.978  29.597  5.705 0.0000000000
109362  -54.829  31.493  10.399 0.0000000000
109371  -52.860  31.366  9.504 0.0000000000
107533  -52.389  29.316  10.633 0.0000000000
106781  -51.546  27.481  11.097 0.0000000000
106771  -53.040  27.363  12.062 0.0000000000
105213  -52.684  25.759  13.689 0.0000000000
106764  -54.061  27.130  13.260 0.0000000000
105989  -57.518  26.958  13.809 0.0000000000
105980  -56.872  26.666  15.223 0.0000000000
104332  -57.845  25.055  14.744 0.0000000000
103551  -58.530  23.523  15.332 0.0000000000
103555  -58.965  23.484  13.753 0.0000000000
102817  -59.358  22.791  13.657 0.0000000000
103558  -57.927  23.664  12.573 0.0000000000
102846  -55.736  23.552  9.842 0.0000000000
102832  -55.800  23.239  10.855 0.0000000000
102830  -54.369  22.391  10.993 0.0000000000
102116  -54.027  21.046  12.184 0.0000000000
102829  -53.413  22.188  10.714 0.0000000000
156329  -52.558  26.316  4.884 0.0000000000
106044  -52.577  26.267  6.440 0.0000000000
105274  -51.343  25.463  5.633 0.0000000000
102157  -49.168  21.852  8.550 0.0000000000
152550  -51.245  22.331  7.779 0.0000000000
102138  -49.723  21.363  10.352 0.0000000000
101498  -50.085  20.885  10.995 0.0000000000
101483  -48.997  19.739  10.956 0.0000000000
100077  -48.646  18.292  11.087 0.0000000000
98321  -60.544  15.719  15.769 0.0000000000
100813  -58.225  19.586  12.899 0.0000000000
108584  -56.367  30.289  -0.615 0.0000000000
150309  -55.552  27.751  -0.947 0.0000000000
107628  -56.554  28.154  -1.987 0.0000000000
105371  -56.805  25.354  -2.413 0.0000000000
153421  -54.929  23.732  -2.051 0.0000000000
104458  -53.614  23.607  -1.462 0.0000000000
103687  -53.486  23.321  -3.080 0.0000000000
96378  -57.547  14.041  22.938 0.0000000000
96370  -57.605  14.852  24.237 0.0000000000
99119  -56.896  17.635  22.757 0.0000000000
150620  -41.624  41.821  6.363 0.0000000000
115320  -55.505  39.051  6.831 0.0000000000
115359  -55.077  39.832  2.473 0.0000000000
114707  -54.515  38.257  0.634 0.0000000000
100033  -51.335  18.343  16.333 0.0000000000
102102  -51.647  21.693  15.849 0.0000000000
102804  -53.368  23.307  16.549 0.0000000000
108489  -48.036  29.383  6.847 0.0000000000
108526  -57.244  29.267  4.801 0.0000000000
108497  -55.489  30.301  6.085 0.0000000000
109395  -56.900  31.299  6.934 0.0000000000
110181  -55.919  32.278  9.565 0.0000000000
109344  -55.731  31.178  12.109 0.0000000000
107514  -56.400  29.845  13.700 0.0000000000
109346  -57.080  30.885  12.597 0.0000000000
142101  -57.046  28.636  12.412 0.0000000000
105998  -57.147  26.916  12.397 0.0000000000
104344  -57.343  24.585  11.606 0.0000000000
106021  -56.524  25.627  11.130 0.0000000000
105243  -55.791  24.431  9.891 0.0000000000
104357  -55.189  23.749  8.791 0.0000000000
104393  -50.433  24.264  5.592 0.0000000000
104335  -46.015  24.773  13.912 0.0000000000
112110  -50.356  34.663  2.954 0.0000000000
110926  -49.715  32.486  3.402 0.0000000000
110931  -51.113  32.503  2.496 0.0000000000
108546  -52.177  29.509  2.341 0.0000000000
107571  -54.467  28.791  2.866 0.0000000000
106860  -55.345  26.781  0.038 0.0000000000
106853  -56.264  27.215  1.880 0.0000000000
107584  -57.026  28.391  3.114 0.0000000000
107574  -58.463  28.009  4.330 0.0000000000
106057  -58.660  26.845  5.091 0.0000000000
106825  -57.295  26.827  5.912 0.0000000000
106815  -54.903  27.203  6.657 0.0000000000
106066  -55.125  26.341  4.666 0.0000000000
106080  -53.616  26.289  3.495 0.0000000000
136747  -52.366  26.164  2.761 0.0000000000
105333  -52.996  24.729  0.271 0.0000000000
148353  -51.882  25.562  1.110 0.0000000000
96402  -58.642  14.792  20.745 0.0000000000
97399  -59.832  14.998  19.198 0.0000000000
150816  -59.852  14.945  17.146 0.0000000000
98315  -60.632  16.450  17.770 0.0000000000
100025  -60.581  17.748  16.993 0.0000000000
100784  -60.160  19.072  15.908 0.0000000000
113967  -42.168  37.203  10.066 0.0000000000
115287  -42.408  40.092  9.679 0.0000000000
113327  -43.931  36.559  9.048 0.0000000000
113336  -45.516  36.264  8.658 0.0000000000
112729  -47.399  35.678  7.440 0.0000000000
113362  -48.791  36.170  6.093 0.0000000000
115302  -47.152  40.289  9.190 0.0000000000
113979  -49.350  38.044  9.257 0.0000000000
113347  -50.144  37.132  7.319 0.0000000000
113371  -49.865  36.409  5.102 0.0000000000
113384  -51.332  36.635  3.439 0.0000000000
113407  -52.741  36.265  2.844 0.0000000000
112142  -54.507  34.166  1.706 0.0000000000
113373  -56.351  36.469  5.345 0.0000000000
112776  -55.873  35.072  3.097 0.0000000000
110946  -56.224  32.818  1.581 0.0000000000
110971  -56.733  32.151  0.224 0.0000000000
109499  -55.655  30.537  -2.483 0.0000000000
110301  -53.738  31.681  -3.824 0.0000000000
111579  -53.619  33.422  -3.695 0.0000000000
114073  -54.188  37.670  -0.333 0.0000000000
99124  -54.144  17.424  21.505 0.0000000000
99151  -55.577  17.985  20.180 0.0000000000
100035  -53.628  18.032  16.957 0.0000000000
99191  -54.667  18.032  18.305 0.0000000000
100005  -56.920  18.299  18.866 0.0000000000
100022  -58.241  18.613  17.570 0.0000000000
100782  -58.871  19.780  16.465 0.0000000000
101451  -59.326  20.507  15.948 0.0000000000
149700  -47.950  25.168  13.319 0.0000000000
109428  -49.411  30.686  3.914 0.0000000000
108506  -50.025  29.263  5.977 0.0000000000
108465  -49.713  29.785  8.188 0.0000000000
129191  -53.358  30.955  8.190 0.0000000000
109381  -51.111  31.068  9.050 0.0000000000
108453  -49.125  30.425  10.226 0.0000000000
106792  -50.105  28.210  10.468 0.0000000000
105994  -49.936  26.211  11.706 0.0000000000
105196  -49.728  25.237  13.935 0.0000000000
104330  -51.425  24.666  15.518 0.0000000000
104313  -53.016  24.627  16.011 0.0000000000
154602  -54.378  24.399  16.433 0.0000000000
142783  -56.253  27.698  14.797 0.0000000000
143477  -55.429  25.770  15.870 0.0000000000
103537  -55.767  23.849  16.379 0.0000000000
148724  -57.965  23.086  15.874 0.0000000000
102106  -59.083  22.124  15.425 0.0000000000
101463  -60.211  21.591  14.195 0.0000000000
101467  -59.948  21.351  13.479 0.0000000000
101466  -59.317  21.234  13.370 0.0000000000
102111  -57.405  21.128  13.307 0.0000000000
103557  -57.164  23.578  12.121 0.0000000000
102119  -56.694  21.809  13.007 0.0000000000
100811  -55.877  19.516  12.655 0.0000000000
138422  -54.926  19.614  12.474 0.0000000000
100062  -53.166  18.958  11.869 0.0000000000
106803  -53.766  27.199  7.539 0.0000000000
105249  -53.062  25.236  8.129 0.0000000000
103590  -54.244  22.987  7.784 0.0000000000
102887  -51.870  22.908  6.720 0.0000000000
102869  -52.690  22.666  7.564 0.0000000000
102857  -53.076  22.589  9.217 0.0000000000
139982  -51.785  21.227  11.414 0.0000000000
101486  -51.318  20.382  11.551 0.0000000000
100052  -61.077  19.057  14.611 0.0000000000
100797  -60.921  20.133  14.088 0.0000000000
155654  -54.079  28.128  -3.433 0.0000000000
106913  -54.314  27.617  -3.441 0.0000000000
106150  -53.368  26.450  -2.562 0.0000000000
103549  -49.244  23.712  16.543 0.0000000000
104309  -48.646  24.169  15.705 0.0000000000
112094  -48.210  34.401  5.105 0.0000000000
111501  -47.942  33.471  5.223 0.0000000000
112101  -48.485  34.176  4.183 0.0000000000
107554  -57.119  28.041  6.979 0.0000000000
132341  -57.546  28.882  7.547 0.0000000000
107542  -56.794  29.390  8.394 0.0000000000
107541  -55.712  29.203  9.061 0.0000000000
147681  -55.643  28.628  8.304 0.0000000000
107544  -55.175  28.127  7.923 0.0000000000
110945  -54.030  32.532  0.938 0.0000000000
110258  -53.246  31.138  0.702 0.0000000000
142282  -54.214  31.166  0.352 0.0000000000
133687  -56.855  23.848  -0.100 0.0000000000
104446  -58.029  24.312  0.427 0.0000000000
104445  -57.528  23.957  0.557 0.0000000000
104431  -57.507  24.073  1.436 0.0000000000
104444  -56.591  23.899  0.626 0.0000000000
104429  -55.549  24.204  1.005 0.0000000000
133917  -55.653  23.934  0.215 0.0000000000
95430  -56.439  13.782  21.516 0.0000000000
153354  -58.062  17.997  21.643 0.0000000000
99139  -59.298  17.254  21.074 0.0000000000
99138  -58.959  17.722  20.808 0.0000000000
99154  -58.661  18.030  20.037 0.0000000000
115990  -42.642  40.795  6.924 0.0000000000
115978  -42.558  40.587  7.775 0.0000000000
115968  -44.677  40.558  8.905 0.0000000000
115291  -45.956  39.915  9.386 0.0000000000
115300  -45.343  40.258  9.127 0.0000000000
148026  -53.500  40.388  8.443 0.0000000000
131855  -51.976  41.125  8.864 0.0000000000
115306  -53.521  40.197  9.062 0.0000000000
114646  -52.698  39.182  9.136 0.0000000000
113990  -54.279  38.368  7.950 0.0000000000
113995  -53.916  37.876  6.932 0.0000000000
114662  -54.763  38.655  7.931 0.0000000000
114050  -55.916  37.315  2.204 0.0000000000
114036  -56.768  36.572  2.989 0.0000000000
113438  -56.164  36.046  1.206 0.0000000000
112810  -56.071  34.839  0.161 0.0000000000
112798  -55.590  35.757  0.403 0.0000000000
112809  -54.858  35.397  -0.386 0.0000000000
113437  -55.138  36.643  0.711 0.0000000000
99184  -48.173  17.717  17.412 0.0000000000
99185  -48.906  17.456  17.835 0.0000000000
99169  -49.662  17.068  18.933 0.0000000000
137500  -50.594  17.336  18.339 0.0000000000
99171  -51.024  17.293  18.987 0.0000000000
101457  -54.775  20.662  15.591 0.0000000000
101458  -55.571  21.205  15.730 0.0000000000
100793  -56.196  20.665  15.890 0.0000000000
102095  -55.772  22.280  15.988 0.0000000000
108462  -47.469  29.707  8.956 0.0000000000
108450  -46.951  30.231  9.937 0.0000000000
107528  -47.238  29.410  10.619 0.0000000000
108436  -48.266  30.244  10.201 0.0000000000
141195  -54.129  29.478  4.012 0.0000000000
150453  -53.361  29.542  5.045 0.0000000000
108510  -53.850  29.718  5.611 0.0000000000
108424  -54.416  29.983  11.396 0.0000000000
108441  -53.967  30.567  10.677 0.0000000000
107522  -53.925  28.984  11.535 0.0000000000
107521  -52.948  28.577  11.105 0.0000000000
106783  -53.451  28.026  11.727 0.0000000000
106772  -53.822  27.591  12.457 0.0000000000
106773  -54.708  28.089  13.079 0.0000000000
105215  -57.721  25.919  13.319 0.0000000000
105201  -57.450  26.131  14.460 0.0000000000
138500  -58.015  25.215  13.737 0.0000000000
104333  -58.527  24.339  14.010 0.0000000000
104339  -58.250  24.660  13.003 0.0000000000
104340  -58.466  23.908  13.136 0.0000000000
135308  -55.192  23.155  9.179 0.0000000000
102845  -55.200  22.940  10.256 0.0000000000
102844  -54.479  22.711  9.734 0.0000000000
106063  -52.044  26.229  4.274 0.0000000000
106051  -51.932  26.062  5.200 0.0000000000
105281  -51.265  25.720  4.806 0.0000000000
102148  -48.489  21.517  9.266 0.0000000000
102149  -49.373  21.713  9.550 0.0000000000
102137  -48.852  21.100  10.159 0.0000000000
101497  -49.437  20.765  10.701 0.0000000000
133615  -48.902  20.366  10.696 0.0000000000
101496  -48.235  19.874  10.714 0.0000000000
133307  -61.005  16.014  15.304 0.0000000000
100068  -59.931  19.371  12.196 0.0000000000
100814  -59.397  19.808  12.852 0.0000000000
108595  -56.470  29.777  -1.245 0.0000000000
107616  -56.389  28.876  -1.466 0.0000000000
107636  -56.263  28.302  -2.626 0.0000000000
149430  -55.018  25.821  -3.387 0.0000000000
134036  -55.817  26.126  -3.260 0.0000000000
104509  -55.664  24.873  -2.878 0.0000000000
104493  -55.916  24.405  -2.427 0.0000000000
103688  -54.460  23.693  -2.908 0.0000000000
153603  -54.164  23.529  -2.456 0.0000000000
103705  -53.722  23.616  -3.266 0.0000000000
103703  -51.433  23.280  -4.085 0.0000000000
151624  -56.728  14.389  24.915 0.0000000000
98270  -57.541  17.207  23.413 0.0000000000
99118  -56.074  17.460  22.916 0.0000000000
117738  -40.339  43.006  6.687 0.0000000000
115352  -55.275  39.765  3.387 0.0000000000
115358  -54.592  40.674  2.078 0.0000000000
103532  -50.677  23.260  17.150 0.0000000000
102093  -51.001  22.297  16.466 0.0000000000
102094  -51.864  22.516  16.477 0.0000000000
102103  -52.650  21.977  15.881 0.0000000000
130439  -51.989  23.151  16.942 0.0000000000
112084  -45.247  34.640  7.255 0.0000000000
109408  -48.425  29.712  6.205 0.0000000000
108527  -58.119  29.227  5.311 0.0000000000
109410  -56.697  30.474  6.059 0.0000000000
108499  -58.188  30.422  6.642 0.0000000000
109384  -57.172  31.702  9.082 0.0000000000
110189  -57.113  32.073  8.627 0.0000000000
110182  -56.427  32.124  10.210 0.0000000000
110174  -56.065  32.185  10.324 0.0000000000
110167  -56.467  31.804  11.145 0.0000000000
109345  -56.664  31.018  12.416 0.0000000000
108426  -57.245  31.212  11.460 0.0000000000
107535  -55.965  29.105  10.990 0.0000000000
107524  -56.576  28.970  11.850 0.0000000000
106784  -56.524  27.870  11.822 0.0000000000
106785  -56.839  27.388  12.116 0.0000000000
106011  -56.881  26.273  11.643 0.0000000000
106010  -56.385  26.771  11.535 0.0000000000
106023  -54.484  26.153  9.994 0.0000000000
105234  -55.330  25.526  10.367 0.0000000000
105242  -54.982  24.989  9.672 0.0000000000
150114  -55.430  24.182  9.266 0.0000000000
140551  -51.110  34.163  2.529 0.0000000000
111523  -50.744  33.256  2.688 0.0000000000
111524  -51.456  33.266  2.274 0.0000000000
108557  -53.073  28.991  1.256 0.0000000000
108555  -52.128  30.251  1.688 0.0000000000
107581  -52.884  28.954  2.005 0.0000000000
107570  -53.623  28.753  2.481 0.0000000000
107582  -54.327  28.212  2.099 0.0000000000
106875  -56.488  26.704  -1.328 0.0000000000
106873  -54.967  27.460  -0.346 0.0000000000
106117  -56.160  26.379  -0.448 0.0000000000
139880  -57.522  25.989  0.910 0.0000000000
106102  -56.490  26.542  1.199 0.0000000000
106093  -57.679  26.751  1.959 0.0000000000
107583  -56.045  28.171  2.633 0.0000000000
106845  -57.242  27.667  2.617 0.0000000000
106837  -57.939  28.158  3.215 0.0000000000
106846  -58.228  27.255  2.841 0.0000000000
105282  -57.814  25.716  4.007 0.0000000000
106070  -58.599  26.318  4.654 0.0000000000
106069  -58.206  25.873  4.793 0.0000000000
106056  -57.777  26.187  5.326 0.0000000000
106068  -57.178  25.758  4.732 0.0000000000
106055  -56.658  26.304  5.388 0.0000000000
106082  -56.008  25.978  3.994 0.0000000000
105304  -53.995  25.611  2.273 0.0000000000
106092  -54.339  25.855  2.986 0.0000000000
106091  -53.592  25.974  2.773 0.0000000000
141763  -53.046  26.146  2.937 0.0000000000
104474  -53.100  23.242  -1.898 0.0000000000
104441  -52.901  23.927  -0.954 0.0000000000
131087  -52.072  23.887  -1.026 0.0000000000
105343  -49.995  24.867  -0.425 0.0000000000
105344  -50.986  24.818  -0.267 0.0000000000
96388  -58.089  14.488  22.449 0.0000000000
96389  -58.742  14.901  21.866 0.0000000000
97391  -59.986  15.684  19.954 0.0000000000
97390  -59.477  15.150  20.236 0.0000000000
97402  -59.878  14.862  18.194 0.0000000000
97400  -60.264  15.272  18.653 0.0000000000
98317  -60.485  15.689  17.091 0.0000000000
98313  -60.454  16.329  18.696 0.0000000000
100008  -59.777  18.071  18.482 0.0000000000
99193  -60.573  17.348  17.557 0.0000000000
100024  -60.070  18.182  17.600 0.0000000000
100042  -60.656  18.156  16.313 0.0000000000
100041  -60.048  18.602  16.705 0.0000000000
115941  -39.842  40.669  11.093 0.0000000000
115942  -40.501  40.641  11.290 0.0000000000
115281  -41.513  39.220  10.728 0.0000000000
113323  -42.103  36.322  10.597 0.0000000000
114623  -41.805  38.299  10.239 0.0000000000
116579  -37.580  41.418  8.797 0.0000000000
115963  -38.712  40.832  8.247 0.0000000000
115956  -43.074  40.540  9.308 0.0000000000
115955  -42.207  40.395  9.364 0.0000000000
114630  -43.166  38.842  9.404 0.0000000000
113975  -43.323  37.525  9.205 0.0000000000
151753  -44.425  37.522  8.828 0.0000000000
152176  -44.880  35.891  8.705 0.0000000000
113985  -45.189  37.031  8.757 0.0000000000
113328  -47.417  37.351  8.916 0.0000000000
112725  -47.049  35.980  8.294 0.0000000000
113345  -47.889  36.143  8.055 0.0000000000
112733  -48.180  35.908  6.927 0.0000000000
139365  -48.554  36.379  7.735 0.0000000000
114635  -48.372  39.369  9.570 0.0000000000
147757  -49.781  39.689  9.879 0.0000000000
130227  -51.499  37.608  7.979 0.0000000000
113988  -50.801  37.545  8.368 0.0000000000
113989  -51.093  37.372  7.187 0.0000000000
113356  -50.252  37.096  6.436 0.0000000000
113364  -50.361  36.904  5.523 0.0000000000
113383  -50.397  36.360  3.720 0.0000000000
114000  -51.130  37.092  5.168 0.0000000000
113386  -53.408  36.758  3.499 0.0000000000
114021  -52.810  37.248  4.044 0.0000000000
112124  -53.803  34.876  2.091 0.0000000000
112775  -54.485  35.452  2.627 0.0000000000
115327  -55.713  38.961  6.278 0.0000000000
114004  -55.919  37.498  6.413 0.0000000000
114014  -56.458  37.280  5.541 0.0000000000
112778  -57.145  34.897  2.659 0.0000000000
113410  -56.405  35.580  3.750 0.0000000000
112127  -57.030  34.444  2.731 0.0000000000
112143  -55.824  33.962  2.176 0.0000000000
110947  -56.974  32.865  1.487 0.0000000000
110963  -56.902  32.280  0.830 0.0000000000
111564  -57.178  33.054  0.828 0.0000000000
150215  -55.997  33.236  -0.645 0.0000000000
110986  -55.876  31.973  -1.273 0.0000000000
110292  -55.188  31.388  -2.252 0.0000000000
109508  -54.910  30.130  -3.410 0.0000000000
109498  -54.522  30.912  -3.382 0.0000000000
143322  -54.344  31.718  -3.132 0.0000000000
112819  -54.213  34.926  -1.370 0.0000000000
112187  -54.025  33.769  -2.621 0.0000000000
112818  -53.732  34.544  -2.655 0.0000000000
112186  -53.448  34.248  -3.782 0.0000000000
143352  -53.524  35.587  -2.568 0.0000000000
98286  -52.975  16.569  21.395 0.0000000000
141815  -53.297  17.592  20.160 0.0000000000
99133  -53.555  17.303  20.876 0.0000000000
132838  -54.031  17.549  20.492 0.0000000000
99134  -54.887  17.626  20.842 0.0000000000
99150  -54.650  17.844  19.910 0.0000000000
100047  -51.648  19.002  15.761 0.0000000000
99199  -52.621  18.037  16.934 0.0000000000
139762  -53.058  18.494  16.264 0.0000000000
100037  -55.420  18.648  16.704 0.0000000000
100036  -54.553  18.341  16.792 0.0000000000
100004  -55.867  18.178  18.322 0.0000000000
100021  -56.876  18.397  17.835 0.0000000000
100006  -57.829  18.330  18.439 0.0000000000
133719  -57.281  18.784  17.105 0.0000000000
100781  -57.438  20.118  16.334 0.0000000000
100039  -58.014  19.399  16.726 0.0000000000
143353  -58.188  20.247  16.360 0.0000000000
101450  -58.671  20.803  16.111 0.0000000000
106015  -47.133  27.194  10.850 0.0000000000
105220  -46.645  25.484  12.515 0.0000000000
109437  -50.510  30.961  3.222 0.0000000000
110226  -49.279  31.614  3.682 0.0000000000
109429  -50.145  30.254  3.763 0.0000000000
108493  -51.631  29.328  6.588 0.0000000000
152363  -50.518  29.271  5.663 0.0000000000
108492  -50.669  29.097  6.555 0.0000000000
108476  -50.177  29.361  7.486 0.0000000000
108477  -51.075  29.599  7.487 0.0000000000
133590  -54.864  31.333  7.720 0.0000000000
109393  -54.041  30.703  7.340 0.0000000000
110195  -54.424  31.565  8.437 0.0000000000
109360  -52.249  30.955  9.971 0.0000000000
132019  -51.862  31.262  9.316 0.0000000000
109370  -51.054  31.180  9.655 0.0000000000
109369  -50.221  30.827  9.501 0.0000000000
108437  -50.032  30.326  10.331 0.0000000000
107530  -49.558  29.532  10.495 0.0000000000
107531  -50.551  29.263  10.476 0.0000000000
106009  -51.432  26.842  11.620 0.0000000000
106008  -50.535  27.005  10.894 0.0000000000
138127  -50.262  25.960  12.467 0.0000000000
105223  -49.537  25.734  12.493 0.0000000000
105212  -50.167  25.550  13.263 0.0000000000
105197  -50.446  25.102  14.143 0.0000000000
134920  -51.105  25.359  13.619 0.0000000000
105200  -53.914  25.789  14.836 0.0000000000
105199  -52.863  25.367  14.664 0.0000000000
105184  -53.456  25.185  15.448 0.0000000000
104293  -53.610  24.417  16.372 0.0000000000
104314  -53.989  24.997  15.956 0.0000000000
107504  -56.536  29.176  14.235 0.0000000000
150072  -55.931  28.172  14.412 0.0000000000
153539  -56.420  28.463  14.494 0.0000000000
105187  -56.686  25.737  15.594 0.0000000000
105973  -56.269  26.312  15.544 0.0000000000
104317  -56.522  25.068  15.990 0.0000000000
104296  -56.247  24.495  16.260 0.0000000000
103538  -56.960  23.710  16.236 0.0000000000
130591  -57.221  22.871  16.164 0.0000000000
149998  -59.065  23.177  14.819 0.0000000000
102811  -58.793  22.845  15.371 0.0000000000
102812  -59.467  22.657  14.644 0.0000000000
153139  -59.368  21.693  15.322 0.0000000000
102109  -60.003  22.326  14.100 0.0000000000
141029  -60.208  21.338  13.625 0.0000000000
102114  -60.044  21.930  13.657 0.0000000000
102816  -58.684  22.538  13.364 0.0000000000
102113  -59.510  22.058  13.492 0.0000000000
102112  -58.555  21.725  13.371 0.0000000000
101465  -58.380  20.923  13.364 0.0000000000
104349  -56.837  24.709  10.896 0.0000000000
103563  -57.311  24.076  11.793 0.0000000000
103562  -56.835  23.942  11.107 0.0000000000
102820  -55.184  22.016  12.151 0.0000000000
102821  -55.880  22.611  12.024 0.0000000000
102118  -55.786  21.629  12.655 0.0000000000
101474  -56.366  21.013  13.114 0.0000000000
101473  -55.531  20.462  12.798 0.0000000000
101472  -54.501  20.354  12.462 0.0000000000
101487  -53.229  20.829  11.866 0.0000000000
101471  -53.677  20.239  12.233 0.0000000000
153072  -53.016  20.096  11.980 0.0000000000
100081  -52.722  18.542  11.526 0.0000000000
100829  -52.579  19.436  11.839 0.0000000000
106054  -54.919  26.806  5.939 0.0000000000
106814  -54.026  27.139  6.927 0.0000000000
106046  -54.084  26.830  6.302 0.0000000000
105268  -52.149  25.436  6.853 0.0000000000
106033  -52.727  26.138  7.256 0.0000000000
104366  -52.905  24.579  7.677 0.0000000000
104367  -53.589  24.187  7.941 0.0000000000
137112  -53.232  23.584  7.274 0.0000000000
102893  -50.436  22.588  5.974 0.0000000000
102894  -51.158  22.756  6.312 0.0000000000
136763  -51.180  22.351  8.378 0.0000000000
102868  -51.803  22.456  8.048 0.0000000000
102856  -51.530  22.417  8.974 0.0000000000
131390  -52.427  22.558  8.612 0.0000000000
102842  -52.067  22.290  9.792 0.0000000000
102141  -52.346  21.877  10.782 0.0000000000
102140  -51.411  21.701  10.689 0.0000000000
135455  -50.151  19.625  11.345 0.0000000000
101485  -50.484  20.277  11.345 0.0000000000
100827  -50.853  19.612  11.440 0.0000000000
100080  -51.226  18.875  11.390 0.0000000000
99202  -61.114  17.522  15.857 0.0000000000
100055  -61.628  18.639  12.387 0.0000000000
156251  -55.588  28.374  -3.325 0.0000000000
106916  -56.005  27.741  -3.101 0.0000000000
106914  -54.764  27.631  -3.646 0.0000000000
106159  -54.657  26.780  -3.459 0.0000000000
105384  -53.795  24.886  -3.258 0.0000000000
104507  -53.533  23.925  -3.437 0.0000000000
105370  -53.216  25.248  -2.892 0.0000000000
103531  -50.074  23.476  16.957 0.0000000000
104290  -50.847  23.787  16.869 0.0000000000
112087  -47.002  34.795  6.045 0.0000000000
111500  -47.174  33.411  5.517 0.0000000000
110214  -48.122  31.827  5.213 0.0000000000
107556  -58.477  29.003  6.753 0.0000000000
108481  -58.410  30.012  7.186 0.0000000000
108480  -58.050  29.863  7.845 0.0000000000
108467  -57.645  30.754  8.611 0.0000000000
108455  -57.114  31.224  9.552 0.0000000000
108454  -56.505  30.297  9.877 0.0000000000
107538  -55.606  29.224  10.041 0.0000000000
106795  -55.010  27.999  10.263 0.0000000000
106798  -54.458  27.575  9.559 0.0000000000
106022  -53.893  26.831  9.370 0.0000000000
111540  -52.738  33.365  1.547 0.0000000000
111539  -52.038  33.157  1.871 0.0000000000
110241  -52.976  31.992  1.100 0.0000000000
109459  -52.734  30.301  0.964 0.0000000000
141433  -53.604  28.719  0.561 0.0000000000
154955  -57.278  25.535  -1.569 0.0000000000
106111  -56.989  25.852  -0.150 0.0000000000
105335  -58.053  25.084  -0.174 0.0000000000
105336  -58.407  25.097  0.665 0.0000000000
105322  -58.463  25.169  1.590 0.0000000000
106094  -58.434  25.846  2.456 0.0000000000
105308  -58.335  25.123  2.381 0.0000000000
105307  -57.902  24.857  2.741 0.0000000000
105306  -57.115  24.919  3.081 0.0000000000
155587  -56.342  25.399  3.326 0.0000000000
104419  -56.117  24.953  2.546 0.0000000000
105321  -55.304  24.761  1.800 0.0000000000
151151  -57.721  14.452  20.697 0.0000000000
97358  -58.910  16.262  23.072 0.0000000000
97365  -59.295  15.631  22.211 0.0000000000
149914  -59.332  17.169  21.826 0.0000000000
98288  -59.776  16.623  20.511 0.0000000000
98301  -60.119  16.594  19.634 0.0000000000
99178  -60.058  17.492  19.147 0.0000000000
99177  -59.365  18.013  19.287 0.0000000000
115947  -39.507  40.428  10.277 0.0000000000
116584  -39.623  41.419  7.307 0.0000000000
115976  -39.439  40.777  7.875 0.0000000000
115977  -41.754  40.526  7.926 0.0000000000
156086  -43.552  40.669  9.186 0.0000000000
114631  -44.754  38.779  9.054 0.0000000000
114644  -45.349  37.931  8.881 0.0000000000
114632  -45.653  39.045  9.312 0.0000000000
113976  -46.991  38.238  9.212 0.0000000000
113977  -47.826  38.263  9.286 0.0000000000
115973  -50.866  40.984  9.302 0.0000000000
114637  -50.555  39.502  9.644 0.0000000000
114638  -51.528  39.314  9.376 0.0000000000
114653  -52.451  38.136  8.302 0.0000000000
143876  -52.246  37.707  7.533 0.0000000000
114001  -51.992  37.440  5.790 0.0000000000
114002  -52.981  37.507  5.960 0.0000000000
151339  -53.883  37.483  6.024 0.0000000000
114012  -54.438  37.226  5.611 0.0000000000
114675  -56.540  37.580  4.586 0.0000000000
114015  -56.689  36.490  4.807 0.0000000000
114024  -56.786  36.766  3.941 0.0000000000
113424  -57.113  35.688  2.835 0.0000000000
112788  -57.156  34.700  1.823 0.0000000000
112169  -57.023  33.712  0.719 0.0000000000
112157  -56.792  34.276  0.660 0.0000000000
112168  -56.499  34.065  0.090 0.0000000000
112177  -55.872  33.767  -0.619 0.0000000000
111571  -55.096  33.450  -1.472 0.0000000000
99183  -46.842  17.721  17.575 0.0000000000
99167  -47.226  17.146  18.145 0.0000000000
98311  -47.658  16.697  18.586 0.0000000000
98298  -49.064  16.622  19.058 0.0000000000
98285  -52.367  16.448  20.745 0.0000000000
99131  -52.032  17.160  20.182 0.0000000000
99148  -52.570  17.572  19.818 0.0000000000
150954  -53.139  17.886  19.349 0.0000000000
100790  -52.908  19.974  15.500 0.0000000000
100049  -53.430  19.219  15.743 0.0000000000
100791  -53.925  20.099  15.529 0.0000000000
134041  -54.808  19.714  15.722 0.0000000000
100779  -55.572  19.344  16.129 0.0000000000
100038  -56.378  18.942  16.664 0.0000000000
100780  -56.459  19.867  16.154 0.0000000000
101448  -56.941  20.789  16.065 0.0000000000
129727  -57.177  21.556  16.065 0.0000000000
107527  -46.467  28.935  10.887 0.0000000000
106789  -47.224  28.177  10.714 0.0000000000
106016  -47.890  27.336  10.712 0.0000000000
108534  -51.499  29.535  3.692 0.0000000000
108533  -50.755  29.616  4.052 0.0000000000
137457  -52.626  29.491  4.911 0.0000000000
108508  -52.122  29.429  5.691 0.0000000000
108494  -52.535  29.638  6.548 0.0000000000
110180  -55.122  32.055  9.208 0.0000000000
109372  -53.974  31.575  9.173 0.0000000000
109361  -53.467  31.147  9.992 0.0000000000
108440  -52.850  30.335  10.406 0.0000000000
106793  -51.039  28.129  10.573 0.0000000000
106794  -51.942  28.351  10.849 0.0000000000
155549  -51.888  27.221  11.575 0.0000000000
105996  -52.266  26.923  12.091 0.0000000000
140920  -51.828  25.735  13.187 0.0000000000
105997  -53.195  26.855  12.647 0.0000000000
105988  -53.373  26.366  13.440 0.0000000000
105976  -54.315  26.554  14.162 0.0000000000
106766  -57.423  28.157  14.114 0.0000000000
106760  -56.736  27.686  14.820 0.0000000000
131740  -57.165  27.422  14.602 0.0000000000
105188  -57.270  25.730  15.203 0.0000000000
104318  -57.392  24.906  15.576 0.0000000000
103550  -57.742  23.992  15.775 0.0000000000
104319  -58.305  24.291  15.108 0.0000000000
145227  -58.854  23.642  14.534 0.0000000000
103553  -59.368  23.102  14.158 0.0000000000
102824  -58.609  23.215  13.238 0.0000000000
102823  -57.905  23.021  12.852 0.0000000000
103571  -56.020  23.993  9.862 0.0000000000
103561  -56.300  23.828  10.456 0.0000000000
102831  -55.137  22.542  11.401 0.0000000000
102129  -54.504  21.844  11.854 0.0000000000
102128  -53.694  21.628  11.544 0.0000000000
102127  -52.758  21.407  11.447 0.0000000000
148731  -53.292  26.449  5.083 0.0000000000
134624  -53.304  26.571  5.953 0.0000000000
106052  -52.576  26.296  5.597 0.0000000000
105275  -51.987  25.820  6.013 0.0000000000
104385  -51.937  24.341  6.819 0.0000000000
102877  -50.151  22.058  7.517 0.0000000000
102878  -50.899  22.190  7.310 0.0000000000
102866  -49.873  22.061  8.171 0.0000000000
102855  -50.725  22.279  9.038 0.0000000000
102150  -50.188  21.962  9.781 0.0000000000
102139  -50.532  21.542  10.551 0.0000000000
101484  -49.638  20.152  11.125 0.0000000000
100826  -49.518  19.295  11.189 0.0000000000
100078  -49.360  18.463  11.158 0.0000000000
100825  -48.675  19.049  11.018 0.0000000000
97408  -59.881  15.410  15.572 0.0000000000
109462  -56.051  30.951  0.250 0.0000000000
109477  -55.544  30.294  -0.264 0.0000000000
108583  -55.964  29.647  -0.634 0.0000000000
106895  -56.196  27.760  -1.497 0.0000000000
106896  -56.572  27.166  -1.935 0.0000000000
106161  -56.116  26.938  -3.149 0.0000000000
106132  -56.677  26.639  -2.390 0.0000000000
106133  -57.080  25.854  -2.175 0.0000000000
104494  -56.777  24.607  -2.094 0.0000000000
103672  -56.227  24.066  -1.850 0.0000000000
103658  -55.480  23.710  -1.215 0.0000000000
104459  -55.119  23.828  -0.533 0.0000000000
103657  -54.434  23.660  -1.548 0.0000000000
103670  -53.582  23.348  -2.284 0.0000000000
103669  -52.780  23.054  -2.801 0.0000000000
104506  -52.644  23.460  -3.493 0.0000000000
103685  -51.895  23.130  -3.607 0.0000000000
96379  -58.039  14.659  23.419 0.0000000000
97357  -58.175  15.514  23.719 0.0000000000
97339  -56.695  14.972  24.681 0.0000000000
97348  -57.303  15.602  24.262 0.0000000000
97349  -57.952  16.432  23.712 0.0000000000
98271  -58.432  17.087  23.204 0.0000000000
99120  -58.065  17.722  22.510 0.0000000000
99127  -57.066  18.049  21.753 0.0000000000
117165  -39.109  42.230  7.387 0.0000000000
117169  -39.906  42.212  6.856 0.0000000000
116589  -41.330  41.329  6.687 0.0000000000
116590  -42.272  41.343  6.487 0.0000000000
114656  -54.698  39.240  8.032 0.0000000000
114680  -55.918  38.798  4.054 0.0000000000
114684  -55.643  38.770  3.179 0.0000000000
114049  -55.083  37.899  1.509 0.0000000000
114060  -54.869  37.381  0.954 0.0000000000
114695  -54.805  39.094  1.562 0.0000000000
147142  -54.696  40.323  1.599 0.0000000000
101454  -51.375  20.684  15.547 0.0000000000
101455  -52.301  20.850  15.525 0.0000000000
101456  -53.243  20.973  15.526 0.0000000000
102104  -53.666  21.897  15.789 0.0000000000
102809  -54.030  22.697  16.149 0.0000000000
108472  -46.842  29.441  7.907 0.0000000000
108463  -48.279  29.624  8.551 0.0000000000
108525  -55.960  29.612  4.717 0.0000000000
108511  -54.912  29.801  5.327 0.0000000000
108512  -55.921  29.949  5.478 0.0000000000
138932  -56.004  30.837  6.710 0.0000000000
109394  -55.833  31.504  7.584 0.0000000000
110190  -57.558  31.627  7.926 0.0000000000
110197  -56.819  31.980  7.931 0.0000000000
152860  -55.623  32.239  9.171 0.0000000000
110173  -55.418  32.055  9.844 0.0000000000
108442  -55.051  30.919  11.292 0.0000000000
108425  -55.339  30.458  11.969 0.0000000000
107513  -55.335  29.269  13.040 0.0000000000
108414  -56.071  30.478  12.834 0.0000000000
108415  -56.953  30.496  13.423 0.0000000000
108406  -57.097  30.012  13.928 0.0000000000
144571  -56.982  30.271  11.850 0.0000000000
107525  -57.306  29.924  12.598 0.0000000000
107516  -57.497  28.768  13.545 0.0000000000
106775  -57.461  27.594  13.239 0.0000000000
105999  -57.474  26.464  12.797 0.0000000000
105225  -57.659  25.594  12.392 0.0000000000
138606  -57.809  24.931  12.258 0.0000000000
106012  -57.296  25.939  11.910 0.0000000000
105231  -56.940  25.399  11.216 0.0000000000
105236  -56.612  24.953  10.743 0.0000000000
106020  -55.780  26.182  11.036 0.0000000000
105235  -56.180  25.045  10.563 0.0000000000
104348  -56.273  24.388  10.310 0.0000000000
154362  -55.968  24.066  9.853 0.0000000000
103583  -55.656  23.876  9.392 0.0000000000
103582  -55.216  23.456  8.882 0.0000000000
144207  -49.962  24.702  5.039 0.0000000000
104402  -49.413  24.228  4.769 0.0000000000
103614  -49.752  23.047  5.492 0.0000000000
102178  -50.092  22.194  6.250 0.0000000000
133869  -49.521  21.785  7.129 0.0000000000
135035  -48.857  21.644  7.661 0.0000000000
102156  -48.245  21.560  8.328 0.0000000000
101504  -47.915  21.042  9.774 0.0000000000
156123  -49.303  34.439  3.536 0.0000000000
112108  -48.969  33.996  3.688 0.0000000000
111514  -50.058  33.240  3.146 0.0000000000
110927  -50.430  32.502  2.959 0.0000000000
109438  -51.212  30.797  2.684 0.0000000000
109444  -51.755  30.975  1.967 0.0000000000
108545  -51.690  30.255  2.285 0.0000000000
131641  -51.521  29.850  2.876 0.0000000000
131813  -52.874  29.314  3.552 0.0000000000
108536  -53.707  29.161  3.367 0.0000000000
108537  -54.698  29.236  3.563 0.0000000000
108582  -54.791  29.478  -0.493 0.0000000000
107598  -54.228  28.020  0.008 0.0000000000
106859  -54.655  27.413  0.468 0.0000000000
106110  -56.169  26.336  0.404 0.0000000000
106852  -55.365  26.933  1.039 0.0000000000
106851  -54.520  27.634  1.351 0.0000000000
106844  -55.168  27.635  1.968 0.0000000000
107572  -55.379  28.867  3.111 0.0000000000
108538  -55.645  29.357  3.783 0.0000000000
107573  -57.449  28.813  3.757 0.0000000000
107564  -58.119  28.816  4.414 0.0000000000
107565  -58.350  28.512  5.088 0.0000000000
106083  -58.508  26.598  3.323 0.0000000000
130610  -58.569  27.636  5.028 0.0000000000
107561  -58.509  28.258  5.700 0.0000000000
106818  -58.449  28.031  6.260 0.0000000000
106817  -57.828  27.564  6.415 0.0000000000
130492  -56.861  27.390  6.459 0.0000000000
106816  -55.957  27.622  6.818 0.0000000000
106824  -55.974  26.996  6.026 0.0000000000
130005  -55.500  26.494  5.372 0.0000000000
106081  -54.744  26.236  3.747 0.0000000000
106065  -54.022  26.493  4.404 0.0000000000
106064  -53.022  26.405  4.262 0.0000000000
106079  -52.645  26.294  3.512 0.0000000000
106078  -51.834  26.211  3.386 0.0000000000
104442  -53.972  24.104  -0.467 0.0000000000
105334  -53.872  24.690  0.654 0.0000000000
154370  -53.314  25.055  0.913 0.0000000000
105345  -52.010  24.603  -0.208 0.0000000000
140812  -52.219  25.158  0.580 0.0000000000
105318  -52.735  25.429  1.198 0.0000000000
96387  -57.230  14.166  21.975 0.0000000000
96401  -57.926  14.457  21.484 0.0000000000
97374  -59.287  15.343  21.250 0.0000000000
96418  -58.973  14.737  19.615 0.0000000000
97405  -60.142  15.419  16.367 0.0000000000
144669  -60.638  15.899  16.445 0.0000000000
98322  -61.049  16.463  16.057 0.0000000000
98318  -60.805  16.647  16.944 0.0000000000
154721  -60.933  17.288  16.491 0.0000000000
100050  -60.808  18.562  15.518 0.0000000000
152884  -40.744  40.532  9.832 0.0000000000
115964  -40.039  40.486  8.318 0.0000000000
129352  -41.419  40.406  9.618 0.0000000000
115286  -41.712  40.206  9.914 0.0000000000
139514  -42.413  37.979  9.631 0.0000000000
113326  -43.127  36.429  9.449 0.0000000000
112722  -43.332  35.317  9.056 0.0000000000
132252  -43.968  35.490  8.923 0.0000000000
112081  -44.746  34.959  7.968 0.0000000000
112727  -45.629  35.218  7.841 0.0000000000
137781  -46.405  36.442  8.617 0.0000000000
112728  -46.466  35.464  7.692 0.0000000000
133188  -46.696  35.217  6.768 0.0000000000
112732  -47.476  35.400  6.416 0.0000000000
143990  -48.093  35.635  6.039 0.0000000000
112736  -48.461  35.429  5.406 0.0000000000
115969  -45.451  40.460  8.694 0.0000000000
115292  -46.798  39.976  9.419 0.0000000000
113978  -48.648  38.163  9.355 0.0000000000
113330  -48.996  37.309  8.859 0.0000000000
113980  -50.774  38.313  9.110 0.0000000000
113987  -49.907  37.567  8.734 0.0000000000
113340  -49.225  36.941  8.222 0.0000000000
113355  -49.473  36.750  6.694 0.0000000000
113363  -49.615  36.616  5.793 0.0000000000
112756  -49.137  35.522  4.007 0.0000000000
149074  -49.751  35.787  3.698 0.0000000000
112757  -50.322  35.549  3.223 0.0000000000
112772  -51.133  35.304  2.691 0.0000000000
114020  -51.904  37.167  3.864 0.0000000000
113406  -51.708  36.154  2.873 0.0000000000
112773  -52.158  35.532  2.488 0.0000000000
112141  -53.206  34.178  1.627 0.0000000000
111541  -53.970  33.383  1.268 0.0000000000
111556  -55.169  32.740  1.206 0.0000000000
151107  -55.558  38.003  6.965 0.0000000000
114013  -55.667  36.902  5.705 0.0000000000
113387  -55.818  36.140  4.902 0.0000000000
113388  -56.517  35.983  4.535 0.0000000000
146185  -55.964  35.864  4.227 0.0000000000
113409  -55.219  35.828  3.339 0.0000000000
112125  -55.124  34.701  2.336 0.0000000000
111542  -55.394  33.407  1.607 0.0000000000
110962  -56.233  32.151  1.175 0.0000000000
110261  -56.451  31.633  0.565 0.0000000000
109479  -56.481  31.105  -0.069 0.0000000000
130939  -56.485  31.276  -0.395 0.0000000000
141749  -56.918  32.718  0.402 0.0000000000
110284  -56.291  31.104  -1.349 0.0000000000
108602  -55.865  29.707  -2.731 0.0000000000
108608  -55.087  29.247  -3.607 0.0000000000
108607  -54.300  29.283  -3.869 0.0000000000
111580  -54.360  33.020  -2.470 0.0000000000
110994  -53.311  32.475  -4.062 0.0000000000
132946  -54.567  37.287  0.372 0.0000000000
113451  -53.778  37.011  -1.148 0.0000000000
98278  -54.693  17.011  22.871 0.0000000000
98287  -53.466  17.104  21.527 0.0000000000
98277  -53.963  17.166  22.204 0.0000000000
99117  -55.323  17.400  22.587 0.0000000000
99126  -56.045  17.717  22.198 0.0000000000
99135  -55.887  17.836  21.212 0.0000000000
99152  -56.728  18.135  20.523 0.0000000000
99198  -51.736  17.942  16.972 0.0000000000
99189  -52.955  17.891  17.664 0.0000000000
99190  -53.772  17.926  17.904 0.0000000000
100020  -54.357  18.067  17.458 0.0000000000
156298  -54.443  17.915  19.148 0.0000000000
99175  -55.229  18.009  19.194 0.0000000000
99176  -56.210  18.185  19.454 0.0000000000
99153  -57.727  18.179  20.305 0.0000000000
99995  -57.794  18.258  19.432 0.0000000000
100007  -58.874  18.268  18.447 0.0000000000
136603  -58.774  18.982  17.030 0.0000000000
100040  -59.421  18.862  16.924 0.0000000000
100783  -59.580  19.497  16.268 0.0000000000
100794  -59.901  20.108  15.534 0.0000000000
105208  -46.304  25.147  13.266 0.0000000000
105209  -47.139  25.167  13.226 0.0000000000
104337  -48.254  24.825  14.172 0.0000000000
110925  -48.912  32.508  3.753 0.0000000000
109422  -48.686  31.008  5.067 0.0000000000
108520  -50.635  29.628  4.921 0.0000000000
108519  -49.859  29.774  5.265 0.0000000000
108505  -49.260  29.559  5.908 0.0000000000
108490  -48.877  29.244  6.724 0.0000000000
108474  -48.515  29.225  7.503 0.0000000000
109367  -48.848  30.378  9.333 0.0000000000
108496  -54.434  30.110  6.295 0.0000000000
108495  -53.456  29.900  6.491 0.0000000000
137042  -52.820  31.420  9.102 0.0000000000
109382  -51.996  31.119  8.811 0.0000000000
109391  -51.469  30.460  8.292 0.0000000000
109380  -50.433  30.332  8.500 0.0000000000
109368  -49.313  30.677  9.737 0.0000000000
108452  -48.630  30.538  9.921 0.0000000000
134958  -48.643  29.709  10.523 0.0000000000
106791  -49.108  28.485  10.517 0.0000000000
106017  -48.771  27.413  10.622 0.0000000000
106007  -49.420  26.591  10.964 0.0000000000
105230  -49.012  25.895  11.628 0.0000000000
105222  -48.578  25.476  12.627 0.0000000000
105210  -48.628  25.197  13.525 0.0000000000
104328  -48.892  24.675  14.936 0.0000000000
104329  -49.804  24.826  14.778 0.0000000000
132461  -50.456  24.444  15.659 0.0000000000
104311  -51.095  24.263  16.364 0.0000000000
155324  -52.010  24.965  14.875 0.0000000000
104331  -52.466  24.843  15.516 0.0000000000
104312  -52.012  24.471  16.229 0.0000000000
147097  -53.009  23.899  16.765 0.0000000000
103535  -53.883  23.950  16.569 0.0000000000
102805  -54.306  23.442  16.379 0.0000000000
107503  -55.671  28.731  13.792 0.0000000000
106765  -55.064  27.554  13.829 0.0000000000
105977  -54.847  26.308  15.047 0.0000000000
105979  -56.258  26.962  15.270 0.0000000000
105978  -55.662  26.759  15.231 0.0000000000
105971  -55.191  26.042  15.599 0.0000000000
150986  -54.986  25.112  16.257 0.0000000000
103536  -54.751  24.014  16.452 0.0000000000
129659  -55.589  23.150  16.239 0.0000000000
102806  -56.396  23.042  16.284 0.0000000000
102096  -56.813  22.238  16.117 0.0000000000
102097  -57.742  22.146  16.027 0.0000000000
102807  -58.445  22.392  15.731 0.0000000000
102098  -58.507  21.675  15.886 0.0000000000
101460  -59.101  21.361  15.673 0.0000000000
101461  -59.715  21.177  15.192 0.0000000000
101462  -60.336  20.658  14.591 0.0000000000
101464  -60.569  20.898  13.764 0.0000000000
101468  -60.353  20.790  13.384 0.0000000000
100800  -58.849  20.372  13.190 0.0000000000
100799  -57.722  20.204  13.208 0.0000000000
104342  -57.867  24.285  12.391 0.0000000000
102833  -56.483  23.405  11.496 0.0000000000
102822  -56.847  22.733  12.542 0.0000000000
130076  -56.625  20.228  13.077 0.0000000000
100064  -55.160  18.945  12.225 0.0000000000
100810  -54.102  19.587  12.347 0.0000000000
106805  -55.129  27.688  7.374 0.0000000000
106800  -53.666  27.163  8.359 0.0000000000
106045  -53.289  26.749  6.912 0.0000000000
106025  -52.896  26.010  7.905 0.0000000000
106026  -53.286  26.124  8.638 0.0000000000
105250  -53.733  24.861  8.686 0.0000000000
103591  -54.737  23.276  8.279 0.0000000000
102871  -54.773  22.990  8.413 0.0000000000
102879  -51.666  22.485  7.271 0.0000000000
102880  -52.321  22.760  7.019 0.0000000000
103598  -52.813  23.008  6.847 0.0000000000
102881  -53.628  22.842  7.517 0.0000000000
151558  -54.164  22.838  7.989 0.0000000000
102858  -54.153  22.725  8.794 0.0000000000
153916  -53.603  22.545  9.751 0.0000000000
102126  -50.903  21.029  11.197 0.0000000000
100828  -51.687  19.634  11.676 0.0000000000
96361  -57.143  14.267  24.735 0.0000000000
96362  -57.075  14.839  24.633 0.0000000000
97366  -59.595  15.965  21.607 0.0000000000
97403  -60.394  15.407  17.933 0.0000000000
98279  -59.462  16.523  22.178 0.0000000000
98280  -59.596  16.618  21.377 0.0000000000
98283  -50.405  15.829  20.033 0.0000000000
98297  -48.176  16.306  18.934 0.0000000000
98312  -48.379  16.794  18.696 0.0000000000
99125  -55.113  17.553  21.780 0.0000000000
99136  -57.630  18.073  21.060 0.0000000000
99168  -48.130  17.111  18.078 0.0000000000
99170  -50.209  17.175  18.916 0.0000000000
99172  -52.442  17.823  19.014 0.0000000000
99173  -53.091  17.931  18.499 0.0000000000
99174  -53.820  17.950  18.803 0.0000000000
99186  -49.721  17.319  18.272 0.0000000000
99188  -52.104  17.887  17.696 0.0000000000
99994  -57.059  18.288  19.717 0.0000000000
100034  -52.161  18.447  16.302 0.0000000000
100053  -61.369  18.394  14.149 0.0000000000
100809  -53.379  19.534  12.100 0.0000000000
102101  -50.762  21.480  15.875 0.0000000000
102107  -59.679  21.980  14.800 0.0000000000
102165  -51.082  22.298  6.882 0.0000000000
102172  -50.825  22.382  6.480 0.0000000000
102803  -51.235  22.909  17.004 0.0000000000
102810  -54.906  22.881  16.039 0.0000000000
102818  -59.821  22.395  13.720 0.0000000000
102843  -52.860  22.370  10.101 0.0000000000
102854  -49.957  22.104  8.903 0.0000000000
102859  -55.589  23.673  9.348 0.0000000000
102867  -50.579  22.237  8.138 0.0000000000
102870  -53.412  22.700  8.198 0.0000000000
102886  -51.497  22.595  6.780 0.0000000000
103534  -52.184  23.758  16.936 0.0000000000
103599  -53.643  22.963  7.220 0.0000000000
103600  -54.119  23.322  7.689 0.0000000000
103671  -55.713  23.815  -1.700 0.0000000000
103686  -52.658  23.272  -3.408 0.0000000000
103689  -55.396  23.966  -2.347 0.0000000000
103704  -53.158  23.410  -3.431 0.0000000000
104291  -51.653  24.039  16.751 0.0000000000
104292  -52.552  24.187  16.569 0.0000000000
104294  -54.507  24.862  16.261 0.0000000000
104295  -55.227  24.684  16.350 0.0000000000
104310  -50.220  23.951  16.407 0.0000000000
104315  -54.851  25.409  16.001 0.0000000000
104316  -55.855  25.078  16.176 0.0000000000
104336  -46.827  24.772  13.855 0.0000000000
104338  -49.082  25.051  14.119 0.0000000000
104368  -54.507  23.857  8.272 0.0000000000
104376  -52.469  24.479  7.242 0.0000000000
104392  -49.761  23.894  5.339 0.0000000000
104394  -50.983  24.679  5.921 0.0000000000
104421  -58.323  24.629  1.681 0.0000000000
104430  -56.430  24.271  1.652 0.0000000000
104433  -58.363  24.628  1.032 0.0000000000
104443  -54.792  24.244  0.353 0.0000000000
104447  -58.280  24.702  0.323 0.0000000000
104457  -51.442  24.211  -0.800 0.0000000000
104461  -57.377  24.107  -0.427 0.0000000000
104462  -57.899  24.621  -0.348 0.0000000000
104473  -52.445  23.243  -1.844 0.0000000000
104475  -56.933  24.244  -1.398 0.0000000000
104492  -55.184  24.161  -3.009 0.0000000000
104510  -56.294  24.936  -2.543 0.0000000000
105186  -55.961  25.691  15.896 0.0000000000
105198  -51.970  25.298  14.059 0.0000000000
105211  -49.279  25.392  13.340 0.0000000000
105214  -53.471  25.891  14.124 0.0000000000
105221  -47.574  25.471  12.526 0.0000000000
105232  -57.363  25.189  11.614 0.0000000000
105251  -54.721  24.441  8.999 0.0000000000
105261  -52.615  25.395  7.532 0.0000000000
105267  -51.522  25.042  6.355 0.0000000000
105273  -50.632  25.115  5.325 0.0000000000
105283  -58.339  26.024  4.079 0.0000000000
105292  -51.253  25.829  3.923 0.0000000000
105293  -55.372  25.636  3.173 0.0000000000
105295  -58.155  25.541  3.257 0.0000000000
105332  -51.441  25.285  0.497 0.0000000000
105354  -57.570  25.047  -1.003 0.0000000000
105372  -57.283  25.077  -1.819 0.0000000000
105383  -52.953  24.162  -3.433 0.0000000000
105385  -54.373  24.821  -3.322 0.0000000000
105386  -56.136  25.491  -2.858 0.0000000000
105972  -55.783  26.281  15.592 0.0000000000
105986  -51.608  26.339  12.424 0.0000000000
105987  -52.513  26.258  12.865 0.0000000000
105995  -50.785  26.355  11.959 0.0000000000
106006  -48.460  26.480  11.050 0.0000000000
106018  -49.608  27.436  10.589 0.0000000000
106034  -53.281  26.589  7.775 0.0000000000
106067  -56.120  26.097  4.887 0.0000000000
106077  -51.062  26.122  3.149 0.0000000000
106090  -51.637  26.194  2.707 0.0000000000
106103  -58.299  25.541  1.023 0.0000000000
106119  -57.412  25.562  -0.805 0.0000000000
106151  -56.524  26.090  -2.759 0.0000000000
106158  -54.106  26.720  -3.166 0.0000000000
106759  -55.396  27.145  14.620 0.0000000000
106761  -57.130  28.358  14.546 0.0000000000
106774  -57.302  28.135  12.773 0.0000000000
106782  -52.424  27.667  11.476 0.0000000000
106804  -54.406  27.698  7.949 0.0000000000
106826  -58.242  26.964  5.691 0.0000000000
106827  -58.463  27.511  5.558 0.0000000000
106831  -58.738  26.981  4.323 0.0000000000
106838  -58.482  27.602  3.615 0.0000000000
106850  -54.000  27.976  0.889 0.0000000000
106874  -55.707  26.962  -0.766 0.0000000000
106908  -53.814  27.664  -3.066 0.0000000000
106909  -56.419  27.490  -2.525 0.0000000000
106915  -55.406  27.642  -3.491 0.0000000000
107497  -56.817  28.670  14.486 0.0000000000
107505  -56.962  29.596  14.216 0.0000000000
107512  -54.358  28.539  12.294 0.0000000000
107515  -57.470  29.346  13.059 0.0000000000
107529  -47.905  29.811  10.485 0.0000000000
107532  -51.458  29.192  10.522 0.0000000000
107534  -53.392  29.569  10.892 0.0000000000
107540  -54.935  28.269  8.533 0.0000000000
107545  -58.277  29.226  7.275 0.0000000000
107613  -54.190  28.815  -0.244 0.0000000000
107614  -54.994  28.456  -0.713 0.0000000000
107615  -56.037  28.718  -1.077 0.0000000000
107641  -54.276  28.464  -3.658 0.0000000000
108405  -56.964  29.986  14.037 0.0000000000
108407  -57.336  29.657  13.695 0.0000000000
108416  -57.210  30.248  13.341 0.0000000000
108434  -46.523  29.869  10.603 0.0000000000
108435  -47.292  30.105  10.255 0.0000000000
108439  -51.839  30.220  10.373 0.0000000000
108451  -47.890  30.315  9.955 0.0000000000
108461  -46.499  29.608  8.952 0.0000000000
108464  -49.033  29.610  8.340 0.0000000000
108468  -58.104  30.638  7.869 0.0000000000
108473  -47.688  29.356  7.677 0.0000000000
108475  -49.332  29.183  7.450 0.0000000000
108479  -52.959  30.191  7.370 0.0000000000
108491  -49.728  29.080  6.660 0.0000000000
108498  -57.753  30.005  5.808 0.0000000000
108500  -58.472  29.565  6.403 0.0000000000
108507  -51.239  29.252  5.719 0.0000000000
108513  -58.341  29.739  5.964 0.0000000000
108522  -52.348  29.452  4.064 0.0000000000
108535  -52.167  29.389  3.220 0.0000000000
108539  -56.560  29.301  3.990 0.0000000000
108547  -52.860  29.108  2.843 0.0000000000
108556  -52.602  29.539  1.485 0.0000000000
108567  -53.158  29.545  0.728 0.0000000000
108609  -55.947  28.944  -2.902 0.0000000000
109350  -55.775  31.628  11.169 0.0000000000
109351  -56.362  31.539  11.538 0.0000000000
109352  -56.688  31.323  11.665 0.0000000000
109357  -49.787  30.722  10.007 0.0000000000
109358  -50.518  30.848  10.047 0.0000000000
109359  -51.295  30.925  10.072 0.0000000000
109363  -56.675  31.743  10.900 0.0000000000
109373  -56.972  31.801  9.777 0.0000000000
109379  -49.553  30.470  9.015 0.0000000000
109383  -53.667  31.476  8.849 0.0000000000
109392  -52.392  30.613  8.165 0.0000000000
109396  -57.640  31.285  7.234 0.0000000000
109397  -58.090  30.966  7.519 0.0000000000
109407  -47.685  29.919  6.356 0.0000000000
109409  -55.059  30.801  6.912 0.0000000000
109411  -57.570  30.780  6.524 0.0000000000
109418  -48.638  30.295  5.599 0.0000000000
109423  -49.303  30.485  4.779 0.0000000000
109424  -49.871  30.051  4.474 0.0000000000
109460  -53.700  30.384  0.279 0.0000000000
109461  -54.914  30.804  0.044 0.0000000000
109463  -56.471  31.258  0.230 0.0000000000
109476  -54.506  30.121  -0.197 0.0000000000
109478  -56.297  30.704  -0.176 0.0000000000
109491  -56.452  30.617  -0.814 0.0000000000
109500  -56.396  30.137  -1.760 0.0000000000
110165  -55.747  31.961  10.521 0.0000000000
110166  -56.019  32.124  11.125 0.0000000000
110172  -54.330  31.620  9.542 0.0000000000
110175  -56.378  32.022  10.745 0.0000000000
110187  -54.584  31.814  8.977 0.0000000000
110196  -55.853  32.093  8.460 0.0000000000
110219  -48.457  31.886  4.801 0.0000000000
110227  -50.136  31.747  3.294 0.0000000000
110230  -50.798  31.722  2.778 0.0000000000
110240  -52.065  31.813  1.715 0.0000000000
110259  -54.099  31.789  0.652 0.0000000000
110262  -56.607  31.723  0.350 0.0000000000
110275  -56.632  31.690  0.030 0.0000000000
110285  -56.498  31.802  -0.429 0.0000000000
110932  -51.740  32.520  2.037 0.0000000000
110943  -52.417  32.604  1.604 0.0000000000
110961  -54.996  32.163  0.845 0.0000000000
110970  -56.458  32.612  -0.383 0.0000000000
110977  -55.481  32.792  -1.358 0.0000000000
110995  -53.846  32.532  -3.586 0.0000000000
111506  -48.318  33.432  4.777 0.0000000000
111512  -48.615  33.321  3.901 0.0000000000
111513  -49.324  33.262  3.515 0.0000000000
111543  -56.550  33.369  1.957 0.0000000000
111544  -57.204  33.563  1.903 0.0000000000
111587  -53.348  33.089  -4.110 0.0000000000
112085  -45.073  34.028  6.809 0.0000000000
112086  -45.657  34.310  6.667 0.0000000000
112093  -47.434  34.235  5.532 0.0000000000
112109  -49.715  34.058  3.290 0.0000000000
112122  -51.775  34.770  2.342 0.0000000000
112123  -52.641  34.851  2.112 0.0000000000
112126  -56.408  34.457  2.728 0.0000000000
112144  -56.799  33.966  2.354 0.0000000000
112158  -57.156  34.115  1.349 0.0000000000
112715  -43.624  35.843  9.240 0.0000000000
112716  -44.319  35.894  8.971 0.0000000000
112723  -44.523  35.454  8.611 0.0000000000
112724  -46.077  35.765  8.314 0.0000000000
112731  -45.950  34.979  7.071 0.0000000000
112737  -49.210  35.866  5.092 0.0000000000
112755  -48.871  34.761  3.829 0.0000000000
112758  -56.792  35.709  3.766 0.0000000000
112774  -53.242  35.597  2.458 0.0000000000
112777  -56.910  34.978  3.249 0.0000000000
112799  -56.664  35.013  1.022 0.0000000000
113325  -42.534  36.345  9.980 0.0000000000
113329  -48.194  37.306  8.938 0.0000000000
113335  -44.730  36.477  8.800 0.0000000000
113338  -47.699  36.625  8.540 0.0000000000
113341  -50.043  37.187  7.994 0.0000000000
113346  -49.377  36.805  7.534 0.0000000000
113354  -48.842  36.425  6.994 0.0000000000
113372  -50.385  36.663  4.674 0.0000000000
113382  -49.699  36.162  4.340 0.0000000000
113385  -52.289  36.788  3.343 0.0000000000
113405  -50.912  36.063  3.086 0.0000000000
113408  -53.904  36.136  3.037 0.0000000000
113411  -57.011  35.940  3.580 0.0000000000
113423  -56.528  36.326  2.095 0.0000000000
113974  -42.666  37.077  9.623 0.0000000000
113986  -45.897  37.135  8.810 0.0000000000
113993  -51.083  37.246  6.123 0.0000000000
113994  -52.688  37.636  6.775 0.0000000000
113996  -54.970  38.234  7.393 0.0000000000
113997  -55.839  38.195  6.686 0.0000000000
114005  -56.163  37.559  6.160 0.0000000000
114009  -51.116  36.987  4.210 0.0000000000
114010  -52.045  37.320  4.741 0.0000000000
114022  -54.317  36.920  4.617 0.0000000000
114023  -56.333  37.941  3.761 0.0000000000
114629  -42.347  39.166  9.751 0.0000000000
114634  -47.360  39.242  9.449 0.0000000000
114636  -49.180  39.066  9.721 0.0000000000
114645  -46.181  38.135  9.071 0.0000000000
114647  -53.663  39.520  8.997 0.0000000000
114654  -53.491  38.560  8.442 0.0000000000
114655  -54.311  39.002  8.446 0.0000000000
114663  -55.263  38.621  7.396 0.0000000000
114669  -56.167  38.300  5.978 0.0000000000
114696  -55.401  38.447  2.302 0.0000000000
115282  -41.790  39.543  10.151 0.0000000000
115288  -43.192  39.964  9.563 0.0000000000
115289  -44.080  39.674  9.300 0.0000000000
115290  -45.091  39.793  9.250 0.0000000000
115294  -49.326  40.177  9.849 0.0000000000
115298  -43.727  40.467  9.284 0.0000000000
115301  -46.232  40.368  9.190 0.0000000000
115305  -53.025  40.177  9.335 0.0000000000
115309  -46.774  40.437  8.795 0.0000000000
115312  -52.777  40.747  8.770 0.0000000000
115953  -39.772  40.408  9.352 0.0000000000
115954  -40.781  40.484  9.022 0.0000000000
115960  -51.526  40.740  9.502 0.0000000000
115965  -41.658  40.532  8.878 0.0000000000
115967  -43.322  40.702  8.753 0.0000000000
115974  -53.058  40.547  9.096 0.0000000000
115980  -44.778  40.449  7.880 0.0000000000
115986  -53.407  40.429  8.865 0.0000000000
115988  -41.055  40.787  7.248 0.0000000000
116580  -38.181  41.461  8.227 0.0000000000
116585  -40.225  40.774  7.547 0.0000000000
116588  -40.455  41.385  6.911 0.0000000000
117161  -38.392  42.191  7.870 0.0000000000
117170  -40.857  42.138  6.495 0.0000000000
117171  -41.577  42.515  6.251 0.0000000000
129417  -55.155  18.234  17.460 0.0000000000
129671  -51.822  17.469  19.409 0.0000000000
130075  -56.703  29.747  5.394 0.0000000000
130600  -56.649  32.217  9.454 0.0000000000
131404  -45.257  35.543  8.418 0.0000000000
131867  -56.359  28.904  3.367 0.0000000000
132209  -58.521  28.800  6.220 0.0000000000
132441  -58.363  25.955  1.736 0.0000000000
133516  -40.318  40.608  10.415 0.0000000000
134543  -49.863  31.043  3.565 0.0000000000
134934  -55.045  28.319  2.572 0.0000000000
135588  -56.402  23.860  -0.996 0.0000000000
135829  -49.932  38.616  9.440 0.0000000000
136115  -57.229  33.457  1.250 0.0000000000
136681  -55.375  25.326  16.141 0.0000000000
136770  -52.612  23.426  16.809 0.0000000000
136792  -54.404  27.415  7.281 0.0000000000
137242  -48.022  30.286  5.874 0.0000000000
137374  -41.054  42.970  6.412 0.0000000000
137782  -41.280  39.985  10.930 0.0000000000
137934  -43.957  40.688  9.089 0.0000000000
138988  -56.149  32.281  8.955 0.0000000000
138992  -49.593  34.990  3.451 0.0000000000
139528  -39.327  40.495  8.509 0.0000000000
140122  -52.616  22.854  16.564 0.0000000000
140481  -49.527  21.892  7.789 0.0000000000
140886  -50.034  23.028  17.183 0.0000000000
141173  -54.066  29.573  4.742 0.0000000000
141506  -51.762  31.161  9.670 0.0000000000
142000  -58.138  24.400  2.005 0.0000000000
142380  -50.387  33.878  2.900 0.0000000000
142617  -54.362  25.821  -3.287 0.0000000000
143127  -54.446  27.105  10.003 0.0000000000
143767  -54.463  25.150  1.851 0.0000000000
144264  -52.250  40.707  9.248 0.0000000000
144265  -55.031  24.804  -3.294 0.0000000000
144499  -51.447  31.729  2.286 0.0000000000
144756  -40.902  40.482  8.099 0.0000000000
144922  -47.067  36.682  8.643 0.0000000000
145384  -43.305  40.586  7.475 0.0000000000
145481  -47.767  39.922  9.334 0.0000000000
146102  -57.658  25.263  3.381 0.0000000000
146319  -51.273  24.926  14.481 0.0000000000
146878  -50.677  24.749  14.903 0.0000000000
147820  -47.566  17.527  17.650 0.0000000000
147883  -55.216  31.845  8.314 0.0000000000
148066  -49.196  30.246  5.289 0.0000000000
148225  -56.966  26.221  -1.667 0.0000000000
148708  -50.729  37.314  7.820 0.0000000000
148908  -56.337  29.498  -0.958 0.0000000000
148959  -52.458  17.873  18.285 0.0000000000
149151  -56.220  37.038  5.913 0.0000000000
149230  -41.489  40.007  10.449 0.0000000000
149254  -52.033  23.273  -3.614 0.0000000000
149673  -54.574  17.344  22.234 0.0000000000
149842  -51.452  40.862  9.403 0.0000000000
150379  -50.084  17.047  19.130 0.0000000000
151052  -54.078  28.069  1.501 0.0000000000
151185  -58.820  17.700  21.682 0.0000000000
151234  -58.546  26.358  4.024 0.0000000000
151454  -56.940  24.314  11.064 0.0000000000
151808  -53.946  18.631  16.241 0.0000000000
151938  -47.526  24.861  13.812 0.0000000000
152236  -52.790  31.187  8.698 0.0000000000
152637  -50.669  18.288  16.344 0.0000000000
153017  -56.649  18.599  17.178 0.0000000000
153204  -54.184  19.284  15.795 0.0000000000
153302  -56.264  22.206  12.595 0.0000000000
153376  -52.493  37.368  5.374 0.0000000000
153535  -48.026  35.970  7.618 0.0000000000
153649  -58.203  28.375  3.795 0.0000000000
153846  -57.033  35.390  3.283 0.0000000000
154285  -53.265  22.578  16.191 0.0000000000
154289  -55.523  25.445  -3.187 0.0000000000
154661  -45.810  27.527  11.179 0.0000000000
154762  -58.436  26.316  5.132 0.0000000000
154767  -57.552  18.507  17.736 0.0000000000
154885  -57.166  24.608  -1.677 0.0000000000
155202  -46.557  30.189  10.270 0.0000000000
155580  -52.914  38.003  8.021 0.0000000000
156385  -55.050  23.519  16.298 0.0000000000
156454  -50.282  29.809  4.285 0.0000000000
156519  -53.103  22.822  7.125 0.0000000000
