#!ascii label  , from subject sub125 vox2ras=TkReg
986
131283  -38.023  -30.669  36.960 0.0000000000
47625  -20.075  -34.170  43.626 0.0000000000
46829  -28.021  -35.105  37.934 0.0000000000
73151  -46.463  -9.671  20.701 0.0000000000
74264  -52.627  -8.078  15.991 0.0000000000
48548  -13.476  -32.812  49.483 0.0000000000
69958  -42.999  -12.096  24.490 0.0000000000
151903  -41.133  -28.093  34.112 0.0000000000
47751  -33.003  -33.506  36.816 0.0000000000
47600  -16.233  -33.602  46.331 0.0000000000
44677  -16.842  -37.324  49.202 0.0000000000
52166  -32.819  -29.695  33.058 0.0000000000
53308  -35.962  -28.436  30.926 0.0000000000
47667  -24.623  -33.667  41.687 0.0000000000
50991  -28.871  -30.233  35.739 0.0000000000
60847  -42.481  -21.830  24.925 0.0000000000
64188  -45.748  -18.460  23.360 0.0000000000
67938  -47.390  -14.230  23.545 0.0000000000
145097  -8.789  -38.343  53.001 0.0000000000
43529  -6.231  -37.644  56.176 0.0000000000
57339  -35.295  -24.279  29.950 0.0000000000
60780  -35.696  -21.640  29.145 0.0000000000
58525  -38.775  -23.307  26.884 0.0000000000
42612  -11.854  -38.633  50.046 0.0000000000
45803  -20.002  -36.300  45.338 0.0000000000
151536  -21.967  -36.277  45.008 0.0000000000
153967  -35.409  -31.907  36.877 0.0000000000
50870  -18.572  -30.746  44.562 0.0000000000
47611  -17.880  -33.366  44.512 0.0000000000
45791  -18.259  -35.970  45.890 0.0000000000
136123  -32.039  -27.307  34.554 0.0000000000
52155  -29.930  -29.124  34.091 0.0000000000
154544  -41.612  -19.575  24.579 0.0000000000
61978  -44.523  -20.577  23.936 0.0000000000
65129  -42.471  -17.550  23.709 0.0000000000
68908  -44.323  -13.066  22.771 0.0000000000
69989  -46.260  -12.802  21.453 0.0000000000
68924  -48.779  -13.742  21.934 0.0000000000
71067  -48.448  -12.154  19.308 0.0000000000
144173  -50.260  -11.875  18.784 0.0000000000
56349  -34.746  -25.893  32.543 0.0000000000
55412  -35.532  -26.497  30.483 0.0000000000
57318  -33.294  -24.265  31.903 0.0000000000
61902  -33.364  -20.483  29.418 0.0000000000
63061  -34.569  -19.446  27.817 0.0000000000
60793  -36.744  -21.768  27.889 0.0000000000
63086  -37.277  -19.386  26.959 0.0000000000
61956  -38.854  -21.033  26.395 0.0000000000
47689  -26.410  -34.001  40.092 0.0000000000
45728  -10.451  -35.693  50.637 0.0000000000
45753  -12.217  -35.988  48.963 0.0000000000
42494  -4.644  -38.904  57.687 0.0000000000
43506  -2.974  -38.085  58.116 0.0000000000
67908  -41.525  -14.688  25.551 0.0000000000
56343  -41.832  -25.522  33.808 0.0000000000
46842  -31.220  -35.164  37.193 0.0000000000
48559  -15.148  -32.508  47.951 0.0000000000
45764  -13.935  -35.758  47.620 0.0000000000
45777  -16.029  -35.594  46.796 0.0000000000
75255  -54.273  -7.568  15.115 0.0000000000
150549  -35.684  -30.690  34.887 0.0000000000
52157  -36.961  -29.794  33.374 0.0000000000
52182  -34.708  -29.249  31.984 0.0000000000
49711  -20.724  -31.745  42.721 0.0000000000
47644  -22.205  -33.830  42.833 0.0000000000
49734  -22.435  -31.186  41.362 0.0000000000
49746  -25.095  -31.946  39.959 0.0000000000
48672  -26.156  -33.207  37.833 0.0000000000
139582  -26.616  -30.597  37.244 0.0000000000
144215  -28.478  -33.332  35.993 0.0000000000
48715  -30.150  -32.670  35.102 0.0000000000
49810  -32.950  -31.945  34.866 0.0000000000
58512  -43.392  -24.162  27.169 0.0000000000
134107  -43.449  -14.982  23.318 0.0000000000
66069  -45.895  -16.173  23.457 0.0000000000
71077  -51.964  -11.667  18.199 0.0000000000
43544  -6.872  -37.601  55.267 0.0000000000
41429  -7.439  -39.658  57.343 0.0000000000
53296  -38.466  -28.388  32.161 0.0000000000
55385  -39.375  -26.825  31.539 0.0000000000
57321  -38.709  -23.957  31.978 0.0000000000
60759  -32.631  -21.891  30.493 0.0000000000
59618  -35.272  -22.298  29.960 0.0000000000
59582  -37.972  -22.340  31.856 0.0000000000
60781  -38.925  -21.863  30.402 0.0000000000
59637  -39.927  -23.116  29.844 0.0000000000
57368  -41.496  -24.762  28.310 0.0000000000
58540  -40.868  -23.363  25.782 0.0000000000
61967  -40.529  -21.255  25.586 0.0000000000
45829  -24.309  -35.755  43.522 0.0000000000
45717  -9.329  -35.363  52.123 0.0000000000
42589  -9.893  -38.921  51.814 0.0000000000
43646  -14.429  -37.899  49.040 0.0000000000
42478  -2.485  -38.471  57.881 0.0000000000
46723  -19.647  -35.521  44.641 0.0000000000
45804  -20.952  -36.231  45.166 0.0000000000
156146  -20.887  -35.272  44.385 0.0000000000
151890  -36.502  -31.240  36.924 0.0000000000
48598  -18.936  -32.847  43.668 0.0000000000
48597  -18.231  -32.534  44.125 0.0000000000
46730  -18.550  -34.145  44.213 0.0000000000
46722  -18.697  -35.065  44.669 0.0000000000
64165  -41.419  -18.162  24.926 0.0000000000
143560  -41.872  -18.993  24.341 0.0000000000
65110  -41.488  -17.327  24.970 0.0000000000
156338  -45.844  -10.149  21.785 0.0000000000
71042  -45.469  -11.429  22.017 0.0000000000
148369  -45.766  -10.919  20.759 0.0000000000
144977  -46.514  -12.297  20.358 0.0000000000
71065  -46.807  -10.893  19.761 0.0000000000
72053  -48.100  -10.336  19.238 0.0000000000
57319  -33.692  -24.906  32.480 0.0000000000
64108  -34.654  -17.646  28.669 0.0000000000
149751  -35.955  -19.685  27.201 0.0000000000
64143  -36.544  -18.140  27.219 0.0000000000
134607  -38.009  -18.869  27.197 0.0000000000
46815  -27.539  -34.910  39.643 0.0000000000
46780  -27.592  -35.450  40.521 0.0000000000
45868  -28.491  -36.109  40.239 0.0000000000
46683  -11.994  -34.582  49.973 0.0000000000
47570  -13.184  -33.652  49.161 0.0000000000
73187  -53.358  -9.344  16.570 0.0000000000
42481  -4.137  -38.886  58.557 0.0000000000
53263  -41.690  -28.673  35.776 0.0000000000
55356  -41.540  -26.529  33.849 0.0000000000
144685  -32.443  -34.176  36.998 0.0000000000
47718  -33.374  -34.458  38.565 0.0000000000
49665  -16.687  -31.630  46.199 0.0000000000
49648  -16.153  -31.836  46.867 0.0000000000
49627  -16.094  -31.285  47.718 0.0000000000
48573  -15.816  -32.745  46.797 0.0000000000
46706  -15.491  -34.530  46.948 0.0000000000
46707  -16.134  -34.586  46.613 0.0000000000
45779  -19.181  -35.999  47.437 0.0000000000
151336  -18.627  -36.355  47.328 0.0000000000
51016  -34.351  -30.766  34.232 0.0000000000
51027  -35.124  -30.140  33.328 0.0000000000
52167  -33.595  -29.808  32.730 0.0000000000
50901  -20.714  -30.077  42.391 0.0000000000
48614  -21.425  -32.005  42.277 0.0000000000
50903  -21.995  -30.381  41.516 0.0000000000
50931  -24.017  -29.991  40.178 0.0000000000
49759  -25.051  -31.090  39.650 0.0000000000
48653  -25.518  -32.600  39.422 0.0000000000
49774  -25.490  -31.291  38.360 0.0000000000
52124  -28.702  -28.932  37.543 0.0000000000
50989  -27.666  -30.764  36.364 0.0000000000
49796  -27.388  -31.747  36.311 0.0000000000
49797  -28.096  -31.627  35.788 0.0000000000
47774  -29.526  -32.982  35.137 0.0000000000
48714  -29.480  -32.223  34.922 0.0000000000
52156  -30.941  -29.216  33.716 0.0000000000
51002  -31.245  -30.961  34.447 0.0000000000
51015  -32.639  -30.484  33.719 0.0000000000
51005  -34.098  -31.170  34.713 0.0000000000
59710  -42.437  -23.007  25.702 0.0000000000
58530  -44.752  -23.485  26.725 0.0000000000
59711  -43.938  -22.562  25.361 0.0000000000
63141  -44.404  -19.182  23.260 0.0000000000
61979  -45.560  -20.532  23.857 0.0000000000
68888  -42.131  -13.307  25.546 0.0000000000
151124  -42.107  -14.576  23.920 0.0000000000
68906  -42.736  -13.211  23.622 0.0000000000
68909  -45.845  -13.915  22.828 0.0000000000
67936  -45.494  -14.671  23.178 0.0000000000
67006  -47.032  -15.031  23.705 0.0000000000
66056  -48.287  -16.468  23.636 0.0000000000
71069  -51.155  -11.763  18.466 0.0000000000
145396  -50.996  -10.105  18.253 0.0000000000
72071  -51.664  -10.220  17.847 0.0000000000
44575  -8.701  -35.869  53.482 0.0000000000
44564  -7.747  -35.894  54.715 0.0000000000
43559  -7.986  -37.855  53.808 0.0000000000
41446  -8.435  -39.632  56.351 0.0000000000
41417  -7.194  -39.645  58.135 0.0000000000
52184  -36.372  -28.982  31.968 0.0000000000
53279  -38.035  -28.894  32.763 0.0000000000
53295  -37.334  -28.657  31.885 0.0000000000
56368  -35.959  -25.645  30.035 0.0000000000
55400  -37.932  -26.652  30.630 0.0000000000
56370  -37.748  -25.539  30.453 0.0000000000
56358  -39.098  -25.068  31.456 0.0000000000
57341  -36.850  -24.369  30.266 0.0000000000
61885  -32.647  -20.375  31.284 0.0000000000
60779  -34.737  -21.506  29.122 0.0000000000
60778  -33.807  -21.305  29.412 0.0000000000
60762  -35.529  -21.847  29.788 0.0000000000
58430  -36.810  -22.260  30.955 0.0000000000
59620  -37.103  -21.853  30.969 0.0000000000
129993  -38.221  -21.565  31.057 0.0000000000
59634  -37.481  -21.675  29.947 0.0000000000
59668  -37.288  -22.095  27.126 0.0000000000
59651  -38.730  -23.223  28.669 0.0000000000
58492  -39.267  -23.840  28.163 0.0000000000
57354  -41.190  -24.650  29.034 0.0000000000
57366  -39.934  -24.290  27.842 0.0000000000
57394  -40.861  -24.321  26.842 0.0000000000
58526  -39.612  -23.683  26.628 0.0000000000
140057  -39.810  -19.671  27.219 0.0000000000
61957  -40.126  -20.929  26.223 0.0000000000
61935  -40.372  -20.143  26.631 0.0000000000
47655  -23.322  -33.528  42.330 0.0000000000
46746  -23.634  -35.209  43.147 0.0000000000
150913  -24.174  -34.634  42.817 0.0000000000
43623  -11.367  -37.778  50.137 0.0000000000
44632  -10.082  -36.685  50.874 0.0000000000
42602  -11.296  -38.672  50.493 0.0000000000
129616  -15.300  -37.225  47.760 0.0000000000
43663  -13.977  -37.508  48.092 0.0000000000
43647  -15.356  -37.780  49.159 0.0000000000
45780  -19.671  -36.254  47.089 0.0000000000
44737  -21.080  -36.527  46.484 0.0000000000
44739  -22.807  -36.823  46.256 0.0000000000
140517  -23.555  -36.892  45.917 0.0000000000
49788  -34.537  -32.713  37.238 0.0000000000
47735  -34.323  -33.486  38.618 0.0000000000
50850  -18.123  -30.358  45.361 0.0000000000
48592  -17.580  -32.212  44.826 0.0000000000
47601  -16.901  -33.515  45.604 0.0000000000
46714  -16.769  -34.578  45.973 0.0000000000
46721  -18.111  -34.752  45.219 0.0000000000
141990  -18.754  -36.053  45.814 0.0000000000
52165  -31.605  -28.486  33.546 0.0000000000
53278  -32.972  -28.430  32.890 0.0000000000
53237  -28.993  -28.197  37.066 0.0000000000
52143  -29.196  -29.550  35.372 0.0000000000
54316  -30.823  -27.664  34.503 0.0000000000
60856  -41.951  -21.164  24.656 0.0000000000
60857  -42.936  -21.197  24.490 0.0000000000
63129  -42.134  -19.675  24.307 0.0000000000
63140  -43.472  -19.129  23.464 0.0000000000
65130  -43.444  -17.614  23.287 0.0000000000
69969  -43.846  -12.226  23.109 0.0000000000
71033  -44.349  -11.488  22.977 0.0000000000
69978  -45.365  -12.255  22.223 0.0000000000
68922  -46.557  -13.221  22.150 0.0000000000
145123  -48.179  -13.596  22.675 0.0000000000
68933  -47.037  -13.250  21.288 0.0000000000
68947  -48.467  -13.537  20.034 0.0000000000
68960  -49.812  -13.723  19.466 0.0000000000
71068  -49.339  -12.050  19.055 0.0000000000
72054  -48.930  -10.242  18.893 0.0000000000
41497  -9.622  -39.364  53.645 0.0000000000
41478  -8.722  -39.449  54.614 0.0000000000
41462  -10.246  -39.526  55.119 0.0000000000
55399  -35.011  -27.026  31.021 0.0000000000
54374  -36.237  -27.809  30.700 0.0000000000
149408  -34.690  -26.280  30.792 0.0000000000
56356  -34.024  -25.797  30.848 0.0000000000
57337  -33.838  -24.306  30.507 0.0000000000
63029  -33.393  -18.795  30.472 0.0000000000
64090  -33.641  -18.149  29.934 0.0000000000
61911  -34.165  -19.854  28.399 0.0000000000
60791  -35.054  -21.171  28.442 0.0000000000
129369  -36.594  -21.662  29.108 0.0000000000
60810  -36.216  -21.171  27.490 0.0000000000
60829  -36.637  -20.888  26.843 0.0000000000
60830  -37.348  -21.452  26.660 0.0000000000
60831  -38.210  -21.727  26.504 0.0000000000
61955  -38.224  -20.439  26.426 0.0000000000
47668  -25.320  -33.902  41.177 0.0000000000
46764  -25.544  -35.263  42.316 0.0000000000
46766  -26.635  -35.374  41.810 0.0000000000
45741  -11.733  -35.687  49.634 0.0000000000
44674  -12.115  -36.843  49.175 0.0000000000
42509  -5.414  -38.588  56.891 0.0000000000
44547  -5.142  -36.666  56.691 0.0000000000
43519  -4.759  -37.822  56.962 0.0000000000
43518  -3.979  -37.843  57.533 0.0000000000
44539  -2.752  -37.273  57.731 0.0000000000
57312  -41.435  -24.655  33.653 0.0000000000
45890  -29.677  -35.939  37.481 0.0000000000
45882  -29.667  -36.174  39.038 0.0000000000
49603  -15.276  -31.019  49.222 0.0000000000
47579  -14.487  -33.050  48.280 0.0000000000
47577  -13.475  -33.980  48.565 0.0000000000
47589  -14.478  -33.905  47.738 0.0000000000
45776  -15.236  -35.549  47.028 0.0000000000
142258  -15.901  -36.695  47.142 0.0000000000
44735  -17.233  -36.158  46.247 0.0000000000
137136  -17.080  -37.108  47.313 0.0000000000
130645  -17.579  -37.196  48.462 0.0000000000
75254  -53.481  -7.559  15.297 0.0000000000
155441  -36.226  -30.721  35.508 0.0000000000
51019  -37.268  -30.244  34.877 0.0000000000
133572  -35.867  -30.363  34.121 0.0000000000
52169  -35.293  -29.609  32.615 0.0000000000
53293  -35.119  -28.803  31.524 0.0000000000
53291  -33.699  -28.645  32.405 0.0000000000
54350  -34.621  -28.081  31.749 0.0000000000
54351  -34.813  -27.555  31.528 0.0000000000
55383  -34.889  -26.687  31.969 0.0000000000
47642  -20.529  -33.340  43.142 0.0000000000
149384  -21.026  -34.059  43.472 0.0000000000
48606  -21.020  -32.646  42.803 0.0000000000
47654  -22.562  -33.222  42.304 0.0000000000
48624  -23.486  -32.413  41.402 0.0000000000
138889  -22.977  -30.674  41.033 0.0000000000
49736  -23.927  -31.843  40.960 0.0000000000
48626  -24.862  -33.160  40.981 0.0000000000
48634  -25.145  -32.880  40.234 0.0000000000
47717  -26.333  -33.473  38.826 0.0000000000
47731  -26.800  -33.989  38.360 0.0000000000
50975  -25.811  -30.537  37.663 0.0000000000
49786  -25.974  -31.422  37.333 0.0000000000
47746  -27.172  -33.546  36.944 0.0000000000
46839  -28.424  -34.968  37.140 0.0000000000
47748  -29.665  -34.591  36.259 0.0000000000
47764  -30.961  -33.653  36.066 0.0000000000
48701  -31.508  -32.988  35.740 0.0000000000
51001  -30.150  -30.920  34.508 0.0000000000
48717  -31.816  -32.394  35.294 0.0000000000
48703  -33.257  -32.706  36.280 0.0000000000
49801  -34.259  -31.875  36.097 0.0000000000
50992  -35.516  -31.073  35.729 0.0000000000
49710  -19.593  -31.597  43.349 0.0000000000
60849  -44.443  -21.947  24.878 0.0000000000
67000  -41.823  -15.830  24.219 0.0000000000
66066  -42.972  -16.707  23.437 0.0000000000
142529  -43.965  -16.975  23.111 0.0000000000
135468  -44.006  -13.762  23.012 0.0000000000
67004  -45.101  -15.618  23.206 0.0000000000
139907  -45.664  -17.008  23.319 0.0000000000
65134  -47.070  -17.567  23.200 0.0000000000
72064  -52.999  -10.908  17.869 0.0000000000
72072  -52.501  -10.141  17.473 0.0000000000
74254  -52.256  -8.369  16.499 0.0000000000
45679  -7.358  -35.609  55.371 0.0000000000
43530  -6.635  -37.605  55.786 0.0000000000
42531  -7.929  -39.270  54.739 0.0000000000
149984  -7.165  -39.242  56.193 0.0000000000
149833  -6.564  -38.670  56.212 0.0000000000
41428  -6.620  -39.515  57.423 0.0000000000
52159  -38.382  -29.387  34.347 0.0000000000
53270  -39.145  -28.972  34.045 0.0000000000
53281  -39.556  -28.610  33.338 0.0000000000
54375  -37.330  -27.470  30.669 0.0000000000
54353  -38.981  -27.682  31.759 0.0000000000
55372  -40.383  -26.752  32.812 0.0000000000
55387  -40.518  -25.670  32.630 0.0000000000
57323  -40.180  -24.733  32.604 0.0000000000
57310  -39.746  -23.698  32.924 0.0000000000
58429  -32.865  -23.534  31.368 0.0000000000
58454  -34.212  -23.689  30.166 0.0000000000
60777  -32.916  -21.227  29.822 0.0000000000
59617  -34.099  -22.832  29.929 0.0000000000
58455  -35.101  -23.404  30.000 0.0000000000
58457  -36.682  -23.213  30.648 0.0000000000
58432  -37.998  -23.306  31.716 0.0000000000
59635  -38.223  -21.946  29.646 0.0000000000
59621  -39.659  -22.346  30.354 0.0000000000
57383  -43.116  -24.748  27.899 0.0000000000
138734  -41.862  -24.173  26.580 0.0000000000
59709  -41.585  -22.838  25.486 0.0000000000
60832  -39.029  -21.996  26.257 0.0000000000
60845  -40.801  -22.013  25.451 0.0000000000
137515  -41.206  -21.205  25.021 0.0000000000
61968  -40.914  -20.479  25.142 0.0000000000
63120  -40.967  -19.755  25.403 0.0000000000
140210  -22.123  -34.924  43.510 0.0000000000
45816  -23.424  -36.113  43.813 0.0000000000
45819  -26.339  -36.043  43.623 0.0000000000
44613  -9.182  -37.101  52.454 0.0000000000
45727  -9.845  -35.590  51.360 0.0000000000
44614  -9.513  -36.658  51.775 0.0000000000
42588  -9.173  -38.566  52.467 0.0000000000
42570  -10.855  -39.542  52.905 0.0000000000
45763  -13.264  -35.428  48.177 0.0000000000
44675  -12.762  -36.709  48.691 0.0000000000
43625  -13.237  -38.417  49.585 0.0000000000
42462  -2.181  -38.924  59.486 0.0000000000
42479  -2.570  -38.677  58.364 0.0000000000
44537  -2.387  -36.706  57.365 0.0000000000
50994  -37.903  -30.508  36.255 0.0000000000
46732  -20.232  -35.010  44.278 0.0000000000
47626  -20.872  -34.703  43.966 0.0000000000
50980  -37.207  -30.840  36.783 0.0000000000
47641  -19.658  -33.191  43.311 0.0000000000
47624  -19.148  -33.777  43.747 0.0000000000
46731  -19.347  -34.680  44.111 0.0000000000
134651  -41.425  -17.886  25.479 0.0000000000
65102  -41.602  -17.206  25.514 0.0000000000
149655  -46.289  -9.619  21.598 0.0000000000
72032  -45.893  -10.234  21.034 0.0000000000
72042  -46.269  -10.506  20.343 0.0000000000
72043  -46.838  -9.938  19.922 0.0000000000
64127  -36.147  -17.584  27.412 0.0000000000
46816  -28.232  -35.181  39.047 0.0000000000
142545  -28.147  -35.443  39.790 0.0000000000
45881  -28.804  -35.872  39.422 0.0000000000
47564  -12.903  -33.241  49.900 0.0000000000
74255  -52.907  -8.695  16.226 0.0000000000
73188  -54.194  -9.446  16.402 0.0000000000
74256  -53.650  -8.841  15.976 0.0000000000
54306  -41.601  -28.246  34.848 0.0000000000
54324  -42.138  -27.160  35.006 0.0000000000
54323  -41.584  -27.282  34.299 0.0000000000
47733  -33.131  -34.345  37.631 0.0000000000
47752  -33.644  -33.628  37.527 0.0000000000
48582  -16.291  -32.591  46.083 0.0000000000
47591  -15.666  -33.634  46.937 0.0000000000
154207  -33.345  -30.275  33.283 0.0000000000
51026  -34.182  -30.379  33.370 0.0000000000
50902  -21.377  -30.156  41.896 0.0000000000
52093  -25.134  -29.711  39.245 0.0000000000
50932  -24.727  -30.277  39.632 0.0000000000
50948  -25.390  -30.603  39.068 0.0000000000
50961  -25.533  -30.519  38.108 0.0000000000
50979  -28.487  -29.696  36.671 0.0000000000
50990  -28.326  -30.574  36.008 0.0000000000
49798  -28.836  -31.368  35.188 0.0000000000
130450  -31.929  -29.491  33.431 0.0000000000
152574  -31.556  -30.228  33.960 0.0000000000
51025  -33.615  -30.739  33.948 0.0000000000
141226  -42.987  -22.436  25.364 0.0000000000
59689  -43.379  -22.988  25.977 0.0000000000
63142  -45.283  -19.186  23.327 0.0000000000
152360  -45.630  -19.794  23.507 0.0000000000
69957  -42.501  -12.628  25.059 0.0000000000
156213  -42.292  -13.453  24.067 0.0000000000
69967  -42.541  -12.801  24.209 0.0000000000
68910  -46.780  -13.698  22.944 0.0000000000
67937  -46.475  -14.469  23.340 0.0000000000
67920  -47.878  -14.715  23.986 0.0000000000
73173  -50.604  -9.308  18.198 0.0000000000
43578  -8.471  -37.706  53.308 0.0000000000
42567  -8.437  -38.571  53.595 0.0000000000
53294  -35.751  -28.786  31.357 0.0000000000
137313  -36.400  -28.640  31.338 0.0000000000
134170  -35.574  -24.908  29.906 0.0000000000
56369  -37.006  -25.394  30.064 0.0000000000
136506  -36.322  -24.872  29.910 0.0000000000
57342  -37.666  -24.796  30.546 0.0000000000
130920  -36.660  -21.792  30.096 0.0000000000
60763  -37.629  -21.646  30.754 0.0000000000
59669  -38.096  -22.661  27.176 0.0000000000
58508  -38.442  -23.283  27.723 0.0000000000
58509  -39.309  -23.849  27.315 0.0000000000
58510  -40.063  -24.213  27.049 0.0000000000
47646  -24.191  -33.948  42.390 0.0000000000
153070  -24.734  -34.211  42.112 0.0000000000
140571  -11.493  -39.248  51.110 0.0000000000
42603  -12.303  -39.181  50.861 0.0000000000
44676  -15.804  -37.608  48.701 0.0000000000
44694  -14.846  -37.589  48.305 0.0000000000
44554  -6.602  -36.434  56.072 0.0000000000
44553  -5.929  -36.897  56.346 0.0000000000
53262  -40.995  -29.021  35.297 0.0000000000
45793  -20.141  -36.511  46.334 0.0000000000
44713  -20.326  -36.328  47.243 0.0000000000
44758  -21.430  -36.439  45.692 0.0000000000
145664  -23.379  -37.071  46.618 0.0000000000
44760  -22.852  -36.607  45.421 0.0000000000
146882  -34.752  -32.164  36.747 0.0000000000
136696  -34.961  -33.024  37.800 0.0000000000
47610  -17.357  -33.053  45.106 0.0000000000
139255  -17.708  -33.870  45.201 0.0000000000
45802  -19.078  -35.939  45.206 0.0000000000
45792  -19.326  -36.268  46.262 0.0000000000
54317  -31.533  -27.707  34.004 0.0000000000
54318  -32.452  -27.719  33.872 0.0000000000
53251  -29.549  -27.561  36.616 0.0000000000
149286  -31.745  -27.160  35.255 0.0000000000
54300  -31.236  -27.275  34.820 0.0000000000
61975  -41.581  -20.336  24.650 0.0000000000
61976  -42.473  -20.429  24.347 0.0000000000
64173  -42.139  -18.310  24.009 0.0000000000
63139  -42.548  -19.032  23.910 0.0000000000
64185  -42.950  -18.349  23.538 0.0000000000
64186  -43.913  -18.411  23.192 0.0000000000
71034  -44.993  -11.001  22.746 0.0000000000
69988  -45.706  -12.229  21.597 0.0000000000
69979  -45.929  -12.801  22.105 0.0000000000
69997  -46.538  -12.779  20.781 0.0000000000
70013  -47.720  -12.345  19.674 0.0000000000
69999  -47.910  -12.986  20.095 0.0000000000
70014  -48.327  -12.837  19.668 0.0000000000
70015  -49.039  -13.190  19.344 0.0000000000
140449  -34.483  -26.273  31.328 0.0000000000
56355  -33.635  -24.992  31.240 0.0000000000
56366  -34.080  -25.028  30.530 0.0000000000
57328  -33.354  -24.265  30.980 0.0000000000
130850  -34.827  -18.405  27.854 0.0000000000
63046  -34.149  -18.703  28.823 0.0000000000
61912  -34.705  -20.403  28.020 0.0000000000
61913  -35.498  -20.851  27.814 0.0000000000
61930  -35.207  -20.048  27.384 0.0000000000
61932  -36.597  -19.953  26.948 0.0000000000
61954  -37.400  -20.402  26.568 0.0000000000
143712  -37.961  -21.012  26.416 0.0000000000
64145  -38.646  -18.382  27.435 0.0000000000
129968  -25.927  -33.930  40.652 0.0000000000
46778  -26.102  -34.604  41.319 0.0000000000
46799  -26.472  -34.408  40.682 0.0000000000
45852  -28.138  -36.216  41.166 0.0000000000
45851  -27.227  -35.741  41.573 0.0000000000
46689  -12.198  -35.039  49.077 0.0000000000
43507  -3.697  -38.392  58.124 0.0000000000
43517  -3.271  -37.763  57.840 0.0000000000
56334  -42.519  -25.359  34.636 0.0000000000
57303  -41.989  -24.468  34.407 0.0000000000
46841  -30.203  -35.362  36.940 0.0000000000
155067  -30.665  -36.391  38.225 0.0000000000
45891  -30.700  -36.091  37.630 0.0000000000
49626  -15.443  -31.537  48.222 0.0000000000
48550  -14.700  -31.885  48.610 0.0000000000
45790  -17.420  -35.512  45.858 0.0000000000
44736  -17.875  -36.213  46.194 0.0000000000
44711  -17.750  -36.653  46.762 0.0000000000
44696  -18.213  -36.734  47.795 0.0000000000
51006  -36.510  -30.516  34.847 0.0000000000
52168  -34.401  -29.799  32.572 0.0000000000
52183  -35.507  -29.156  31.925 0.0000000000
54333  -33.524  -28.073  32.807 0.0000000000
141847  -34.705  -27.518  32.395 0.0000000000
48605  -20.134  -32.367  43.038 0.0000000000
48615  -22.205  -32.271  41.822 0.0000000000
48616  -23.022  -32.791  41.853 0.0000000000
48623  -22.806  -32.053  41.473 0.0000000000
49745  -24.441  -31.183  40.283 0.0000000000
49744  -23.637  -30.858  40.682 0.0000000000
48633  -24.576  -32.333  40.610 0.0000000000
48654  -25.812  -32.803  38.597 0.0000000000
47716  -25.939  -33.180  39.266 0.0000000000
50977  -27.397  -30.154  37.169 0.0000000000
50963  -27.969  -29.642  38.043 0.0000000000
50962  -27.232  -29.764  38.208 0.0000000000
50976  -26.081  -29.870  37.856 0.0000000000
48698  -27.957  -32.589  36.124 0.0000000000
48688  -27.019  -32.742  36.575 0.0000000000
47761  -27.814  -33.472  36.510 0.0000000000
46838  -27.679  -34.335  37.156 0.0000000000
47747  -28.637  -34.248  36.478 0.0000000000
47763  -30.097  -33.405  35.382 0.0000000000
48700  -30.747  -33.004  35.502 0.0000000000
52154  -29.485  -29.596  34.564 0.0000000000
51000  -29.297  -30.473  34.796 0.0000000000
51013  -29.679  -30.019  34.202 0.0000000000
51003  -32.248  -31.162  34.368 0.0000000000
49809  -31.997  -31.761  34.886 0.0000000000
49799  -32.710  -32.460  35.394 0.0000000000
49800  -33.494  -32.123  35.817 0.0000000000
49811  -33.796  -31.686  35.248 0.0000000000
129365  -34.878  -30.918  34.909 0.0000000000
49812  -34.638  -31.452  35.480 0.0000000000
49723  -20.442  -30.863  42.769 0.0000000000
134046  -19.927  -30.785  43.287 0.0000000000
153682  -20.163  -31.485  43.023 0.0000000000
57384  -43.823  -24.310  27.837 0.0000000000
59691  -45.336  -23.108  26.107 0.0000000000
58514  -45.686  -23.523  27.000 0.0000000000
61977  -43.484  -20.513  24.106 0.0000000000
60858  -43.997  -21.278  24.394 0.0000000000
60859  -45.021  -21.295  24.340 0.0000000000
149047  -41.715  -15.315  26.094 0.0000000000
142076  -41.550  -15.985  24.797 0.0000000000
66985  -41.475  -15.247  24.773 0.0000000000
136848  -42.707  -14.738  23.543 0.0000000000
67001  -42.197  -15.318  23.811 0.0000000000
67002  -43.008  -15.701  23.426 0.0000000000
147502  -43.703  -16.281  23.204 0.0000000000
68907  -43.451  -13.049  23.181 0.0000000000
67005  -46.139  -15.297  23.524 0.0000000000
66068  -45.207  -16.469  23.217 0.0000000000
134861  -46.474  -16.830  23.385 0.0000000000
143740  -48.851  -17.386  23.718 0.0000000000
70017  -51.071  -12.757  18.899 0.0000000000
70028  -52.699  -12.297  18.407 0.0000000000
71078  -52.645  -11.515  18.061 0.0000000000
73178  -51.800  -9.497  17.367 0.0000000000
73179  -52.517  -9.234  16.867 0.0000000000
43558  -7.420  -37.678  54.379 0.0000000000
44563  -7.247  -36.601  54.802 0.0000000000
44555  -6.905  -36.440  55.641 0.0000000000
41460  -8.541  -39.575  55.448 0.0000000000
41445  -7.642  -39.570  56.573 0.0000000000
41444  -6.892  -39.426  56.714 0.0000000000
42510  -6.183  -39.033  56.835 0.0000000000
42466  -6.851  -39.506  59.064 0.0000000000
52158  -37.493  -29.796  34.210 0.0000000000
52144  -37.878  -29.800  34.898 0.0000000000
53280  -38.638  -28.954  33.487 0.0000000000
145147  -38.805  -28.578  32.888 0.0000000000
53297  -39.284  -28.070  32.600 0.0000000000
54393  -36.405  -27.050  30.469 0.0000000000
54376  -38.520  -27.210  31.031 0.0000000000
54354  -39.703  -27.253  32.303 0.0000000000
55386  -39.845  -26.326  32.231 0.0000000000
56350  -39.717  -25.365  32.183 0.0000000000
57322  -39.430  -24.405  32.274 0.0000000000
60746  -32.336  -21.428  31.620 0.0000000000
132605  -32.366  -22.213  32.349 0.0000000000
59601  -32.448  -22.543  31.392 0.0000000000
58453  -33.482  -23.614  30.463 0.0000000000
59616  -32.982  -22.831  30.393 0.0000000000
63028  -33.167  -19.578  29.811 0.0000000000
61891  -32.786  -20.361  30.178 0.0000000000
60761  -34.436  -21.959  29.591 0.0000000000
60760  -33.374  -22.040  29.805 0.0000000000
58456  -36.012  -22.717  30.218 0.0000000000
150699  -37.384  -22.106  31.402 0.0000000000
58431  -37.343  -22.719  31.353 0.0000000000
58410  -38.573  -22.922  32.412 0.0000000000
59583  -38.603  -22.131  32.446 0.0000000000
60764  -38.810  -21.643  31.036 0.0000000000
59649  -37.355  -21.924  28.857 0.0000000000
58475  -39.537  -23.612  29.066 0.0000000000
59636  -39.052  -22.691  29.610 0.0000000000
58477  -41.449  -24.511  29.581 0.0000000000
129677  -42.022  -24.994  29.155 0.0000000000
57369  -42.174  -24.921  28.551 0.0000000000
57370  -42.817  -25.104  28.753 0.0000000000
57382  -42.307  -24.802  27.964 0.0000000000
58528  -41.172  -23.991  26.326 0.0000000000
58541  -41.753  -23.593  25.948 0.0000000000
60833  -40.012  -21.997  25.991 0.0000000000
46744  -21.753  -34.222  43.280 0.0000000000
156542  -21.466  -34.618  43.665 0.0000000000
155047  -22.225  -34.412  43.164 0.0000000000
45817  -24.671  -36.234  44.253 0.0000000000
44778  -24.737  -36.520  45.125 0.0000000000
46750  -26.622  -35.790  42.444 0.0000000000
46749  -26.196  -35.808  42.700 0.0000000000
44835  -29.893  -36.629  40.306 0.0000000000
45716  -9.191  -36.168  52.708 0.0000000000
46671  -10.430  -34.600  51.150 0.0000000000
43606  -9.839  -37.830  51.158 0.0000000000
43593  -9.270  -37.875  51.927 0.0000000000
42569  -9.734  -39.201  52.829 0.0000000000
46696  -13.538  -34.670  48.040 0.0000000000
43645  -13.419  -37.493  48.547 0.0000000000
43644  -12.830  -37.639  49.000 0.0000000000
136238  -13.657  -38.022  49.189 0.0000000000
144834  -2.324  -39.000  58.412 0.0000000000
42461  -2.141  -38.986  59.096 0.0000000000
43505  -2.668  -37.742  57.714 0.0000000000
43504  -2.501  -37.743  57.523 0.0000000000
45794  -20.691  -36.487  45.742 0.0000000000
45813  -20.483  -35.766  44.733 0.0000000000
150251  -21.344  -35.791  44.586 0.0000000000
49803  -35.827  -31.427  36.576 0.0000000000
49692  -18.886  -31.771  43.940 0.0000000000
148961  -18.196  -31.671  44.486 0.0000000000
47623  -18.451  -33.368  43.931 0.0000000000
145524  -18.181  -34.228  44.831 0.0000000000
54301  -32.703  -27.273  35.380 0.0000000000
63128  -41.393  -19.082  24.844 0.0000000000
64172  -41.706  -18.408  24.490 0.0000000000
65118  -41.800  -17.578  24.389 0.0000000000
72024  -45.521  -10.413  22.397 0.0000000000
71048  -45.633  -11.549  21.053 0.0000000000
69996  -45.990  -12.253  20.827 0.0000000000
71054  -46.164  -11.480  20.327 0.0000000000
71055  -46.946  -11.878  19.843 0.0000000000
71066  -47.668  -11.308  19.369 0.0000000000
150551  -47.373  -10.380  19.527 0.0000000000
73165  -47.629  -9.480  19.726 0.0000000000
56348  -34.059  -25.597  31.804 0.0000000000
57307  -33.772  -24.760  33.712 0.0000000000
58409  -33.331  -24.226  33.008 0.0000000000
63084  -35.327  -19.119  27.292 0.0000000000
64126  -35.691  -18.242  27.338 0.0000000000
63085  -36.387  -18.988  27.136 0.0000000000
64144  -37.225  -18.495  27.242 0.0000000000
46800  -26.945  -34.666  40.231 0.0000000000
47569  -12.573  -34.106  49.535 0.0000000000
73180  -53.876  -9.909  17.035 0.0000000000
42482  -4.688  -39.397  58.670 0.0000000000
131922  -3.363  -38.751  58.964 0.0000000000
55357  -42.153  -26.315  34.405 0.0000000000
46831  -31.773  -35.639  37.868 0.0000000000
47732  -32.226  -34.887  37.436 0.0000000000
46832  -32.675  -35.103  38.209 0.0000000000
46820  -33.612  -34.416  39.189 0.0000000000
50834  -17.312  -30.878  46.355 0.0000000000
49628  -16.869  -31.025  47.246 0.0000000000
50804  -16.627  -30.716  48.081 0.0000000000
48560  -15.634  -32.101  47.480 0.0000000000
48572  -15.459  -32.903  47.378 0.0000000000
47590  -15.080  -33.556  47.512 0.0000000000
132266  -18.858  -36.169  46.639 0.0000000000
44712  -18.518  -36.309  46.651 0.0000000000
45778  -19.072  -35.955  47.491 0.0000000000
51017  -35.020  -30.550  34.142 0.0000000000
52181  -33.933  -29.253  32.212 0.0000000000
49724  -21.081  -31.008  42.312 0.0000000000
49725  -21.727  -31.198  41.787 0.0000000000
49760  -25.363  -31.579  39.247 0.0000000000
140487  -25.571  -32.096  38.693 0.0000000000
48671  -25.626  -32.105  37.854 0.0000000000
50964  -28.356  -29.354  37.869 0.0000000000
50978  -27.986  -29.897  36.906 0.0000000000
155718  -27.134  -31.002  36.723 0.0000000000
48699  -28.751  -32.627  35.371 0.0000000000
51014  -30.436  -30.046  34.009 0.0000000000
51004  -33.226  -31.291  34.409 0.0000000000
135552  -42.752  -23.800  26.372 0.0000000000
58513  -44.197  -23.808  27.351 0.0000000000
58529  -43.804  -23.483  26.639 0.0000000000
59690  -44.351  -23.042  26.044 0.0000000000
59712  -44.897  -22.596  25.437 0.0000000000
61987  -43.974  -19.868  23.552 0.0000000000
61988  -44.921  -19.899  23.440 0.0000000000
68887  -41.646  -13.909  25.117 0.0000000000
67918  -41.538  -14.511  24.765 0.0000000000
67919  -41.875  -14.063  24.326 0.0000000000
67933  -42.390  -13.966  23.742 0.0000000000
131547  -44.891  -13.888  22.867 0.0000000000
66070  -46.737  -15.924  23.622 0.0000000000
66987  -47.618  -15.684  23.756 0.0000000000
72055  -49.567  -11.040  18.794 0.0000000000
72061  -50.484  -10.825  18.464 0.0000000000
72062  -51.410  -10.937  18.207 0.0000000000
72063  -52.180  -10.890  17.982 0.0000000000
73174  -51.229  -9.476  17.931 0.0000000000
44574  -8.115  -36.736  53.993 0.0000000000
52170  -36.208  -29.427  32.678 0.0000000000
52172  -37.777  -29.372  33.490 0.0000000000
52171  -37.179  -29.319  32.646 0.0000000000
55413  -36.596  -26.283  30.187 0.0000000000
54394  -37.164  -26.761  30.365 0.0000000000
55414  -37.459  -26.131  30.336 0.0000000000
55401  -38.839  -26.181  30.957 0.0000000000
55402  -39.484  -25.964  31.620 0.0000000000
56357  -38.378  -25.325  30.778 0.0000000000
57330  -38.284  -24.381  31.172 0.0000000000
149739  -32.571  -21.075  30.603 0.0000000000
61903  -34.214  -20.681  28.784 0.0000000000
59619  -36.319  -22.055  30.334 0.0000000000
60747  -37.867  -21.793  31.380 0.0000000000
129334  -38.225  -21.611  30.543 0.0000000000
133435  -37.606  -22.481  27.811 0.0000000000
59650  -38.055  -22.662  28.585 0.0000000000
58476  -40.512  -24.095  29.437 0.0000000000
58493  -39.950  -24.161  28.617 0.0000000000
57367  -40.576  -24.544  28.506 0.0000000000
57380  -40.715  -24.538  27.602 0.0000000000
57381  -41.592  -24.545  27.259 0.0000000000
58527  -40.425  -23.880  26.422 0.0000000000
151329  -40.115  -23.350  26.137 0.0000000000
61934  -39.862  -20.403  26.637 0.0000000000
136670  -39.620  -21.310  26.260 0.0000000000
61958  -40.539  -20.353  26.060 0.0000000000
139797  -22.861  -33.896  42.665 0.0000000000
46745  -22.751  -34.640  43.008 0.0000000000
47645  -23.486  -34.297  42.757 0.0000000000
46747  -24.619  -35.232  43.098 0.0000000000
44651  -10.827  -36.715  50.334 0.0000000000
43607  -10.637  -37.750  50.589 0.0000000000
42601  -10.637  -38.763  51.028 0.0000000000
42590  -11.138  -39.473  51.791 0.0000000000
44693  -14.314  -36.942  47.699 0.0000000000
53272  -40.831  -28.771  34.416 0.0000000000
136017  -19.663  -35.912  47.845 0.0000000000
45768  -20.349  -36.152  47.996 0.0000000000
44714  -21.185  -36.528  47.407 0.0000000000
44715  -22.066  -36.897  47.619 0.0000000000
44738  -22.011  -36.622  46.723 0.0000000000
48689  -33.709  -32.883  37.162 0.0000000000
49666  -17.678  -30.795  45.713 0.0000000000
49681  -17.852  -31.189  45.045 0.0000000000
49680  -17.266  -31.477  45.558 0.0000000000
48583  -16.901  -32.389  45.468 0.0000000000
46715  -17.473  -34.575  45.540 0.0000000000
45800  -17.925  -35.284  45.544 0.0000000000
45801  -18.464  -35.519  45.348 0.0000000000
53277  -32.429  -28.832  33.094 0.0000000000
54332  -32.290  -28.123  33.417 0.0000000000
129439  -32.887  -27.995  33.266 0.0000000000
52134  -28.987  -29.303  36.440 0.0000000000
53250  -29.390  -28.610  36.048 0.0000000000
53259  -29.516  -28.783  34.900 0.0000000000
53268  -30.188  -28.165  34.701 0.0000000000
53269  -30.767  -28.305  34.012 0.0000000000
63130  -43.002  -19.753  23.968 0.0000000000
64187  -44.841  -18.355  23.262 0.0000000000
69968  -43.115  -12.411  23.693 0.0000000000
71024  -43.679  -11.494  23.817 0.0000000000
68920  -44.653  -12.300  22.580 0.0000000000
71041  -44.976  -11.675  22.514 0.0000000000
68921  -45.302  -13.125  22.509 0.0000000000
142413  -46.078  -13.401  22.476 0.0000000000
68911  -47.727  -13.780  23.249 0.0000000000
68923  -47.338  -13.482  22.401 0.0000000000
68934  -47.968  -13.469  21.652 0.0000000000
69998  -47.131  -12.833  20.267 0.0000000000
68946  -47.840  -13.364  20.674 0.0000000000
68935  -48.642  -13.782  20.855 0.0000000000
70016  -50.003  -12.919  18.983 0.0000000000
141761  -48.653  -11.198  19.046 0.0000000000
72060  -49.708  -10.107  18.564 0.0000000000
42568  -9.005  -38.989  53.137 0.0000000000
41496  -8.891  -39.271  53.874 0.0000000000
41479  -9.538  -39.493  54.457 0.0000000000
54373  -35.454  -27.940  30.995 0.0000000000
54392  -35.684  -27.294  30.736 0.0000000000
56367  -34.821  -25.663  30.344 0.0000000000
132482  -34.856  -24.865  30.142 0.0000000000
57338  -34.552  -24.288  30.150 0.0000000000
142941  -33.598  -18.941  29.582 0.0000000000
152289  -34.137  -17.713  29.439 0.0000000000
63045  -33.738  -19.707  29.054 0.0000000000
60792  -35.903  -21.406  28.314 0.0000000000
61931  -36.032  -20.417  27.320 0.0000000000
60811  -36.716  -21.566  27.014 0.0000000000
59685  -37.834  -22.141  26.801 0.0000000000
59686  -38.520  -22.518  26.625 0.0000000000
63087  -38.130  -19.670  26.646 0.0000000000
61933  -39.024  -20.075  26.712 0.0000000000
47656  -25.294  -34.547  41.840 0.0000000000
46765  -26.070  -35.307  41.986 0.0000000000
46779  -26.870  -34.940  41.067 0.0000000000
138773  -11.000  -35.019  50.601 0.0000000000
47563  -12.240  -33.644  50.316 0.0000000000
46682  -11.455  -34.999  50.220 0.0000000000
45740  -11.177  -35.784  50.210 0.0000000000
44652  -11.492  -36.794  49.773 0.0000000000
43624  -12.093  -38.013  49.447 0.0000000000
145978  -5.958  -38.360  56.450 0.0000000000
43528  -5.539  -37.686  56.499 0.0000000000
44546  -4.207  -36.931  57.222 0.0000000000
44545  -3.366  -37.044  57.586 0.0000000000
45655  -2.937  -36.083  57.704 0.0000000000
67899  -42.077  -14.576  26.468 0.0000000000
69938  -42.687  -12.701  26.029 0.0000000000
69948  -43.077  -12.008  25.519 0.0000000000
57302  -41.106  -23.839  34.042 0.0000000000
46817  -28.999  -35.814  38.388 0.0000000000
132531  -30.018  -36.390  38.135 0.0000000000
45883  -30.617  -36.302  38.809 0.0000000000
47734  -33.840  -33.884  38.177 0.0000000000
48549  -13.999  -32.325  49.000 0.0000000000
47571  -13.780  -33.280  48.790 0.0000000000
47578  -13.949  -33.876  48.136 0.0000000000
46697  -14.157  -34.660  47.617 0.0000000000
46705  -14.786  -34.559  47.257 0.0000000000
45775  -14.553  -35.375  47.296 0.0000000000
44710  -14.849  -36.306  47.351 0.0000000000
44695  -16.395  -37.540  47.922 0.0000000000
45789  -16.655  -35.570  46.261 0.0000000000
44734  -16.704  -36.453  46.598 0.0000000000
74265  -53.161  -8.179  15.689 0.0000000000
129938  -37.055  -30.565  35.728 0.0000000000
51018  -36.734  -30.192  34.113 0.0000000000
51028  -36.038  -29.906  33.393 0.0000000000
53307  -35.466  -28.490  31.191 0.0000000000
52180  -33.197  -29.108  32.634 0.0000000000
54349  -34.208  -28.137  32.264 0.0000000000
53292  -34.508  -28.662  31.906 0.0000000000
53306  -35.040  -28.301  31.421 0.0000000000
55384  -35.384  -26.036  33.275 0.0000000000
47643  -21.389  -33.473  43.010 0.0000000000
48607  -21.788  -32.940  42.450 0.0000000000
48617  -23.886  -33.085  41.963 0.0000000000
50915  -22.015  -29.390  41.624 0.0000000000
50916  -22.531  -30.034  41.128 0.0000000000
49735  -23.168  -31.519  41.144 0.0000000000
48625  -24.224  -32.750  41.295 0.0000000000
138101  -25.345  -33.479  40.584 0.0000000000
47688  -25.736  -33.432  39.942 0.0000000000
135131  -26.290  -33.644  39.509 0.0000000000
47690  -26.842  -34.196  39.365 0.0000000000
46828  -27.358  -34.748  38.687 0.0000000000
150244  -27.185  -34.579  37.849 0.0000000000
52123  -25.709  -30.034  38.018 0.0000000000
49785  -25.581  -31.144  37.791 0.0000000000
48687  -26.226  -32.477  37.204 0.0000000000
49787  -26.680  -31.733  36.810 0.0000000000
47745  -26.603  -33.209  37.174 0.0000000000
139917  -26.899  -33.816  37.543 0.0000000000
46830  -28.850  -35.466  37.540 0.0000000000
46840  -29.248  -35.122  36.955 0.0000000000
47762  -29.290  -33.665  35.624 0.0000000000
145406  -30.115  -34.007  35.868 0.0000000000
47749  -30.661  -34.552  36.470 0.0000000000
47750  -31.618  -34.359  36.748 0.0000000000
47765  -32.041  -33.640  36.338 0.0000000000
138362  -29.574  -31.406  34.815 0.0000000000
49807  -30.216  -31.882  34.859 0.0000000000
49808  -31.082  -31.654  34.935 0.0000000000
48716  -30.942  -32.392  35.256 0.0000000000
48702  -32.392  -32.889  36.040 0.0000000000
48704  -33.965  -32.303  36.633 0.0000000000
49802  -35.090  -31.708  36.237 0.0000000000
50993  -36.353  -30.917  36.259 0.0000000000
136196  -19.280  -30.762  43.818 0.0000000000
142825  -19.405  -32.371  43.379 0.0000000000
143069  -44.920  -23.770  27.437 0.0000000000
60848  -43.456  -21.906  24.855 0.0000000000
66046  -41.566  -16.525  25.265 0.0000000000
66053  -41.725  -16.658  24.566 0.0000000000
66054  -42.115  -16.723  23.948 0.0000000000
66986  -41.772  -14.903  24.261 0.0000000000
65131  -44.311  -17.713  23.165 0.0000000000
151664  -44.849  -17.739  23.242 0.0000000000
67934  -43.233  -14.042  23.269 0.0000000000
67935  -44.319  -14.653  23.116 0.0000000000
67003  -44.041  -15.559  23.170 0.0000000000
66067  -44.474  -16.357  23.127 0.0000000000
65132  -44.837  -17.141  23.199 0.0000000000
147510  -45.362  -17.731  23.305 0.0000000000
146936  -47.602  -18.252  23.161 0.0000000000
66055  -47.355  -16.639  23.408 0.0000000000
152448  -53.703  -11.028  17.803 0.0000000000
72073  -53.427  -10.426  17.434 0.0000000000
139899  -53.139  -9.799  17.094 0.0000000000
42548  -8.344  -39.063  54.173 0.0000000000
136382  -7.830  -38.555  54.194 0.0000000000
42547  -7.220  -38.710  54.870 0.0000000000
42530  -7.668  -39.387  55.706 0.0000000000
132695  -6.946  -38.723  55.732 0.0000000000
41427  -5.760  -39.303  57.506 0.0000000000
41416  -6.396  -39.652  58.110 0.0000000000
41407  -5.611  -39.638  58.549 0.0000000000
51007  -37.840  -30.157  35.512 0.0000000000
53271  -39.939  -28.857  34.172 0.0000000000
53282  -40.501  -28.370  33.683 0.0000000000
53309  -36.845  -28.237  31.043 0.0000000000
54352  -37.958  -27.986  31.375 0.0000000000
54337  -40.002  -27.680  33.091 0.0000000000
54338  -40.936  -27.309  33.533 0.0000000000
55373  -41.086  -26.185  33.265 0.0000000000
56342  -41.086  -25.239  33.199 0.0000000000
57311  -40.695  -24.335  33.225 0.0000000000
58408  -32.974  -23.723  32.388 0.0000000000
59581  -32.533  -23.063  32.370 0.0000000000
57340  -36.041  -23.953  29.889 0.0000000000
57329  -37.459  -23.789  30.966 0.0000000000
129774  -39.049  -23.599  32.552 0.0000000000
58411  -38.977  -22.956  32.982 0.0000000000
58396  -39.522  -22.677  33.385 0.0000000000
60735  -38.945  -21.788  32.249 0.0000000000
156158  -38.507  -22.632  29.149 0.0000000000
58511  -42.540  -24.477  27.138 0.0000000000
155462  -42.184  -22.400  25.283 0.0000000000
59687  -39.404  -22.907  26.234 0.0000000000
59688  -40.358  -22.763  25.785 0.0000000000
59708  -40.997  -22.617  25.467 0.0000000000
60846  -41.562  -21.978  25.151 0.0000000000
155097  -41.231  -19.844  24.863 0.0000000000
64160  -41.215  -18.858  25.649 0.0000000000
45814  -21.510  -35.171  44.065 0.0000000000
45815  -22.267  -35.828  44.045 0.0000000000
46733  -22.806  -35.493  43.359 0.0000000000
45805  -22.830  -36.344  44.582 0.0000000000
44777  -23.775  -36.527  44.972 0.0000000000
46763  -24.833  -34.788  42.465 0.0000000000
46748  -25.440  -35.578  42.912 0.0000000000
45830  -25.214  -35.860  43.534 0.0000000000
45807  -26.362  -36.217  44.620 0.0000000000
45818  -25.679  -36.158  44.160 0.0000000000
45806  -25.518  -36.346  44.897 0.0000000000
131447  -29.305  -36.371  39.860 0.0000000000
44595  -8.847  -36.905  53.140 0.0000000000
43579  -8.931  -37.794  52.675 0.0000000000
139452  -9.707  -34.660  51.745 0.0000000000
46690  -12.884  -34.594  48.645 0.0000000000
45754  -12.731  -35.696  48.549 0.0000000000
44692  -13.430  -36.537  48.136 0.0000000000
42613  -12.768  -38.869  50.124 0.0000000000
44653  -16.151  -37.535  49.855 0.0000000000
43627  -15.317  -37.950  49.998 0.0000000000
43608  -13.818  -38.728  50.591 0.0000000000
42604  -13.284  -38.949  51.056 0.0000000000
74266  -53.983  -8.231  15.522 0.0000000000
42463  -2.754  -38.877  59.766 0.0000000000
42450  -1.929  -38.972  59.964 0.0000000000
42480  -2.642  -38.673  58.705 0.0000000000
44538  -2.536  -36.712  57.527 0.0000000000
138459  -2.425  -38.974  57.780 0.0000000000
43516  -2.334  -38.034  57.183 0.0000000000
41498  -10.338  -39.459  53.535 0.0000000000
44759  -22.166  -36.549  45.875 0.0000000000
48673  -34.302  -33.270  37.848 0.0000000000
54299  -30.536  -27.337  35.235 0.0000000000
55415  -38.119  -25.989  30.589 0.0000000000
56354  -33.669  -24.673  30.768 0.0000000000
60748  -38.595  -21.730  31.519 0.0000000000
67898  -41.536  -15.630  25.425 0.0000000000
68898  -42.116  -13.337  24.680 0.0000000000
72025  -46.086  -9.674  22.426 0.0000000000
72031  -45.603  -10.797  21.466 0.0000000000
139884  -42.343  -16.065  23.724 0.0000000000
150791  -21.735  -36.525  46.190 0.0000000000
153052  -40.694  -24.991  32.833 0.0000000000
153385  -41.364  -24.295  26.716 0.0000000000
