#!ascii label  , from subject sub125 vox2ras=TkReg
1154
48507  -9.609  -32.443  56.773 0.0000000000
147124  -33.896  -27.378  37.855 0.0000000000
58376  -33.659  -23.571  34.992 0.0000000000
52023  -26.623  -28.429  44.430 0.0000000000
65103  -42.019  -17.468  26.205 0.0000000000
66000  -37.206  -16.522  28.061 0.0000000000
53159  -35.895  -28.102  42.096 0.0000000000
50937  -30.230  -28.806  41.744 0.0000000000
139350  -47.631  -14.601  29.682 0.0000000000
71982  -49.298  -9.982  26.420 0.0000000000
75194  -51.263  -7.060  24.661 0.0000000000
64976  -36.643  -17.230  37.652 0.0000000000
63020  -33.604  -18.907  31.613 0.0000000000
66866  -38.976  -14.411  34.011 0.0000000000
133962  -43.069  -14.050  32.393 0.0000000000
53101  -19.298  -27.823  46.199 0.0000000000
140207  -6.398  -31.066  60.278 0.0000000000
55339  -35.914  -25.690  35.861 0.0000000000
59479  -35.878  -22.004  39.267 0.0000000000
52046  -21.125  -29.216  42.243 0.0000000000
50960  -25.581  -30.015  38.697 0.0000000000
73172  -49.897  -9.287  18.465 0.0000000000
76211  -54.137  -5.595  21.648 0.0000000000
63062  -40.458  -19.352  27.929 0.0000000000
64069  -45.459  -17.147  30.467 0.0000000000
48518  -11.582  -32.669  52.759 0.0000000000
45654  -2.275  -35.461  58.023 0.0000000000
69927  -47.905  -11.631  28.513 0.0000000000
65916  -37.359  -16.042  35.997 0.0000000000
49666  -17.678  -30.795  45.713 0.0000000000
48501  -8.190  -32.169  58.281 0.0000000000
54334  -34.549  -27.714  33.286 0.0000000000
54289  -35.388  -27.812  36.354 0.0000000000
53144  -23.436  -27.660  43.357 0.0000000000
52075  -23.741  -28.980  40.177 0.0000000000
53171  -25.918  -27.617  40.812 0.0000000000
53206  -31.652  -27.263  40.017 0.0000000000
52112  -28.835  -28.865  38.840 0.0000000000
54272  -30.029  -27.103  37.296 0.0000000000
50853  -24.635  -28.832  46.153 0.0000000000
52019  -22.936  -28.019  45.208 0.0000000000
72014  -45.166  -10.354  23.140 0.0000000000
74233  -48.206  -8.718  19.839 0.0000000000
132087  -52.943  -5.934  23.187 0.0000000000
65039  -34.532  -16.843  29.559 0.0000000000
64128  -39.118  -17.944  27.830 0.0000000000
65945  -44.401  -15.534  31.619 0.0000000000
130261  -15.770  -29.961  50.009 0.0000000000
50739  -14.752  -29.802  51.909 0.0000000000
50720  -13.338  -30.159  53.316 0.0000000000
132292  -12.509  -32.211  51.274 0.0000000000
44546  -4.207  -36.931  57.222 0.0000000000
130787  -35.269  -27.762  39.667 0.0000000000
53228  -36.982  -28.109  38.604 0.0000000000
53177  -36.925  -27.605  41.143 0.0000000000
137912  -29.000  -29.478  45.305 0.0000000000
50905  -28.891  -28.850  42.784 0.0000000000
49714  -31.251  -29.595  44.450 0.0000000000
154456  -32.896  -28.278  42.073 0.0000000000
66956  -44.010  -15.871  27.724 0.0000000000
155177  -44.940  -12.816  27.497 0.0000000000
71015  -46.241  -10.526  26.221 0.0000000000
73121  -47.650  -9.371  24.516 0.0000000000
74206  -48.760  -7.877  23.138 0.0000000000
152077  -50.825  -8.770  25.781 0.0000000000
61844  -34.307  -20.294  36.531 0.0000000000
61867  -32.905  -20.678  33.337 0.0000000000
64054  -34.914  -17.866  35.325 0.0000000000
65944  -35.846  -15.901  32.628 0.0000000000
67843  -37.747  -14.401  31.222 0.0000000000
66903  -39.610  -14.651  29.831 0.0000000000
67804  -40.462  -13.757  33.010 0.0000000000
54165  -18.768  -27.068  48.165 0.0000000000
50804  -16.627  -30.716  48.081 0.0000000000
77180  -53.210  -5.461  17.339 0.0000000000
50670  -4.447  -31.233  59.686 0.0000000000
55370  -35.359  -26.850  32.900 0.0000000000
156114  -35.159  -24.558  35.674 0.0000000000
135402  -36.645  -25.238  38.346 0.0000000000
58343  -35.706  -23.962  37.284 0.0000000000
60684  -34.775  -22.198  37.150 0.0000000000
62956  -36.209  -18.897  38.432 0.0000000000
50949  -28.034  -29.167  39.916 0.0000000000
53094  -21.974  -27.472  47.167 0.0000000000
151725  -19.780  -28.930  44.085 0.0000000000
75227  -50.523  -7.241  21.280 0.0000000000
148503  -51.301  -6.787  20.062 0.0000000000
76237  -52.276  -6.135  18.185 0.0000000000
77168  -55.089  -5.196  20.748 0.0000000000
46639  -8.429  -34.572  54.682 0.0000000000
46622  -7.733  -34.590  56.213 0.0000000000
142796  -41.548  -19.438  27.511 0.0000000000
65988  -41.503  -16.840  29.443 0.0000000000
64111  -42.991  -18.555  29.342 0.0000000000
64147  -44.387  -17.947  28.373 0.0000000000
142540  -47.439  -17.493  29.319 0.0000000000
47533  -10.023  -32.924  54.490 0.0000000000
46603  -6.303  -33.656  57.484 0.0000000000
47512  -3.780  -33.560  58.429 0.0000000000
147393  -1.989  -32.893  58.715 0.0000000000
48504  -9.132  -32.246  57.355 0.0000000000
54287  -32.870  -27.256  36.511 0.0000000000
129681  -33.749  -27.536  36.014 0.0000000000
54288  -34.612  -27.775  36.568 0.0000000000
52035  -25.143  -27.973  44.102 0.0000000000
149761  -24.672  -27.556  42.393 0.0000000000
52047  -26.210  -28.196  42.726 0.0000000000
53223  -33.055  -27.175  39.565 0.0000000000
53222  -31.084  -27.145  39.001 0.0000000000
54259  -31.862  -27.028  38.075 0.0000000000
149788  -31.213  -26.829  36.454 0.0000000000
129376  -27.501  -29.030  46.054 0.0000000000
153669  -26.211  -28.924  46.525 0.0000000000
52003  -26.155  -28.468  45.368 0.0000000000
52021  -24.791  -28.337  45.009 0.0000000000
73160  -47.112  -9.169  20.453 0.0000000000
57307  -33.772  -24.760  33.712 0.0000000000
58394  -33.379  -24.002  34.066 0.0000000000
65982  -35.363  -16.080  29.298 0.0000000000
65063  -35.393  -17.541  27.872 0.0000000000
65065  -37.970  -16.910  27.766 0.0000000000
49602  -14.428  -31.537  49.528 0.0000000000
50768  -15.046  -30.408  50.834 0.0000000000
49580  -14.222  -31.444  50.462 0.0000000000
48533  -13.329  -31.577  51.373 0.0000000000
48540  -13.229  -32.443  50.198 0.0000000000
53173  -35.464  -27.800  41.405 0.0000000000
53195  -36.546  -28.147  40.081 0.0000000000
131744  -36.609  -27.874  41.916 0.0000000000
49683  -30.686  -30.002  45.981 0.0000000000
134679  -30.138  -29.729  44.867 0.0000000000
131029  -31.618  -30.130  45.811 0.0000000000
52040  -35.107  -28.255  43.816 0.0000000000
147503  -33.265  -28.747  43.366 0.0000000000
52063  -34.624  -27.975  42.211 0.0000000000
53172  -34.484  -27.828  41.379 0.0000000000
66958  -45.299  -15.363  28.267 0.0000000000
67885  -44.593  -14.598  27.990 0.0000000000
67887  -46.087  -13.975  28.461 0.0000000000
70993  -49.132  -10.219  28.192 0.0000000000
70991  -47.494  -11.105  27.825 0.0000000000
71980  -47.941  -10.226  26.213 0.0000000000
72004  -46.927  -9.447  24.996 0.0000000000
71994  -48.645  -10.069  25.602 0.0000000000
73123  -49.016  -9.343  24.763 0.0000000000
71983  -50.194  -9.657  26.689 0.0000000000
62980  -35.651  -18.561  37.037 0.0000000000
64043  -34.853  -18.652  35.754 0.0000000000
64044  -35.735  -17.488  36.356 0.0000000000
66852  -37.952  -15.395  35.348 0.0000000000
65923  -36.444  -16.265  34.809 0.0000000000
66864  -37.433  -15.104  33.549 0.0000000000
66876  -36.481  -15.330  32.342 0.0000000000
67814  -37.853  -14.463  32.854 0.0000000000
67830  -39.095  -14.119  31.752 0.0000000000
129512  -39.790  -13.852  33.825 0.0000000000
54175  -19.843  -27.037  47.196 0.0000000000
55213  -19.422  -26.329  48.365 0.0000000000
53092  -19.057  -27.683  46.986 0.0000000000
50818  -17.461  -30.245  47.079 0.0000000000
77182  -54.848  -4.844  18.593 0.0000000000
131622  -55.245  -3.984  17.205 0.0000000000
49508  -5.042  -31.173  60.290 0.0000000000
54321  -35.296  -27.211  34.520 0.0000000000
54335  -35.188  -27.212  33.393 0.0000000000
54336  -35.550  -26.803  34.026 0.0000000000
150094  -35.514  -25.565  34.408 0.0000000000
56333  -35.743  -25.178  35.989 0.0000000000
54262  -37.528  -26.589  39.415 0.0000000000
54277  -36.863  -26.784  38.842 0.0000000000
153573  -37.699  -25.121  39.832 0.0000000000
59480  -36.193  -22.767  39.810 0.0000000000
58326  -36.210  -23.668  38.599 0.0000000000
59497  -35.747  -23.166  38.184 0.0000000000
59521  -35.395  -23.629  37.080 0.0000000000
59496  -35.312  -22.502  37.921 0.0000000000
61827  -35.119  -20.606  37.583 0.0000000000
61799  -35.768  -20.117  38.715 0.0000000000
52076  -24.465  -29.269  39.610 0.0000000000
145263  -29.748  -29.157  42.552 0.0000000000
50918  -28.230  -28.399  41.711 0.0000000000
50935  -29.298  -28.874  41.006 0.0000000000
50963  -27.969  -29.642  38.043 0.0000000000
51981  -23.430  -28.246  47.107 0.0000000000
53143  -21.836  -28.032  42.910 0.0000000000
53131  -21.153  -27.865  44.237 0.0000000000
53154  -20.749  -28.720  42.898 0.0000000000
50889  -20.261  -30.044  43.033 0.0000000000
75202  -50.049  -7.442  23.783 0.0000000000
133477  -49.450  -7.438  22.632 0.0000000000
75209  -50.689  -6.938  22.691 0.0000000000
145395  -53.636  -5.576  22.801 0.0000000000
76209  -52.798  -6.004  21.677 0.0000000000
76219  -53.111  -5.921  20.924 0.0000000000
76228  -52.676  -6.020  19.191 0.0000000000
146941  -53.924  -5.717  20.378 0.0000000000
76239  -53.960  -5.687  19.326 0.0000000000
76222  -54.528  -5.381  20.997 0.0000000000
63007  -32.970  -19.760  33.140 0.0000000000
60721  -32.627  -21.476  32.870 0.0000000000
61958  -40.539  -20.353  26.060 0.0000000000
156435  -41.315  -19.512  27.682 0.0000000000
66890  -41.095  -14.521  30.769 0.0000000000
66922  -41.142  -15.819  29.644 0.0000000000
66906  -42.456  -15.539  30.376 0.0000000000
65016  -45.014  -16.248  31.503 0.0000000000
65041  -43.901  -17.736  30.241 0.0000000000
63031  -44.457  -18.553  29.805 0.0000000000
63065  -43.524  -18.747  28.965 0.0000000000
63067  -44.942  -18.596  28.898 0.0000000000
65086  -45.610  -17.148  28.398 0.0000000000
64096  -47.501  -18.359  30.025 0.0000000000
49535  -12.457  -31.330  52.911 0.0000000000
48514  -11.623  -31.816  54.163 0.0000000000
49528  -11.634  -31.355  55.181 0.0000000000
47534  -10.769  -32.443  54.130 0.0000000000
46650  -9.506  -33.793  53.435 0.0000000000
46661  -10.151  -33.948  51.980 0.0000000000
44554  -6.602  -36.434  56.072 0.0000000000
154729  -7.356  -34.195  56.524 0.0000000000
44548  -6.031  -35.973  56.543 0.0000000000
45663  -3.635  -36.118  57.647 0.0000000000
45656  -4.055  -35.156  57.808 0.0000000000
46601  -3.443  -34.440  58.115 0.0000000000
47500  -3.146  -32.890  58.576 0.0000000000
46599  -1.961  -34.946  58.190 0.0000000000
49697  -32.765  -29.919  45.497 0.0000000000
67860  -48.933  -13.613  30.383 0.0000000000
68861  -48.002  -13.060  29.391 0.0000000000
68847  -49.133  -12.114  29.879 0.0000000000
64991  -36.766  -16.474  36.556 0.0000000000
50851  -18.636  -29.742  45.015 0.0000000000
51988  -18.321  -29.089  46.300 0.0000000000
50671  -8.424  -30.271  60.485 0.0000000000
49514  -7.441  -31.266  59.561 0.0000000000
130366  -32.846  -27.490  34.482 0.0000000000
54320  -34.640  -27.628  34.562 0.0000000000
129696  -35.877  -27.132  35.711 0.0000000000
61790  -36.462  -20.439  40.293 0.0000000000
134491  -22.669  -28.011  42.385 0.0000000000
53168  -22.448  -28.560  41.604 0.0000000000
53169  -23.197  -28.075  41.411 0.0000000000
53170  -24.877  -27.656  40.597 0.0000000000
52077  -25.997  -28.748  39.553 0.0000000000
52080  -30.792  -28.329  41.489 0.0000000000
154099  -29.361  -28.894  40.776 0.0000000000
53205  -30.354  -27.627  39.754 0.0000000000
53221  -29.953  -27.435  38.813 0.0000000000
53260  -29.817  -27.791  35.589 0.0000000000
50821  -24.189  -29.390  47.153 0.0000000000
51991  -23.694  -28.553  46.319 0.0000000000
50852  -24.063  -28.658  46.055 0.0000000000
53133  -23.188  -27.773  44.383 0.0000000000
71025  -44.168  -10.926  24.481 0.0000000000
73167  -49.189  -9.356  18.751 0.0000000000
76173  -52.930  -6.131  26.653 0.0000000000
135414  -52.545  -6.122  24.336 0.0000000000
64077  -33.628  -18.093  31.051 0.0000000000
133663  -38.879  -19.217  27.113 0.0000000000
64129  -40.032  -18.507  28.253 0.0000000000
67808  -44.703  -13.719  33.365 0.0000000000
66879  -43.915  -14.789  32.133 0.0000000000
67809  -45.597  -14.643  33.696 0.0000000000
53065  -16.027  -28.529  50.569 0.0000000000
51928  -15.475  -29.051  51.160 0.0000000000
134621  -14.958  -28.918  53.120 0.0000000000
50721  -13.959  -29.848  52.913 0.0000000000
49543  -13.191  -31.107  52.207 0.0000000000
48525  -12.015  -32.473  51.983 0.0000000000
46662  -11.013  -33.675  51.529 0.0000000000
46672  -11.380  -34.152  50.662 0.0000000000
53224  -33.988  -27.374  38.707 0.0000000000
53240  -35.603  -27.924  37.830 0.0000000000
53209  -36.248  -28.091  39.349 0.0000000000
53212  -37.575  -27.896  40.034 0.0000000000
131138  -28.268  -29.145  44.818 0.0000000000
52038  -27.778  -28.585  43.419 0.0000000000
50873  -29.051  -29.306  44.553 0.0000000000
50906  -29.581  -29.252  43.426 0.0000000000
50908  -30.275  -29.300  42.951 0.0000000000
49716  -32.530  -29.743  44.856 0.0000000000
50923  -31.839  -28.870  43.192 0.0000000000
52061  -31.289  -28.716  42.549 0.0000000000
52082  -32.383  -28.026  41.715 0.0000000000
139669  -33.436  -27.522  40.457 0.0000000000
50840  -29.325  -29.603  46.672 0.0000000000
66039  -42.975  -16.481  26.943 0.0000000000
66969  -41.797  -16.076  25.981 0.0000000000
144061  -42.867  -15.022  26.959 0.0000000000
68879  -43.196  -13.110  26.832 0.0000000000
69939  -43.480  -12.188  26.430 0.0000000000
69925  -46.135  -12.251  28.007 0.0000000000
71004  -45.453  -11.313  26.573 0.0000000000
71003  -44.645  -11.160  25.888 0.0000000000
71991  -45.400  -10.341  24.764 0.0000000000
72016  -46.713  -9.453  23.959 0.0000000000
146307  -47.144  -9.054  22.932 0.0000000000
73143  -47.416  -8.677  22.231 0.0000000000
74196  -48.361  -8.612  23.551 0.0000000000
74198  -49.565  -8.072  24.141 0.0000000000
74188  -51.019  -7.819  24.955 0.0000000000
74164  -51.549  -8.721  27.063 0.0000000000
75180  -52.262  -7.197  26.979 0.0000000000
60705  -33.760  -22.063  35.944 0.0000000000
60722  -33.329  -21.685  33.915 0.0000000000
61856  -33.583  -20.404  35.140 0.0000000000
154999  -34.019  -18.988  34.531 0.0000000000
133058  -34.092  -18.651  33.135 0.0000000000
64998  -35.892  -16.720  35.368 0.0000000000
65005  -34.645  -16.937  34.052 0.0000000000
64068  -34.234  -17.244  32.348 0.0000000000
65955  -34.664  -16.090  31.266 0.0000000000
65956  -35.273  -15.437  30.870 0.0000000000
65970  -36.587  -14.947  29.559 0.0000000000
137199  -38.130  -15.083  28.507 0.0000000000
66902  -38.329  -14.291  30.180 0.0000000000
67831  -40.540  -14.094  31.454 0.0000000000
67817  -41.425  -13.671  32.506 0.0000000000
68806  -42.360  -12.767  34.485 0.0000000000
68807  -43.358  -12.726  34.242 0.0000000000
54149  -18.115  -26.845  49.897 0.0000000000
50819  -17.876  -29.521  46.907 0.0000000000
152154  -17.540  -28.739  48.031 0.0000000000
130375  -16.777  -28.445  49.464 0.0000000000
50787  -15.897  -30.345  49.374 0.0000000000
56341  -35.039  -25.396  34.066 0.0000000000
58377  -34.261  -23.989  35.599 0.0000000000
54276  -36.503  -27.921  37.325 0.0000000000
54291  -36.445  -26.518  37.285 0.0000000000
55340  -36.196  -25.860  36.546 0.0000000000
151371  -36.256  -24.405  37.890 0.0000000000
57289  -35.820  -24.788  36.625 0.0000000000
58359  -35.446  -24.141  36.770 0.0000000000
58358  -35.138  -23.953  36.593 0.0000000000
59519  -34.346  -22.679  36.588 0.0000000000
60664  -34.724  -21.091  37.176 0.0000000000
61812  -35.388  -19.524  37.313 0.0000000000
64032  -36.502  -18.011  37.967 0.0000000000
62941  -36.610  -19.224  39.837 0.0000000000
64029  -36.927  -17.721  38.836 0.0000000000
52049  -27.248  -28.371  41.797 0.0000000000
52078  -26.852  -28.886  39.861 0.0000000000
52095  -26.266  -29.297  39.166 0.0000000000
131638  -28.779  -29.238  40.026 0.0000000000
50962  -27.232  -29.764  38.208 0.0000000000
54168  -21.358  -27.265  47.685 0.0000000000
53102  -20.354  -27.508  45.955 0.0000000000
51999  -22.162  -27.888  45.724 0.0000000000
154442  -21.137  -27.636  45.591 0.0000000000
53129  -19.815  -28.409  44.784 0.0000000000
50871  -19.120  -29.799  44.267 0.0000000000
74225  -48.111  -8.324  20.712 0.0000000000
74226  -48.675  -8.007  20.189 0.0000000000
75232  -49.352  -7.633  19.748 0.0000000000
76197  -51.394  -6.447  22.578 0.0000000000
153893  -50.671  -7.137  20.501 0.0000000000
75239  -50.381  -7.559  18.608 0.0000000000
75240  -51.050  -7.196  18.376 0.0000000000
76241  -51.652  -6.841  17.398 0.0000000000
76245  -51.919  -6.903  16.650 0.0000000000
76243  -52.744  -5.820  17.905 0.0000000000
77176  -54.356  -5.382  18.980 0.0000000000
46633  -8.686  -33.793  55.119 0.0000000000
47525  -8.396  -33.481  56.585 0.0000000000
45680  -7.980  -35.165  55.134 0.0000000000
59560  -32.766  -22.472  33.205 0.0000000000
145587  -41.753  -18.317  26.279 0.0000000000
66002  -39.287  -16.559  28.465 0.0000000000
65050  -40.169  -16.968  28.749 0.0000000000
64109  -41.310  -18.246  28.956 0.0000000000
65972  -42.877  -16.495  30.022 0.0000000000
65053  -42.640  -18.141  29.477 0.0000000000
63063  -41.811  -19.204  28.638 0.0000000000
63091  -42.372  -19.137  27.989 0.0000000000
63114  -42.893  -18.738  27.870 0.0000000000
65104  -42.561  -18.067  27.130 0.0000000000
65084  -44.024  -17.179  28.077 0.0000000000
66022  -45.840  -16.594  28.289 0.0000000000
135084  -47.418  -16.109  29.430 0.0000000000
49521  -10.418  -31.330  57.238 0.0000000000
49525  -11.090  -30.933  56.654 0.0000000000
47530  -9.862  -32.840  55.352 0.0000000000
131067  -8.940  -33.938  54.145 0.0000000000
45702  -8.918  -35.089  52.913 0.0000000000
46614  -7.831  -33.835  56.758 0.0000000000
47515  -7.052  -33.022  57.858 0.0000000000
47503  -6.133  -32.941  58.317 0.0000000000
135250  -5.374  -35.450  56.920 0.0000000000
47514  -5.373  -33.752  57.937 0.0000000000
47502  -4.937  -32.424  58.680 0.0000000000
48485  -4.397  -31.878  58.881 0.0000000000
48484  -3.526  -32.201  58.675 0.0000000000
130544  -2.240  -35.916  57.400 0.0000000000
46611  -1.760  -34.634  57.816 0.0000000000
48505  -9.793  -31.868  57.524 0.0000000000
129314  -33.831  -27.452  36.986 0.0000000000
53239  -34.663  -27.697  37.371 0.0000000000
52036  -26.007  -28.224  43.741 0.0000000000
53146  -25.364  -27.922  43.044 0.0000000000
54260  -33.045  -27.080  38.467 0.0000000000
135150  -32.969  -27.132  37.505 0.0000000000
52004  -27.313  -28.739  45.230 0.0000000000
52022  -25.648  -28.311  44.707 0.0000000000
58395  -34.026  -24.442  34.748 0.0000000000
65983  -36.242  -16.244  28.594 0.0000000000
65049  -35.341  -16.848  28.619 0.0000000000
65064  -36.198  -16.909  27.858 0.0000000000
65081  -37.204  -17.496  27.496 0.0000000000
131248  -13.800  -32.030  49.877 0.0000000000
48541  -13.669  -31.848  50.674 0.0000000000
150826  -35.606  -27.906  41.985 0.0000000000
53174  -36.122  -27.993  41.359 0.0000000000
150486  -31.089  -30.218  46.254 0.0000000000
132846  -31.116  -30.074  45.909 0.0000000000
52052  -35.198  -27.891  42.865 0.0000000000
132717  -31.363  -30.347  46.732 0.0000000000
67873  -46.517  -14.504  28.923 0.0000000000
67886  -45.364  -14.298  28.350 0.0000000000
71972  -49.732  -9.986  27.390 0.0000000000
71007  -47.905  -10.310  27.012 0.0000000000
71981  -48.594  -10.203  26.149 0.0000000000
71995  -49.010  -10.171  25.730 0.0000000000
73112  -49.442  -9.786  25.871 0.0000000000
64037  -35.810  -17.767  36.873 0.0000000000
64036  -35.453  -18.320  36.361 0.0000000000
64980  -36.206  -17.018  37.003 0.0000000000
146972  -38.303  -14.887  34.610 0.0000000000
66851  -37.730  -15.310  34.486 0.0000000000
66865  -38.196  -14.658  33.819 0.0000000000
67815  -38.915  -14.288  32.869 0.0000000000
54185  -19.860  -27.352  46.598 0.0000000000
78083  -55.501  -4.646  18.867 0.0000000000
78088  -55.453  -4.380  18.131 0.0000000000
78084  -56.098  -4.199  18.542 0.0000000000
49503  -6.978  -30.631  60.972 0.0000000000
49509  -5.756  -30.872  60.502 0.0000000000
48487  -5.509  -31.434  60.031 0.0000000000
54322  -35.782  -26.429  35.080 0.0000000000
55355  -35.722  -25.588  35.159 0.0000000000
55294  -37.862  -25.588  39.639 0.0000000000
154156  -38.553  -25.496  39.788 0.0000000000
59486  -35.963  -22.946  38.872 0.0000000000
59485  -35.551  -22.234  38.565 0.0000000000
60654  -35.284  -21.202  38.226 0.0000000000
60649  -35.633  -21.164  38.986 0.0000000000
50902  -21.377  -30.156  41.896 0.0000000000
50921  -29.816  -29.011  42.006 0.0000000000
50920  -29.314  -28.907  41.786 0.0000000000
53155  -21.275  -28.453  42.648 0.0000000000
53142  -21.137  -28.074  43.299 0.0000000000
151416  -20.585  -29.439  42.721 0.0000000000
74240  -50.207  -8.436  18.359 0.0000000000
75203  -50.696  -7.165  24.020 0.0000000000
149826  -50.478  -7.075  23.357 0.0000000000
76187  -51.252  -6.660  23.985 0.0000000000
76200  -54.106  -5.563  22.243 0.0000000000
76210  -53.650  -5.774  21.636 0.0000000000
76220  -53.664  -5.725  21.084 0.0000000000
130871  -53.397  -5.846  20.197 0.0000000000
76212  -54.539  -5.425  21.662 0.0000000000
63014  -33.743  -19.075  32.635 0.0000000000
63013  -33.021  -19.604  32.048 0.0000000000
61935  -40.372  -20.143  26.631 0.0000000000
63089  -40.682  -19.778  27.319 0.0000000000
63090  -40.961  -19.967  27.062 0.0000000000
137214  -41.295  -19.436  28.110 0.0000000000
67833  -42.381  -14.411  31.456 0.0000000000
66891  -41.982  -14.764  30.874 0.0000000000
65030  -45.062  -16.603  30.957 0.0000000000
64080  -44.683  -17.256  30.402 0.0000000000
64095  -45.078  -17.740  30.072 0.0000000000
63050  -44.832  -18.693  29.279 0.0000000000
63021  -45.815  -17.577  30.110 0.0000000000
63051  -45.930  -17.693  29.519 0.0000000000
64081  -46.392  -17.685  30.254 0.0000000000
48519  -11.915  -31.983  53.303 0.0000000000
131913  -12.173  -31.436  53.744 0.0000000000
133810  -11.377  -32.391  53.524 0.0000000000
47540  -10.909  -33.042  53.286 0.0000000000
47547  -10.129  -33.596  52.878 0.0000000000
47548  -10.931  -33.384  52.434 0.0000000000
45664  -6.620  -35.302  56.283 0.0000000000
45655  -2.937  -36.083  57.704 0.0000000000
139834  -3.065  -35.329  57.883 0.0000000000
46600  -2.398  -34.691  58.267 0.0000000000
65901  -38.286  -16.423  37.543 0.0000000000
48498  -8.585  -31.522  58.714 0.0000000000
49511  -8.759  -30.657  59.795 0.0000000000
49515  -8.260  -31.124  59.361 0.0000000000
49510  -7.943  -30.822  60.099 0.0000000000
48497  -7.781  -31.705  58.864 0.0000000000
54303  -34.641  -27.707  35.646 0.0000000000
54304  -35.435  -27.617  35.514 0.0000000000
147003  -36.007  -27.601  36.369 0.0000000000
53157  -23.730  -27.640  42.332 0.0000000000
53158  -25.471  -27.576  41.813 0.0000000000
53189  -25.494  -28.055  39.899 0.0000000000
53190  -31.733  -27.738  41.138 0.0000000000
147141  -30.688  -27.937  40.686 0.0000000000
54258  -30.587  -27.111  38.106 0.0000000000
132923  -29.754  -27.365  38.024 0.0000000000
53238  -29.410  -27.553  37.477 0.0000000000
54285  -30.330  -26.887  36.258 0.0000000000
55325  -31.059  -26.927  35.658 0.0000000000
50854  -25.565  -28.790  46.207 0.0000000000
50837  -25.811  -29.260  47.000 0.0000000000
50836  -24.769  -29.135  46.762 0.0000000000
50822  -24.973  -29.377  47.528 0.0000000000
50835  -24.111  -29.053  46.587 0.0000000000
53134  -24.226  -27.710  44.391 0.0000000000
140713  -22.593  -27.880  43.376 0.0000000000
72013  -44.543  -10.760  23.571 0.0000000000
64091  -33.882  -17.417  30.353 0.0000000000
64090  -33.641  -18.149  29.934 0.0000000000
152289  -34.137  -17.713  29.439 0.0000000000
64145  -38.646  -18.382  27.435 0.0000000000
63088  -39.485  -18.856  27.630 0.0000000000
67796  -45.426  -13.488  34.025 0.0000000000
65932  -45.857  -15.870  33.021 0.0000000000
51938  -15.814  -29.397  50.292 0.0000000000
50769  -15.500  -29.895  50.658 0.0000000000
50754  -14.643  -30.360  51.473 0.0000000000
50755  -15.094  -29.807  51.343 0.0000000000
51905  -14.338  -29.293  53.393 0.0000000000
50738  -14.274  -30.162  52.139 0.0000000000
48526  -12.606  -31.781  52.066 0.0000000000
47555  -11.859  -33.096  51.157 0.0000000000
53208  -34.201  -27.469  39.614 0.0000000000
53225  -34.937  -27.584  38.761 0.0000000000
53196  -37.122  -27.886  40.475 0.0000000000
129589  -37.083  -28.129  39.919 0.0000000000
53197  -37.485  -27.701  40.453 0.0000000000
49713  -30.574  -29.645  44.627 0.0000000000
49712  -30.031  -29.476  44.036 0.0000000000
49726  -30.341  -29.437  43.786 0.0000000000
50907  -29.895  -29.356  43.217 0.0000000000
49727  -30.807  -29.352  43.694 0.0000000000
50876  -33.707  -29.408  45.383 0.0000000000
52050  -33.722  -28.361  42.706 0.0000000000
137904  -32.513  -29.007  43.505 0.0000000000
50910  -32.840  -28.548  42.798 0.0000000000
52062  -32.091  -28.370  42.442 0.0000000000
130064  -34.365  -27.638  40.525 0.0000000000
50858  -29.711  -29.748  45.860 0.0000000000
50857  -28.934  -29.527  45.976 0.0000000000
50856  -28.211  -29.315  45.620 0.0000000000
66971  -43.307  -15.756  27.155 0.0000000000
66970  -42.381  -15.677  26.590 0.0000000000
68869  -44.861  -13.483  27.862 0.0000000000
67901  -43.949  -13.827  27.382 0.0000000000
68880  -44.252  -12.732  27.172 0.0000000000
143029  -48.264  -12.111  29.083 0.0000000000
68860  -47.465  -12.681  28.793 0.0000000000
69926  -47.223  -11.869  28.355 0.0000000000
71005  -46.389  -11.009  27.041 0.0000000000
71014  -45.453  -10.710  25.650 0.0000000000
71013  -44.740  -10.738  25.080 0.0000000000
71992  -46.160  -10.101  25.335 0.0000000000
73132  -46.604  -9.350  23.109 0.0000000000
73133  -47.260  -9.171  23.705 0.0000000000
73144  -47.684  -8.824  23.243 0.0000000000
73134  -48.006  -9.159  24.073 0.0000000000
132845  -49.995  -8.983  25.838 0.0000000000
74187  -49.153  -8.738  24.312 0.0000000000
74178  -49.629  -8.582  24.908 0.0000000000
75193  -50.269  -7.786  24.526 0.0000000000
74180  -51.243  -8.254  25.639 0.0000000000
60682  -33.756  -20.904  35.899 0.0000000000
61843  -33.811  -19.908  35.702 0.0000000000
64053  -34.453  -18.515  34.874 0.0000000000
62990  -34.209  -19.153  35.271 0.0000000000
64061  -34.064  -18.453  34.028 0.0000000000
64996  -34.534  -17.763  34.466 0.0000000000
64990  -36.134  -16.850  36.169 0.0000000000
65915  -36.688  -16.414  35.705 0.0000000000
65930  -36.194  -16.172  33.774 0.0000000000
65922  -35.570  -16.606  34.445 0.0000000000
65929  -35.168  -16.442  33.419 0.0000000000
140482  -34.527  -16.869  33.117 0.0000000000
65943  -34.702  -16.288  32.334 0.0000000000
133874  -34.243  -16.745  31.627 0.0000000000
66889  -36.964  -15.049  31.568 0.0000000000
66888  -35.947  -15.322  31.658 0.0000000000
65957  -36.267  -15.069  30.662 0.0000000000
65969  -35.556  -15.336  29.878 0.0000000000
66901  -37.209  -14.593  30.358 0.0000000000
66918  -37.648  -14.680  29.257 0.0000000000
154737  -39.883  -13.972  32.246 0.0000000000
67816  -40.763  -13.841  32.137 0.0000000000
68790  -42.083  -12.839  35.449 0.0000000000
68791  -43.058  -12.647  35.192 0.0000000000
68815  -42.713  -12.986  33.545 0.0000000000
129639  -44.041  -12.625  34.937 0.0000000000
54158  -18.809  -26.511  48.997 0.0000000000
55183  -19.072  -26.011  49.830 0.0000000000
53073  -18.113  -27.504  49.003 0.0000000000
135697  -17.906  -30.102  46.232 0.0000000000
144671  -17.125  -30.281  47.939 0.0000000000
51979  -17.530  -29.489  47.606 0.0000000000
51968  -17.110  -29.414  48.385 0.0000000000
53072  -17.297  -28.416  48.814 0.0000000000
51955  -16.646  -29.168  49.120 0.0000000000
50788  -16.580  -30.140  48.743 0.0000000000
50669  -4.129  -30.859  59.338 0.0000000000
141847  -34.705  -27.518  32.395 0.0000000000
56332  -35.556  -25.068  35.088 0.0000000000
57309  -35.245  -24.762  34.997 0.0000000000
57308  -34.565  -24.921  34.351 0.0000000000
57299  -34.734  -24.460  35.133 0.0000000000
53227  -36.540  -28.067  38.404 0.0000000000
53242  -36.743  -28.009  37.886 0.0000000000
54292  -36.598  -26.074  38.197 0.0000000000
136684  -36.663  -27.237  38.045 0.0000000000
55326  -36.402  -25.486  37.450 0.0000000000
58334  -35.908  -23.792  37.885 0.0000000000
58335  -36.224  -23.974  38.306 0.0000000000
58344  -36.031  -24.183  37.669 0.0000000000
57276  -36.032  -24.540  37.229 0.0000000000
57275  -35.756  -24.378  36.979 0.0000000000
57301  -35.555  -24.624  36.427 0.0000000000
59503  -35.173  -22.826  37.394 0.0000000000
59520  -34.968  -23.203  36.920 0.0000000000
59544  -34.570  -23.626  36.357 0.0000000000
60683  -34.287  -21.540  36.616 0.0000000000
61813  -35.640  -19.854  37.966 0.0000000000
62970  -35.944  -18.757  37.690 0.0000000000
62926  -37.127  -19.538  40.718 0.0000000000
62942  -37.304  -18.843  40.338 0.0000000000
52057  -22.908  -28.948  40.887 0.0000000000
50916  -22.531  -30.034  41.128 0.0000000000
50917  -23.212  -29.856  40.631 0.0000000000
50890  -28.472  -28.730  43.344 0.0000000000
142647  -27.297  -28.456  42.771 0.0000000000
50904  -28.006  -28.385  42.659 0.0000000000
50933  -28.131  -28.601  40.714 0.0000000000
52060  -27.362  -28.743  40.810 0.0000000000
52079  -27.490  -28.965  40.160 0.0000000000
52096  -27.143  -29.390  39.490 0.0000000000
52097  -29.220  -28.840  40.121 0.0000000000
50951  -29.106  -29.130  40.461 0.0000000000
130661  -28.583  -29.347  39.291 0.0000000000
53093  -20.791  -27.230  46.904 0.0000000000
53103  -21.556  -27.570  46.285 0.0000000000
52000  -23.010  -28.115  45.814 0.0000000000
51990  -23.268  -28.184  46.356 0.0000000000
53130  -20.431  -28.128  44.496 0.0000000000
53116  -21.207  -27.769  45.022 0.0000000000
53115  -20.396  -27.886  45.195 0.0000000000
51998  -19.146  -28.960  44.777 0.0000000000
74205  -48.126  -8.262  22.734 0.0000000000
74213  -48.088  -8.217  21.713 0.0000000000
74214  -48.689  -7.690  22.213 0.0000000000
75226  -49.529  -7.393  21.523 0.0000000000
154876  -49.186  -7.549  20.613 0.0000000000
145476  -49.906  -7.312  20.496 0.0000000000
76188  -51.870  -6.280  23.481 0.0000000000
76198  -52.393  -6.115  22.499 0.0000000000
76218  -52.090  -6.300  20.924 0.0000000000
75228  -51.236  -6.910  21.063 0.0000000000
75233  -50.218  -7.207  19.550 0.0000000000
75234  -50.901  -7.056  19.127 0.0000000000
76236  -51.687  -6.647  18.272 0.0000000000
76242  -52.064  -6.301  17.344 0.0000000000
76231  -54.635  -5.396  20.185 0.0000000000
77171  -54.476  -5.453  19.643 0.0000000000
77177  -54.935  -5.027  19.293 0.0000000000
77172  -55.040  -5.153  19.949 0.0000000000
46632  -8.296  -34.473  55.616 0.0000000000
63112  -41.006  -19.627  26.513 0.0000000000
64160  -41.215  -18.858  25.649 0.0000000000
63113  -41.801  -18.926  27.084 0.0000000000
66919  -38.696  -14.779  29.146 0.0000000000
65985  -38.983  -15.641  28.668 0.0000000000
66920  -39.526  -15.277  29.113 0.0000000000
65987  -40.687  -16.406  29.147 0.0000000000
65051  -41.016  -17.383  29.031 0.0000000000
65068  -40.515  -17.965  28.692 0.0000000000
66893  -43.654  -15.274  31.362 0.0000000000
65959  -44.089  -16.021  30.840 0.0000000000
64092  -43.548  -18.238  29.731 0.0000000000
65040  -43.235  -17.463  29.827 0.0000000000
64110  -42.019  -18.827  29.157 0.0000000000
63047  -42.509  -19.039  28.949 0.0000000000
63064  -41.943  -19.284  28.260 0.0000000000
139212  -43.931  -18.261  28.292 0.0000000000
63092  -43.148  -18.818  28.467 0.0000000000
64146  -43.513  -17.980  27.942 0.0000000000
65083  -43.248  -17.217  27.451 0.0000000000
64132  -47.285  -17.737  29.360 0.0000000000
65069  -46.497  -17.004  28.970 0.0000000000
66003  -46.267  -16.354  28.656 0.0000000000
66005  -47.877  -16.897  29.396 0.0000000000
132671  -11.012  -31.819  54.780 0.0000000000
137291  -11.467  -31.323  56.014 0.0000000000
48512  -10.913  -31.758  55.575 0.0000000000
132942  -10.324  -32.325  55.855 0.0000000000
47532  -9.278  -33.285  54.773 0.0000000000
46640  -9.546  -33.420  54.090 0.0000000000
45703  -9.414  -34.316  52.553 0.0000000000
46649  -9.053  -34.368  53.337 0.0000000000
46623  -8.142  -34.249  56.242 0.0000000000
129396  -6.592  -34.386  56.710 0.0000000000
46613  -7.137  -33.662  57.056 0.0000000000
47504  -6.748  -32.515  58.546 0.0000000000
44547  -5.142  -36.666  56.691 0.0000000000
136267  -4.533  -35.872  57.280 0.0000000000
46602  -4.430  -34.187  58.084 0.0000000000
47513  -4.664  -33.270  58.418 0.0000000000
148304  -5.384  -32.961  58.443 0.0000000000
48493  -4.562  -32.213  58.828 0.0000000000
47501  -4.082  -32.727  58.699 0.0000000000
47499  -2.177  -33.090  58.767 0.0000000000
48491  -2.722  -32.300  58.580 0.0000000000
48490  -2.089  -32.282  58.794 0.0000000000
49513  -2.521  -31.873  58.556 0.0000000000
45662  -2.116  -35.791  57.120 0.0000000000
45653  -1.954  -35.385  57.597 0.0000000000
48503  -8.489  -32.506  57.646 0.0000000000
54301  -32.703  -27.273  35.380 0.0000000000
53145  -24.463  -27.591  43.317 0.0000000000
52058  -26.552  -27.989  41.747 0.0000000000
152760  -32.170  -27.104  39.012 0.0000000000
54273  -30.923  -26.810  37.217 0.0000000000
54274  -31.983  -26.970  37.001 0.0000000000
54286  -31.921  -27.130  36.058 0.0000000000
50839  -28.293  -29.221  46.637 0.0000000000
50838  -26.999  -28.972  46.841 0.0000000000
52002  -25.154  -28.598  45.517 0.0000000000
52001  -24.525  -28.560  45.681 0.0000000000
72024  -45.521  -10.413  22.397 0.0000000000
73165  -47.629  -9.480  19.726 0.0000000000
57320  -34.276  -25.353  33.203 0.0000000000
64108  -34.654  -17.646  28.669 0.0000000000
130850  -34.827  -18.405  27.854 0.0000000000
155521  -37.885  -18.153  27.421 0.0000000000
65082  -38.281  -17.603  27.610 0.0000000000
50786  -15.438  -30.435  50.089 0.0000000000
49581  -14.874  -30.978  50.246 0.0000000000
49560  -14.502  -30.941  51.002 0.0000000000
49544  -14.007  -30.896  51.673 0.0000000000
137948  -14.010  -31.392  51.075 0.0000000000
132796  -13.045  -32.112  50.784 0.0000000000
48532  -12.617  -32.780  50.594 0.0000000000
47563  -12.240  -33.644  50.316 0.0000000000
47564  -12.903  -33.241  49.900 0.0000000000
53193  -35.318  -27.746  40.638 0.0000000000
133585  -35.931  -28.036  40.091 0.0000000000
53194  -36.065  -28.020  40.738 0.0000000000
53175  -36.452  -27.927  41.264 0.0000000000
53176  -36.673  -27.807  41.142 0.0000000000
49682  -30.343  -29.952  46.058 0.0000000000
50874  -29.670  -29.664  45.057 0.0000000000
49693  -30.234  -29.861  45.563 0.0000000000
49694  -30.620  -29.871  45.467 0.0000000000
141725  -31.592  -29.939  45.165 0.0000000000
50895  -33.693  -28.795  43.917 0.0000000000
52039  -34.490  -28.345  43.637 0.0000000000
52051  -34.175  -28.298  43.103 0.0000000000
52083  -33.670  -28.232  42.057 0.0000000000
145260  -30.686  -30.201  46.485 0.0000000000
66957  -44.634  -15.673  27.932 0.0000000000
66972  -43.766  -15.011  27.465 0.0000000000
133263  -45.610  -13.515  28.144 0.0000000000
70979  -48.718  -11.148  28.672 0.0000000000
70992  -48.336  -10.609  27.987 0.0000000000
71006  -47.232  -10.671  27.145 0.0000000000
71016  -47.039  -10.281  26.654 0.0000000000
71993  -47.063  -9.771  25.958 0.0000000000
72005  -47.924  -9.757  25.382 0.0000000000
73122  -48.479  -9.609  24.876 0.0000000000
73111  -49.040  -9.977  25.261 0.0000000000
137898  -49.385  -9.355  25.318 0.0000000000
73113  -50.755  -9.175  26.216 0.0000000000
62979  -35.044  -19.283  36.567 0.0000000000
62991  -34.338  -19.400  36.048 0.0000000000
144757  -35.365  -17.978  35.866 0.0000000000
65924  -37.284  -15.961  35.090 0.0000000000
65931  -36.966  -15.707  34.182 0.0000000000
66863  -36.677  -15.522  33.204 0.0000000000
66877  -37.168  -15.034  32.623 0.0000000000
67828  -37.557  -14.521  32.079 0.0000000000
67829  -38.200  -14.139  32.020 0.0000000000
132170  -39.603  -14.067  33.167 0.0000000000
154121  -40.521  -13.571  33.774 0.0000000000
137806  -20.390  -26.228  48.380 0.0000000000
54166  -19.680  -26.639  47.786 0.0000000000
54174  -19.186  -27.219  47.533 0.0000000000
53083  -18.565  -27.668  47.589 0.0000000000
50834  -17.312  -30.878  46.355 0.0000000000
77181  -54.064  -5.046  18.161 0.0000000000
77185  -53.844  -4.747  16.995 0.0000000000
78087  -54.689  -4.515  17.660 0.0000000000
78092  -54.522  -4.287  16.546 0.0000000000
49507  -4.660  -31.409  59.693 0.0000000000
55371  -35.605  -26.165  34.188 0.0000000000
55384  -35.384  -26.036  33.275 0.0000000000
57300  -35.411  -24.764  35.800 0.0000000000
154389  -37.333  -27.409  39.173 0.0000000000
54261  -37.092  -27.873  38.567 0.0000000000
55312  -36.891  -25.802  39.107 0.0000000000
55313  -36.885  -25.237  39.216 0.0000000000
58316  -36.555  -23.919  39.393 0.0000000000
155100  -36.335  -23.452  39.223 0.0000000000
59504  -35.552  -23.381  37.580 0.0000000000
60665  -34.946  -21.771  37.641 0.0000000000
64016  -37.893  -18.327  40.403 0.0000000000
133145  -29.463  -29.099  42.633 0.0000000000
50919  -28.984  -28.848  42.051 0.0000000000
145756  -28.735  -28.638  41.356 0.0000000000
50934  -28.780  -28.870  40.743 0.0000000000
50964  -28.356  -29.354  37.869 0.0000000000
51989  -22.662  -27.753  46.639 0.0000000000
53132  -22.060  -27.908  44.076 0.0000000000
53117  -22.072  -27.937  45.076 0.0000000000
53141  -20.520  -28.429  43.693 0.0000000000
52034  -20.253  -29.234  43.335 0.0000000000
75201  -49.462  -7.696  23.462 0.0000000000
75208  -50.097  -7.289  23.018 0.0000000000
75216  -50.285  -7.234  22.162 0.0000000000
76199  -53.349  -5.811  22.318 0.0000000000
133689  -52.410  -6.163  20.074 0.0000000000
76227  -51.624  -6.576  19.153 0.0000000000
76229  -53.678  -5.777  19.654 0.0000000000
76238  -53.241  -5.796  18.875 0.0000000000
134515  -54.222  -5.559  20.506 0.0000000000
44575  -8.701  -35.869  53.482 0.0000000000
45686  -8.307  -35.510  54.321 0.0000000000
61878  -32.641  -20.490  32.425 0.0000000000
145159  -40.684  -14.913  30.017 0.0000000000
66921  -40.300  -15.454  29.352 0.0000000000
66905  -41.560  -15.259  30.232 0.0000000000
65971  -41.971  -16.200  29.880 0.0000000000
65960  -44.606  -16.175  31.192 0.0000000000
65028  -44.148  -16.790  30.589 0.0000000000
64093  -44.029  -18.407  30.083 0.0000000000
64112  -43.749  -18.438  29.675 0.0000000000
63048  -43.409  -18.620  29.325 0.0000000000
63049  -44.166  -18.649  29.446 0.0000000000
63066  -44.342  -18.703  28.966 0.0000000000
63093  -44.563  -18.497  28.740 0.0000000000
63094  -45.160  -17.930  28.664 0.0000000000
64113  -46.828  -18.095  29.425 0.0000000000
64114  -47.606  -18.136  29.567 0.0000000000
49536  -12.642  -30.706  53.740 0.0000000000
49531  -12.156  -31.173  54.477 0.0000000000
47539  -10.152  -33.204  53.712 0.0000000000
45672  -7.252  -35.370  55.901 0.0000000000
45665  -7.162  -34.735  56.237 0.0000000000
147979  -6.043  -35.094  56.682 0.0000000000
47511  -2.819  -33.734  58.357 0.0000000000
47510  -2.030  -34.132  58.541 0.0000000000
49685  -31.959  -30.260  46.343 0.0000000000
152837  -34.980  -28.482  44.600 0.0000000000
67875  -47.971  -13.926  29.730 0.0000000000
67874  -47.286  -13.892  29.289 0.0000000000
68846  -48.552  -13.129  29.931 0.0000000000
68862  -48.553  -12.396  29.514 0.0000000000
69912  -49.002  -11.693  29.198 0.0000000000
70994  -49.945  -10.327  28.248 0.0000000000
73097  -50.291  -9.932  27.690 0.0000000000
64977  -37.155  -16.967  37.809 0.0000000000
64981  -36.901  -16.635  37.270 0.0000000000
65906  -37.404  -16.236  36.769 0.0000000000
65917  -37.944  -15.701  36.263 0.0000000000
66843  -38.337  -15.029  35.855 0.0000000000
67793  -39.309  -14.044  34.742 0.0000000000
51997  -18.693  -28.983  45.495 0.0000000000
53113  -18.780  -28.438  45.956 0.0000000000
139853  -18.325  -29.657  45.688 0.0000000000
132251  -7.206  -30.983  60.326 0.0000000000
48489  -6.786  -31.395  59.751 0.0000000000
54319  -33.549  -27.749  33.810 0.0000000000
54302  -33.708  -27.519  34.949 0.0000000000
141843  -36.050  -26.411  35.941 0.0000000000
60643  -35.955  -21.093  39.613 0.0000000000
53156  -21.826  -28.539  42.166 0.0000000000
50915  -22.015  -29.390  41.624 0.0000000000
53187  -23.777  -28.138  40.521 0.0000000000
142794  -24.241  -27.585  41.438 0.0000000000
53188  -24.488  -28.333  39.785 0.0000000000
53204  -25.113  -28.781  39.330 0.0000000000
52094  -25.624  -29.379  39.115 0.0000000000
139235  -30.854  -28.661  42.059 0.0000000000
52098  -29.918  -28.604  40.976 0.0000000000
153747  -29.806  -28.136  40.277 0.0000000000
52113  -29.383  -27.989  39.444 0.0000000000
53220  -29.116  -27.895  38.237 0.0000000000
50820  -23.794  -29.022  46.928 0.0000000000
152245  -23.545  -28.319  45.865 0.0000000000
52020  -23.935  -28.136  45.357 0.0000000000
71012  -43.550  -11.433  24.934 0.0000000000
147509  -49.521  -8.646  18.689 0.0000000000
75195  -51.972  -6.713  25.132 0.0000000000
76181  -51.760  -6.504  24.347 0.0000000000
133439  -52.538  -6.331  25.476 0.0000000000
76182  -53.099  -5.700  24.848 0.0000000000
76201  -54.529  -5.432  22.087 0.0000000000
66878  -43.059  -14.628  31.833 0.0000000000
67807  -43.845  -14.006  32.814 0.0000000000
67819  -44.935  -14.447  32.715 0.0000000000
66880  -45.087  -15.147  32.208 0.0000000000
65946  -45.141  -15.867  31.868 0.0000000000
65947  -45.509  -16.027  32.200 0.0000000000
156174  -45.322  -16.282  31.707 0.0000000000
65017  -45.543  -16.584  31.346 0.0000000000
64070  -46.077  -16.930  30.869 0.0000000000
51916  -15.610  -28.250  52.004 0.0000000000
50737  -13.660  -30.465  52.472 0.0000000000
132635  -12.978  -30.632  52.863 0.0000000000
131433  -12.130  -32.067  52.624 0.0000000000
47549  -11.514  -33.086  51.999 0.0000000000
154009  -34.629  -27.559  38.082 0.0000000000
53226  -35.765  -27.940  38.764 0.0000000000
53210  -36.866  -28.173  39.237 0.0000000000
53211  -37.273  -28.020  39.326 0.0000000000
54247  -37.787  -27.475  39.700 0.0000000000
53162  -37.200  -27.585  42.298 0.0000000000
52037  -26.878  -28.500  43.384 0.0000000000
52024  -27.562  -28.733  44.218 0.0000000000
50872  -28.397  -28.921  44.064 0.0000000000
50891  -29.086  -29.075  43.752 0.0000000000
50892  -29.661  -29.435  44.269 0.0000000000
50922  -30.551  -29.008  42.413 0.0000000000
151040  -32.130  -30.195  45.887 0.0000000000
49715  -31.999  -29.744  44.645 0.0000000000
50894  -32.739  -29.350  44.113 0.0000000000
50893  -31.947  -29.378  43.928 0.0000000000
50909  -31.366  -29.281  43.683 0.0000000000
129360  -31.007  -29.157  43.068 0.0000000000
52081  -31.492  -28.240  41.959 0.0000000000
53191  -32.756  -27.713  41.052 0.0000000000
53192  -33.454  -27.922  41.337 0.0000000000
53207  -32.559  -27.413  40.486 0.0000000000
66038  -42.289  -16.605  26.395 0.0000000000
66037  -41.820  -16.779  25.865 0.0000000000
149047  -41.715  -15.315  26.094 0.0000000000
67900  -42.965  -14.145  26.998 0.0000000000
68878  -42.381  -13.569  26.380 0.0000000000
68859  -46.714  -13.456  28.611 0.0000000000
68871  -46.170  -13.105  28.160 0.0000000000
68870  -45.515  -12.749  27.765 0.0000000000
70990  -46.648  -11.497  27.893 0.0000000000
69941  -45.832  -11.764  27.494 0.0000000000
69940  -45.115  -12.254  27.104 0.0000000000
133736  -44.398  -11.760  26.588 0.0000000000
69949  -43.793  -11.485  25.890 0.0000000000
71990  -44.766  -10.512  24.339 0.0000000000
72002  -45.227  -10.184  23.878 0.0000000000
72003  -46.023  -9.849  24.341 0.0000000000
72015  -45.820  -9.783  23.294 0.0000000000
72025  -46.086  -9.674  22.426 0.0000000000
73142  -46.716  -9.183  22.296 0.0000000000
73152  -46.864  -9.054  21.375 0.0000000000
73135  -48.645  -9.044  24.231 0.0000000000
74197  -49.018  -8.402  23.776 0.0000000000
151561  -50.803  -7.478  24.524 0.0000000000
75185  -51.552  -7.447  25.518 0.0000000000
155277  -50.721  -9.597  27.342 0.0000000000
73105  -51.016  -9.273  26.801 0.0000000000
73114  -51.253  -8.752  26.283 0.0000000000
74171  -51.716  -7.907  26.456 0.0000000000
75186  -52.090  -7.002  26.055 0.0000000000
76175  -52.554  -6.524  26.407 0.0000000000
59542  -33.643  -22.483  34.971 0.0000000000
60704  -33.674  -21.351  34.931 0.0000000000
61868  -33.389  -20.382  34.146 0.0000000000
140862  -33.637  -19.624  34.814 0.0000000000
148974  -33.581  -19.183  33.794 0.0000000000
64989  -35.498  -17.295  35.722 0.0000000000
64997  -35.022  -17.082  35.011 0.0000000000
65004  -34.316  -17.786  33.326 0.0000000000
64067  -34.059  -18.266  32.218 0.0000000000
64078  -33.910  -17.435  31.423 0.0000000000
65027  -34.257  -16.762  30.715 0.0000000000
149750  -35.196  -15.690  31.778 0.0000000000
65968  -34.766  -15.935  30.188 0.0000000000
150404  -36.133  -15.552  29.126 0.0000000000
65984  -37.143  -15.475  28.627 0.0000000000
67844  -38.503  -14.218  31.200 0.0000000000
67845  -39.259  -14.255  30.829 0.0000000000
66904  -40.193  -14.330  30.660 0.0000000000
67832  -41.510  -14.095  31.570 0.0000000000
67818  -42.335  -13.917  32.059 0.0000000000
67794  -40.093  -13.513  34.469 0.0000000000
67795  -40.941  -13.357  34.213 0.0000000000
68805  -41.419  -13.054  34.802 0.0000000000
67805  -41.216  -13.473  33.396 0.0000000000
68814  -41.728  -13.155  33.848 0.0000000000
67806  -42.202  -13.489  32.919 0.0000000000
140450  -43.058  -13.441  32.946 0.0000000000
68816  -43.679  -13.252  33.443 0.0000000000
138442  -44.405  -13.001  34.071 0.0000000000
53100  -18.644  -28.308  46.528 0.0000000000
51969  -18.125  -28.546  47.239 0.0000000000
53082  -17.970  -27.941  48.121 0.0000000000
53067  -17.337  -27.748  49.585 0.0000000000
51939  -16.305  -28.889  49.840 0.0000000000
51954  -16.150  -29.688  49.565 0.0000000000
49604  -16.023  -30.805  48.559 0.0000000000
49603  -15.276  -31.019  49.222 0.0000000000
78089  -55.923  -3.821  17.735 0.0000000000
54275  -35.282  -27.927  37.003 0.0000000000
153667  -36.037  -27.943  36.981 0.0000000000
132389  -36.486  -27.638  37.245 0.0000000000
54290  -36.338  -27.717  36.919 0.0000000000
54305  -36.333  -27.092  36.497 0.0000000000
56277  -36.590  -24.687  38.677 0.0000000000
57268  -36.387  -24.263  38.441 0.0000000000
56308  -36.352  -24.823  37.631 0.0000000000
56324  -36.124  -25.101  36.919 0.0000000000
56323  -35.928  -25.232  36.353 0.0000000000
58379  -35.253  -24.460  36.262 0.0000000000
58378  -34.762  -24.230  36.007 0.0000000000
59543  -33.849  -23.170  35.904 0.0000000000
61826  -34.869  -20.137  37.106 0.0000000000
133611  -36.148  -17.831  37.403 0.0000000000
61789  -36.023  -20.212  39.455 0.0000000000
151574  -36.230  -19.334  39.113 0.0000000000
64015  -37.171  -18.215  39.624 0.0000000000
62940  -36.588  -18.483  39.079 0.0000000000
64028  -36.645  -18.041  38.512 0.0000000000
64033  -36.864  -17.465  38.204 0.0000000000
52048  -26.832  -28.367  42.504 0.0000000000
52059  -26.639  -28.302  40.522 0.0000000000
50936  -29.551  -28.868  41.214 0.0000000000
50950  -28.093  -29.544  39.119 0.0000000000
138815  -27.467  -29.598  39.134 0.0000000000
52111  -26.708  -29.636  38.736 0.0000000000
52110  -25.860  -29.645  38.462 0.0000000000
54160  -21.514  -26.880  48.424 0.0000000000
53114  -19.419  -28.182  45.408 0.0000000000
50888  -19.740  -29.909  43.621 0.0000000000
74224  -47.532  -8.645  21.126 0.0000000000
74232  -47.685  -8.816  20.314 0.0000000000
75225  -48.640  -7.738  21.181 0.0000000000
74234  -48.951  -8.484  19.273 0.0000000000
74239  -49.638  -7.867  18.889 0.0000000000
133108  -50.953  -6.634  23.340 0.0000000000
75217  -51.040  -7.008  21.904 0.0000000000
76208  -51.809  -6.386  21.755 0.0000000000
75246  -50.764  -7.935  17.959 0.0000000000
74247  -51.223  -8.220  17.448 0.0000000000
75247  -51.238  -7.449  17.620 0.0000000000
136475  -52.399  -6.140  16.816 0.0000000000
77175  -53.625  -5.562  18.553 0.0000000000
77178  -55.690  -4.728  19.461 0.0000000000
47529  -9.204  -33.247  55.639 0.0000000000
47526  -9.052  -33.050  56.318 0.0000000000
46624  -8.671  -33.782  55.976 0.0000000000
45673  -7.928  -35.020  55.932 0.0000000000
44564  -7.747  -35.894  54.715 0.0000000000
45679  -7.358  -35.609  55.371 0.0000000000
59561  -33.266  -22.941  34.105 0.0000000000
58393  -32.959  -23.421  33.239 0.0000000000
63019  -33.059  -19.542  30.881 0.0000000000
66001  -38.225  -16.153  28.231 0.0000000000
65066  -38.766  -17.054  27.958 0.0000000000
65986  -39.842  -16.038  28.878 0.0000000000
65067  -39.624  -17.511  28.372 0.0000000000
64130  -41.119  -18.923  28.557 0.0000000000
66892  -42.914  -14.929  30.988 0.0000000000
65973  -43.684  -16.791  30.352 0.0000000000
65989  -42.302  -17.248  29.671 0.0000000000
65052  -41.809  -17.895  29.358 0.0000000000
134237  -42.718  -19.020  28.618 0.0000000000
133934  -42.658  -17.179  26.821 0.0000000000
66019  -43.686  -16.454  27.615 0.0000000000
66020  -44.692  -16.523  27.937 0.0000000000
65085  -45.007  -17.325  28.134 0.0000000000
138694  -45.382  -16.236  28.039 0.0000000000
66959  -45.951  -15.976  28.305 0.0000000000
66940  -46.504  -15.724  28.952 0.0000000000
66941  -47.056  -15.043  29.519 0.0000000000
64082  -46.853  -17.297  30.627 0.0000000000
130899  -10.150  -32.010  56.903 0.0000000000
48509  -10.641  -31.735  56.379 0.0000000000
48508  -10.128  -32.304  56.433 0.0000000000
47527  -9.786  -32.802  56.113 0.0000000000
45687  -8.712  -34.858  53.798 0.0000000000
139452  -9.707  -34.660  51.745 0.0000000000
47523  -8.771  -32.768  56.955 0.0000000000
47522  -8.145  -33.176  57.261 0.0000000000
47516  -7.872  -32.853  57.886 0.0000000000
47521  -7.669  -33.301  57.373 0.0000000000
48500  -7.422  -32.370  58.409 0.0000000000
48496  -6.895  -31.887  59.038 0.0000000000
48488  -6.123  -31.823  59.516 0.0000000000
46612  -5.739  -34.492  57.210 0.0000000000
45657  -4.918  -34.811  57.567 0.0000000000
141462  -5.743  -32.402  58.903 0.0000000000
48494  -5.279  -31.850  59.317 0.0000000000
48486  -4.954  -31.578  59.695 0.0000000000
48492  -3.685  -32.241  58.648 0.0000000000
49506  -4.045  -31.573  58.878 0.0000000000
144302  -3.966  -31.193  58.981 0.0000000000
142838  -2.445  -35.982  57.601 0.0000000000
44537  -2.387  -36.706  57.365 0.0000000000
149056  -2.222  -35.519  57.831 0.0000000000
155594  -1.917  -34.405  58.299 0.0000000000
47509  -1.908  -33.754  58.354 0.0000000000
48495  -6.327  -32.347  58.901 0.0000000000
48511  -10.420  -32.245  55.001 0.0000000000
49501  -5.980  -30.434  60.917 0.0000000000
49502  -6.414  -30.515  60.955 0.0000000000
49695  -31.119  -29.901  45.329 0.0000000000
49696  -32.059  -30.039  45.321 0.0000000000
50703  -12.550  -30.482  54.711 0.0000000000
50850  -18.123  -30.358  45.361 0.0000000000
50855  -26.637  -28.677  46.068 0.0000000000
53241  -36.479  -28.018  37.624 0.0000000000
56264  -38.283  -25.064  39.884 0.0000000000
63030  -44.023  -18.558  29.874 0.0000000000
63032  -44.898  -17.881  30.230 0.0000000000
63033  -46.100  -17.909  29.955 0.0000000000
63034  -46.837  -18.363  30.053 0.0000000000
63052  -46.945  -18.349  29.804 0.0000000000
63068  -45.705  -17.762  28.769 0.0000000000
64071  -46.490  -16.715  31.228 0.0000000000
64079  -44.151  -17.584  30.372 0.0000000000
64094  -44.427  -18.099  30.095 0.0000000000
64115  -48.076  -17.911  29.777 0.0000000000
64131  -46.076  -17.281  28.844 0.0000000000
65018  -46.068  -16.519  31.735 0.0000000000
65029  -44.556  -16.657  30.758 0.0000000000
65070  -47.898  -17.735  29.354 0.0000000000
65948  -45.783  -16.184  32.304 0.0000000000
65958  -43.350  -15.807  30.584 0.0000000000
66004  -46.968  -16.637  29.239 0.0000000000
66021  -45.370  -16.808  28.065 0.0000000000
66853  -38.617  -14.700  35.063 0.0000000000
66881  -45.629  -15.684  32.639 0.0000000000
67909  -41.805  -13.952  25.869 0.0000000000
68872  -46.721  -12.452  28.339 0.0000000000
71971  -48.821  -10.035  27.302 0.0000000000
74179  -50.510  -8.370  25.238 0.0000000000
76221  -54.140  -5.534  21.064 0.0000000000
76230  -54.148  -5.674  19.945 0.0000000000
131233  -43.867  -18.616  28.779 0.0000000000
134014  -15.118  -29.118  52.143 0.0000000000
136035  -39.799  -14.130  31.387 0.0000000000
136434  -45.163  -18.456  29.165 0.0000000000
137004  -45.924  -15.001  28.641 0.0000000000
137346  -56.433  -3.595  18.163 0.0000000000
139598  -47.153  -18.138  30.317 0.0000000000
144326  -45.161  -18.276  29.473 0.0000000000
145789  -36.748  -27.758  41.820 0.0000000000
146316  -44.152  -11.107  25.290 0.0000000000
147884  -36.721  -28.004  40.568 0.0000000000
148808  -42.800  -19.138  29.114 0.0000000000
150510  -46.267  -17.923  30.183 0.0000000000
154115  -36.421  -28.034  40.779 0.0000000000
155094  -55.942  -4.510  18.994 0.0000000000
155136  -3.347  -31.779  58.565 0.0000000000
156084  -30.715  -29.477  44.164 0.0000000000
