#!ascii label  , from subject sub125 vox2ras=TkReg
1571
85752  -49.401  3.736  13.629 0.0000000000
87799  -57.397  5.658  -0.617 0.0000000000
95451  -53.876  13.728  16.165 0.0000000000
132166  -56.622  7.612  9.927 0.0000000000
83619  -55.203  1.478  20.445 0.0000000000
90800  -50.173  8.118  5.561 0.0000000000
98421  -56.828  16.568  2.919 0.0000000000
99241  -51.756  17.437  10.897 0.0000000000
82571  -46.148  1.445  25.784 0.0000000000
86717  -52.854  4.546  10.701 0.0000000000
87692  -52.942  5.902  8.175 0.0000000000
137083  -48.384  7.794  11.230 0.0000000000
97407  -59.448  15.047  16.171 0.0000000000
134215  -56.853  14.348  10.057 0.0000000000
100127  -61.008  18.433  8.487 0.0000000000
139971  -54.689  16.493  7.842 0.0000000000
100812  -57.035  19.381  12.724 0.0000000000
87808  -52.419  5.799  -1.200 0.0000000000
87612  -48.118  5.553  17.698 0.0000000000
90708  -48.855  8.631  16.759 0.0000000000
90724  -61.645  9.426  14.032 0.0000000000
84683  -56.455  2.790  14.352 0.0000000000
81779  -51.579  -1.119  15.349 0.0000000000
79901  -48.962  -2.105  21.547 0.0000000000
88790  -54.334  7.183  1.765 0.0000000000
90857  -50.827  9.186  -0.952 0.0000000000
137913  -51.505  12.186  10.680 0.0000000000
93587  -53.163  12.198  3.848 0.0000000000
95580  -50.794  13.858  -2.452 0.0000000000
95544  -50.601  13.465  2.848 0.0000000000
94503  -49.326  12.749  6.918 0.0000000000
85764  -50.828  3.510  11.827 0.0000000000
88656  -51.543  7.893  12.211 0.0000000000
88641  -49.946  6.258  13.437 0.0000000000
99206  -61.252  16.853  15.245 0.0000000000
98341  -61.063  16.015  12.552 0.0000000000
138331  -61.599  18.389  11.588 0.0000000000
100105  -59.268  18.537  10.852 0.0000000000
137997  -55.189  6.025  -1.453 0.0000000000
88602  -48.557  6.054  19.775 0.0000000000
88617  -51.489  6.688  18.337 0.0000000000
84667  -55.987  2.048  17.097 0.0000000000
82693  -54.198  0.800  14.778 0.0000000000
82664  -53.741  0.239  17.989 0.0000000000
81713  -47.435  -1.082  24.549 0.0000000000
81753  -43.378  -1.020  18.629 0.0000000000
84659  -44.385  2.713  17.237 0.0000000000
129676  -41.413  2.053  18.348 0.0000000000
89759  -57.308  8.043  7.733 0.0000000000
87727  -50.938  5.797  6.253 0.0000000000
139407  -53.603  5.531  4.787 0.0000000000
88771  -51.510  6.766  2.844 0.0000000000
89833  -52.621  7.901  0.241 0.0000000000
90829  -50.308  8.516  2.207 0.0000000000
94437  -50.368  12.388  17.471 0.0000000000
142630  -49.594  11.498  13.673 0.0000000000
94454  -53.107  12.904  13.766 0.0000000000
96529  -57.689  15.071  5.400 0.0000000000
95527  -55.160  13.715  6.908 0.0000000000
95546  -55.648  14.095  3.336 0.0000000000
93618  -52.375  12.923  0.309 0.0000000000
96564  -53.446  14.412  0.696 0.0000000000
155149  -50.608  14.048  -0.527 0.0000000000
97512  -53.402  15.164  2.693 0.0000000000
135151  -53.457  16.642  9.465 0.0000000000
139432  -52.201  14.844  6.892 0.0000000000
96491  -51.124  14.897  9.192 0.0000000000
95502  -49.020  13.559  9.013 0.0000000000
98363  -49.792  16.326  10.790 0.0000000000
145238  -55.024  5.864  10.573 0.0000000000
89743  -54.790  7.719  9.315 0.0000000000
89700  -52.650  8.206  11.581 0.0000000000
88684  -50.125  6.632  9.893 0.0000000000
90766  -48.871  8.112  8.219 0.0000000000
149616  -57.021  14.474  16.518 0.0000000000
95479  -55.181  13.719  13.433 0.0000000000
97426  -58.205  14.911  12.670 0.0000000000
97461  -60.439  14.957  8.891 0.0000000000
99288  -59.105  17.633  6.090 0.0000000000
98407  -55.626  17.016  4.871 0.0000000000
99272  -57.298  18.171  7.671 0.0000000000
99246  -55.795  18.057  9.828 0.0000000000
100083  -54.384  18.398  11.796 0.0000000000
88817  -50.326  6.321  -2.085 0.0000000000
86678  -48.935  4.635  15.387 0.0000000000
88631  -50.014  6.157  15.343 0.0000000000
145881  -50.775  6.449  16.895 0.0000000000
91639  -51.535  8.789  17.991 0.0000000000
94428  -52.856  11.976  19.349 0.0000000000
149331  -54.664  11.167  20.776 0.0000000000
96414  -54.776  13.888  19.494 0.0000000000
88659  -59.330  6.996  11.078 0.0000000000
87642  -59.324  5.828  13.801 0.0000000000
86708  -57.673  4.394  11.708 0.0000000000
84707  -55.026  2.636  11.630 0.0000000000
83682  -52.589  1.261  12.099 0.0000000000
83587  -53.838  0.869  23.149 0.0000000000
82574  -49.272  0.088  26.092 0.0000000000
82607  -51.112  -0.284  23.879 0.0000000000
81740  -51.601  -0.205  20.851 0.0000000000
80849  -50.291  -2.201  18.680 0.0000000000
140932  -46.961  1.999  15.028 0.0000000000
90839  -59.335  8.258  0.466 0.0000000000
88731  -56.087  5.870  6.054 0.0000000000
133276  -56.891  6.508  2.785 0.0000000000
90864  -57.260  8.395  -1.150 0.0000000000
90874  -54.358  8.586  -2.640 0.0000000000
129174  -52.631  8.626  -3.008 0.0000000000
90886  -51.203  8.936  -3.432 0.0000000000
90722  -47.609  8.863  13.650 0.0000000000
92578  -48.473  9.912  10.604 0.0000000000
92619  -50.553  10.149  7.343 0.0000000000
133977  -54.000  13.587  10.097 0.0000000000
94504  -52.793  12.248  7.086 0.0000000000
92651  -51.500  10.651  4.465 0.0000000000
92671  -50.939  11.151  1.596 0.0000000000
93629  -50.909  11.975  -2.178 0.0000000000
92691  -49.350  10.798  -3.255 0.0000000000
97497  -53.102  14.929  4.807 0.0000000000
95537  -49.836  12.802  4.701 0.0000000000
93571  -47.987  11.088  5.577 0.0000000000
92618  -47.113  10.816  6.936 0.0000000000
93539  -46.239  11.618  9.258 0.0000000000
85753  -49.941  3.795  13.080 0.0000000000
86695  -50.638  5.013  12.534 0.0000000000
87639  -50.021  5.205  13.630 0.0000000000
156151  -61.491  17.817  13.740 0.0000000000
100069  -60.874  19.464  11.970 0.0000000000
87798  -56.543  5.636  -0.799 0.0000000000
83632  -55.444  1.568  18.822 0.0000000000
83639  -54.883  1.155  17.666 0.0000000000
82647  -54.090  0.907  19.007 0.0000000000
80838  -42.741  -1.401  19.416 0.0000000000
82653  -43.090  0.431  18.338 0.0000000000
89717  -57.267  7.941  9.631 0.0000000000
90757  -56.863  8.060  9.376 0.0000000000
132536  -50.379  7.062  5.549 0.0000000000
88743  -51.095  6.260  4.354 0.0000000000
88756  -50.631  6.933  3.937 0.0000000000
89806  -51.029  7.335  2.315 0.0000000000
138466  -50.382  8.324  4.129 0.0000000000
95449  -52.343  13.441  16.507 0.0000000000
94445  -51.231  12.977  15.711 0.0000000000
95458  -53.136  13.151  14.675 0.0000000000
97500  -57.797  15.896  3.891 0.0000000000
96527  -56.401  14.398  4.621 0.0000000000
96552  -56.401  15.343  2.589 0.0000000000
95560  -55.148  14.566  1.980 0.0000000000
97515  -55.506  15.609  2.217 0.0000000000
143977  -53.290  14.769  1.104 0.0000000000
98419  -55.535  16.331  2.540 0.0000000000
99256  -53.074  16.913  10.010 0.0000000000
97459  -52.412  15.953  9.568 0.0000000000
98376  -51.665  16.166  10.248 0.0000000000
97457  -50.756  15.111  9.966 0.0000000000
98364  -50.775  16.423  10.612 0.0000000000
86718  -53.794  4.783  10.565 0.0000000000
148771  -53.837  7.417  11.156 0.0000000000
87656  -52.713  6.586  11.472 0.0000000000
89697  -50.286  7.696  12.052 0.0000000000
89711  -51.551  8.254  11.494 0.0000000000
88668  -49.775  7.078  10.618 0.0000000000
88694  -49.553  6.398  8.929 0.0000000000
89726  -48.610  7.400  9.892 0.0000000000
134068  -57.878  14.663  16.158 0.0000000000
96448  -57.407  14.601  14.450 0.0000000000
96449  -58.520  14.926  14.773 0.0000000000
98368  -61.669  16.570  10.464 0.0000000000
98366  -60.957  15.175  10.410 0.0000000000
98388  -61.337  16.534  8.259 0.0000000000
97478  -59.864  16.069  7.017 0.0000000000
100134  -59.964  18.264  7.266 0.0000000000
100132  -58.278  18.223  6.359 0.0000000000
100125  -59.087  18.557  7.860 0.0000000000
100086  -58.151  18.602  11.700 0.0000000000
151280  -57.154  18.315  10.352 0.0000000000
100085  -56.266  18.410  11.389 0.0000000000
100101  -54.712  17.967  10.900 0.0000000000
100084  -55.357  18.414  11.574 0.0000000000
88819  -52.185  6.649  -1.870 0.0000000000
86662  -48.482  5.127  16.939 0.0000000000
87621  -50.185  5.256  16.390 0.0000000000
87614  -50.037  5.414  17.173 0.0000000000
89646  -51.869  7.180  18.666 0.0000000000
89654  -51.768  7.630  17.798 0.0000000000
91640  -52.044  8.679  18.288 0.0000000000
92546  -51.507  10.361  18.606 0.0000000000
92541  -52.990  9.783  19.514 0.0000000000
92533  -54.789  10.658  21.921 0.0000000000
94430  -54.483  12.326  20.295 0.0000000000
96399  -56.141  13.915  20.556 0.0000000000
129889  -56.179  14.410  19.622 0.0000000000
96400  -57.073  14.156  21.069 0.0000000000
90750  -60.596  9.186  10.883 0.0000000000
89686  -60.411  7.948  12.930 0.0000000000
86681  -58.544  5.132  15.085 0.0000000000
86691  -57.901  4.170  14.120 0.0000000000
86698  -58.137  4.470  12.668 0.0000000000
85761  -57.178  3.575  13.070 0.0000000000
85768  -56.379  3.623  11.364 0.0000000000
84698  -55.869  2.759  12.704 0.0000000000
133709  -53.563  0.158  15.066 0.0000000000
82702  -53.345  0.673  13.615 0.0000000000
82691  -52.148  0.116  14.156 0.0000000000
82572  -47.484  0.730  25.946 0.0000000000
80801  -49.297  -1.608  24.650 0.0000000000
80810  -50.402  -1.244  23.087 0.0000000000
81728  -51.298  -0.399  22.186 0.0000000000
80829  -50.331  -1.431  21.375 0.0000000000
80841  -50.930  -1.356  20.111 0.0000000000
80834  -49.865  -1.924  20.239 0.0000000000
84673  -46.412  2.473  15.509 0.0000000000
148159  -45.890  1.968  15.971 0.0000000000
90841  -60.524  8.107  1.121 0.0000000000
88699  -54.290  7.224  8.675 0.0000000000
88710  -55.415  6.871  7.686 0.0000000000
87702  -54.156  5.772  7.261 0.0000000000
87768  -54.412  6.491  2.711 0.0000000000
135264  -54.867  5.815  3.771 0.0000000000
88791  -55.643  7.144  1.708 0.0000000000
89820  -56.808  8.070  0.455 0.0000000000
89837  -56.246  8.326  -0.136 0.0000000000
131506  -55.887  8.492  -1.731 0.0000000000
89849  -54.762  8.533  -1.034 0.0000000000
90847  -51.116  8.494  -0.268 0.0000000000
90859  -52.722  8.843  -1.923 0.0000000000
90871  -52.305  9.150  -2.906 0.0000000000
143228  -51.913  9.122  -3.238 0.0000000000
91762  -51.742  9.593  -3.104 0.0000000000
89659  -49.229  7.704  16.296 0.0000000000
89673  -48.514  7.594  14.563 0.0000000000
90713  -47.810  8.945  15.277 0.0000000000
93507  -50.565  11.576  12.517 0.0000000000
93506  -49.176  11.116  12.438 0.0000000000
93529  -50.158  11.191  10.518 0.0000000000
92591  -50.127  10.756  9.118 0.0000000000
93549  -50.812  11.209  8.637 0.0000000000
131308  -55.969  14.194  11.285 0.0000000000
95486  -54.623  13.723  11.994 0.0000000000
96484  -55.617  14.081  10.403 0.0000000000
94511  -54.432  13.117  5.790 0.0000000000
95519  -53.914  13.084  7.224 0.0000000000
93567  -53.188  12.156  5.492 0.0000000000
93573  -52.021  11.208  5.727 0.0000000000
93586  -52.616  11.704  4.350 0.0000000000
92657  -51.457  10.685  3.613 0.0000000000
93597  -52.032  11.401  3.128 0.0000000000
94552  -52.188  13.548  -0.776 0.0000000000
93625  -51.601  12.695  -0.456 0.0000000000
141687  -51.191  13.163  -2.468 0.0000000000
93641  -50.499  12.096  -2.986 0.0000000000
94574  -49.984  12.992  -2.864 0.0000000000
93634  -48.606  12.042  -2.205 0.0000000000
95578  -49.330  13.291  -1.862 0.0000000000
95549  -50.723  13.492  1.658 0.0000000000
94550  -48.846  13.092  -0.300 0.0000000000
98401  -55.515  16.895  6.077 0.0000000000
97491  -54.489  15.892  5.061 0.0000000000
97483  -53.912  15.500  6.204 0.0000000000
95525  -50.563  13.854  6.746 0.0000000000
95532  -50.540  13.799  5.633 0.0000000000
94509  -49.397  12.743  5.999 0.0000000000
94515  -49.255  12.022  4.755 0.0000000000
93564  -48.428  11.644  6.023 0.0000000000
92630  -47.667  11.073  6.350 0.0000000000
93557  -48.226  11.823  6.791 0.0000000000
131266  -48.180  14.188  10.127 0.0000000000
142300  -47.702  12.287  8.871 0.0000000000
95500  -46.812  13.059  10.076 0.0000000000
94483  -46.006  12.878  10.160 0.0000000000
85765  -51.419  3.972  11.259 0.0000000000
87655  -52.022  6.611  11.777 0.0000000000
86696  -51.098  5.388  12.171 0.0000000000
88646  -50.275  6.909  12.772 0.0000000000
89684  -49.112  7.622  12.752 0.0000000000
146072  -59.889  15.717  14.044 0.0000000000
98330  -60.959  16.185  13.456 0.0000000000
98351  -61.566  16.696  11.974 0.0000000000
100089  -61.627  18.137  10.727 0.0000000000
136954  -59.959  18.450  9.820 0.0000000000
100106  -60.602  18.651  10.561 0.0000000000
144720  -59.254  18.854  11.744 0.0000000000
135891  -54.315  6.305  -1.705 0.0000000000
87584  -48.111  6.121  18.805 0.0000000000
87600  -49.623  5.822  17.949 0.0000000000
135936  -49.696  6.357  19.181 0.0000000000
146217  -56.532  2.614  15.808 0.0000000000
83666  -55.370  1.656  14.753 0.0000000000
83657  -55.461  1.585  15.719 0.0000000000
82673  -54.284  0.526  16.592 0.0000000000
81770  -52.701  -0.945  16.385 0.0000000000
81699  -46.926  -0.167  24.788 0.0000000000
79890  -45.966  -2.347  22.956 0.0000000000
81761  -45.179  -0.635  17.644 0.0000000000
83638  -45.057  1.789  16.890 0.0000000000
82662  -43.850  0.832  17.836 0.0000000000
83635  -42.972  1.988  17.899 0.0000000000
87700  -52.347  5.333  7.329 0.0000000000
134006  -53.661  5.255  5.889 0.0000000000
87729  -52.201  5.414  5.654 0.0000000000
88758  -52.665  6.055  3.502 0.0000000000
88773  -53.389  6.670  2.422 0.0000000000
89834  -53.594  7.999  0.071 0.0000000000
141540  -52.206  7.269  1.112 0.0000000000
89831  -50.876  8.156  0.817 0.0000000000
90846  -50.501  8.768  0.183 0.0000000000
150553  -49.368  11.146  17.103 0.0000000000
93491  -48.647  10.958  15.646 0.0000000000
94443  -49.897  11.966  15.300 0.0000000000
94452  -51.108  11.956  13.973 0.0000000000
94462  -51.899  12.286  12.299 0.0000000000
96502  -57.562  14.499  8.453 0.0000000000
96500  -55.913  14.045  8.103 0.0000000000
145627  -56.352  14.276  6.456 0.0000000000
95534  -55.712  13.966  5.344 0.0000000000
94522  -54.444  13.195  3.890 0.0000000000
94525  -53.391  12.665  2.651 0.0000000000
94543  -53.892  13.568  1.477 0.0000000000
143484  -53.510  13.746  0.697 0.0000000000
95574  -51.941  14.154  -1.247 0.0000000000
136023  -50.612  14.082  -1.359 0.0000000000
96562  -52.031  14.369  -0.408 0.0000000000
134972  -51.830  14.434  1.291 0.0000000000
96549  -51.897  14.471  2.234 0.0000000000
98386  -54.006  16.123  8.388 0.0000000000
97475  -53.682  15.647  7.583 0.0000000000
97467  -53.322  15.739  8.318 0.0000000000
96499  -51.462  14.712  8.391 0.0000000000
95518  -50.180  13.776  7.706 0.0000000000
156167  -49.255  13.352  8.436 0.0000000000
95503  -49.746  14.153  9.262 0.0000000000
96490  -49.003  14.139  9.794 0.0000000000
97455  -48.775  14.808  10.396 0.0000000000
87673  -55.713  6.273  10.447 0.0000000000
138573  -55.685  7.701  9.820 0.0000000000
88670  -54.225  7.570  10.756 0.0000000000
89714  -53.857  7.758  10.685 0.0000000000
88687  -53.142  7.464  9.785 0.0000000000
89699  -52.027  8.418  11.927 0.0000000000
89727  -52.023  8.275  10.871 0.0000000000
88696  -51.618  6.311  9.097 0.0000000000
87689  -50.622  5.594  7.752 0.0000000000
88706  -49.608  6.614  7.271 0.0000000000
90788  -49.542  8.054  6.910 0.0000000000
96435  -54.817  14.143  16.404 0.0000000000
95460  -54.577  13.454  14.475 0.0000000000
96446  -55.834  14.141  14.535 0.0000000000
96465  -56.670  14.452  12.831 0.0000000000
141436  -57.518  14.596  11.356 0.0000000000
97418  -59.769  15.425  12.613 0.0000000000
97434  -59.203  14.898  11.328 0.0000000000
96503  -58.508  14.658  8.973 0.0000000000
97477  -59.420  15.169  7.466 0.0000000000
97486  -58.969  16.331  5.947 0.0000000000
99302  -57.715  17.113  4.399 0.0000000000
98413  -56.236  17.016  3.355 0.0000000000
99286  -57.529  17.787  5.440 0.0000000000
99285  -56.985  17.906  5.995 0.0000000000
99277  -55.801  17.484  7.620 0.0000000000
100114  -58.342  18.437  8.858 0.0000000000
99260  -56.073  18.075  8.978 0.0000000000
99269  -54.966  17.284  8.787 0.0000000000
99258  -54.480  17.271  9.398 0.0000000000
99243  -53.401  17.365  10.409 0.0000000000
100099  -53.047  17.884  11.030 0.0000000000
86684  -48.889  4.290  14.616 0.0000000000
138126  -49.839  4.826  14.348 0.0000000000
87627  -50.157  5.104  15.685 0.0000000000
88632  -50.508  6.297  16.174 0.0000000000
89660  -50.334  7.215  16.510 0.0000000000
88622  -50.983  6.423  17.435 0.0000000000
90711  -51.381  7.648  17.439 0.0000000000
152119  -50.115  9.253  17.653 0.0000000000
92545  -50.604  10.614  18.228 0.0000000000
94433  -51.526  12.181  18.577 0.0000000000
95440  -52.666  13.308  18.418 0.0000000000
92542  -53.586  10.119  20.057 0.0000000000
93478  -53.973  11.410  20.136 0.0000000000
95436  -53.616  13.209  19.377 0.0000000000
96427  -54.064  14.021  17.834 0.0000000000
133466  -55.398  14.542  18.045 0.0000000000
133127  -57.366  14.633  17.426 0.0000000000
96432  -59.093  14.645  17.591 0.0000000000
130182  -59.425  8.478  10.098 0.0000000000
87676  -58.071  6.589  10.426 0.0000000000
139032  -59.552  6.692  15.373 0.0000000000
88642  -59.936  6.905  13.939 0.0000000000
87648  -59.496  6.251  12.816 0.0000000000
87659  -58.545  5.752  11.158 0.0000000000
87674  -56.744  6.045  10.405 0.0000000000
86721  -56.386  5.087  10.629 0.0000000000
85781  -55.174  4.016  10.575 0.0000000000
84719  -53.806  3.074  10.711 0.0000000000
84689  -54.885  2.027  12.973 0.0000000000
83691  -53.791  1.889  11.629 0.0000000000
142723  -52.051  2.658  10.851 0.0000000000
83688  -51.315  2.125  11.595 0.0000000000
82561  -51.319  0.373  26.282 0.0000000000
81685  -48.117  -0.097  25.455 0.0000000000
81687  -50.027  -0.543  25.553 0.0000000000
82576  -51.566  0.070  25.363 0.0000000000
82593  -52.584  0.211  23.782 0.0000000000
82622  -52.777  0.422  22.319 0.0000000000
82629  -53.266  0.540  21.075 0.0000000000
81747  -52.267  -0.021  19.567 0.0000000000
81755  -51.999  -0.802  18.474 0.0000000000
80866  -51.456  -1.722  16.787 0.0000000000
154443  -48.291  2.530  13.963 0.0000000000
85744  -47.654  3.378  14.818 0.0000000000
86676  -47.015  4.207  15.952 0.0000000000
86661  -47.587  5.170  17.163 0.0000000000
138242  -47.115  5.456  17.626 0.0000000000
88794  -60.812  6.790  0.935 0.0000000000
88812  -60.195  7.085  -0.268 0.0000000000
88810  -58.675  6.818  -0.833 0.0000000000
89745  -56.302  7.974  8.735 0.0000000000
88711  -56.194  7.165  7.458 0.0000000000
87731  -55.376  5.645  5.322 0.0000000000
87747  -56.178  5.865  4.237 0.0000000000
88763  -57.443  6.424  3.577 0.0000000000
89807  -58.127  7.479  1.917 0.0000000000
90849  -58.086  8.339  -0.475 0.0000000000
88825  -57.918  7.065  -1.304 0.0000000000
88823  -56.447  7.021  -1.929 0.0000000000
88821  -55.046  6.743  -2.219 0.0000000000
88833  -54.131  7.704  -2.867 0.0000000000
89848  -54.052  8.608  -1.033 0.0000000000
90873  -53.960  8.703  -2.753 0.0000000000
88832  -52.576  7.471  -2.682 0.0000000000
88831  -51.863  7.696  -2.902 0.0000000000
88830  -50.786  7.292  -2.766 0.0000000000
89866  -49.857  7.942  -2.840 0.0000000000
130296  -49.798  5.790  13.906 0.0000000000
89679  -49.042  7.366  13.481 0.0000000000
133730  -47.956  8.112  12.389 0.0000000000
92556  -48.218  10.605  14.201 0.0000000000
92569  -47.880  9.980  12.102 0.0000000000
91667  -47.963  9.105  10.971 0.0000000000
91686  -48.528  8.800  9.359 0.0000000000
91696  -49.320  8.988  7.874 0.0000000000
91704  -50.463  9.548  6.649 0.0000000000
95466  -54.585  13.332  13.753 0.0000000000
95477  -53.869  13.211  12.406 0.0000000000
95495  -52.882  12.932  10.430 0.0000000000
95512  -54.707  13.608  8.281 0.0000000000
94498  -53.101  12.941  8.542 0.0000000000
94491  -52.026  12.415  9.389 0.0000000000
93559  -51.710  11.356  7.316 0.0000000000
92632  -51.470  10.625  6.166 0.0000000000
91713  -50.492  9.093  5.244 0.0000000000
91729  -50.597  9.370  3.604 0.0000000000
91751  -50.190  10.343  0.222 0.0000000000
93617  -51.603  12.060  0.931 0.0000000000
147442  -50.685  11.491  0.195 0.0000000000
92687  -50.648  10.917  -1.912 0.0000000000
91768  -51.207  10.181  -2.870 0.0000000000
91774  -50.184  9.989  -3.504 0.0000000000
95565  -49.574  13.608  -1.076 0.0000000000
97499  -54.743  16.143  3.668 0.0000000000
97504  -53.264  15.001  3.753 0.0000000000
132250  -51.576  14.265  3.874 0.0000000000
96518  -52.416  14.891  6.195 0.0000000000
96533  -50.942  14.057  4.711 0.0000000000
95543  -50.202  13.095  3.856 0.0000000000
93584  -49.048  11.658  3.838 0.0000000000
148459  -47.718  10.860  3.749 0.0000000000
92649  -45.363  10.921  4.293 0.0000000000
94495  -48.214  12.405  8.333 0.0000000000
93547  -46.638  11.283  8.511 0.0000000000
139805  -52.003  18.789  11.500 0.0000000000
99227  -50.961  18.015  11.242 0.0000000000
99226  -49.985  17.745  11.103 0.0000000000
98362  -48.877  16.360  10.899 0.0000000000
97444  -47.492  15.747  10.882 0.0000000000
86689  -49.817  4.387  13.635 0.0000000000
149081  -56.930  5.271  -0.323 0.0000000000
84643  -55.672  1.678  19.679 0.0000000000
83624  -54.829  1.220  19.532 0.0000000000
83631  -54.777  1.179  18.565 0.0000000000
82639  -54.049  0.780  19.843 0.0000000000
81745  -42.353  -0.686  19.344 0.0000000000
89732  -56.351  7.760  9.693 0.0000000000
88742  -50.660  6.817  4.828 0.0000000000
131154  -50.382  7.600  5.023 0.0000000000
89795  -50.424  7.815  3.533 0.0000000000
90808  -50.348  8.343  4.785 0.0000000000
95450  -53.162  13.740  16.849 0.0000000000
95454  -52.727  13.302  15.557 0.0000000000
95455  -53.596  13.394  15.415 0.0000000000
97508  -57.364  16.044  3.180 0.0000000000
96544  -56.926  15.229  3.053 0.0000000000
97507  -56.776  15.893  2.649 0.0000000000
96551  -55.746  15.039  2.290 0.0000000000
98425  -55.912  16.187  2.420 0.0000000000
155222  -55.538  16.038  2.301 0.0000000000
98420  -56.136  16.702  2.788 0.0000000000
98365  -52.326  16.726  10.255 0.0000000000
139744  -51.489  16.815  10.578 0.0000000000
87670  -53.236  5.746  11.046 0.0000000000
89696  -49.112  7.513  11.852 0.0000000000
89709  -49.503  7.381  11.249 0.0000000000
89708  -48.791  7.459  10.784 0.0000000000
88683  -49.061  7.026  10.251 0.0000000000
149946  -48.415  7.768  10.456 0.0000000000
96444  -58.594  14.873  15.761 0.0000000000
97410  -59.210  15.112  15.420 0.0000000000
99263  -61.624  17.630  9.479 0.0000000000
98381  -61.655  16.760  9.694 0.0000000000
98389  -61.580  17.155  8.890 0.0000000000
99273  -61.208  17.694  8.136 0.0000000000
100135  -60.709  18.188  7.841 0.0000000000
100126  -60.173  18.397  8.228 0.0000000000
145734  -57.061  18.671  12.052 0.0000000000
145957  -57.154  18.368  11.158 0.0000000000
100065  -56.103  18.832  12.198 0.0000000000
153340  -52.907  5.496  -0.787 0.0000000000
86663  -49.519  5.092  16.654 0.0000000000
87613  -49.140  5.408  17.457 0.0000000000
89647  -52.365  7.888  19.015 0.0000000000
89652  -52.045  7.737  18.323 0.0000000000
90701  -52.432  8.549  18.616 0.0000000000
91635  -52.542  9.178  18.788 0.0000000000
91630  -52.855  9.124  19.084 0.0000000000
95430  -56.439  13.782  21.516 0.0000000000
139341  -61.512  9.504  13.437 0.0000000000
89687  -60.975  8.910  12.839 0.0000000000
86697  -57.739  4.053  13.320 0.0000000000
85754  -56.793  3.197  13.707 0.0000000000
85760  -56.549  3.149  12.862 0.0000000000
84691  -56.177  2.748  13.517 0.0000000000
81789  -52.745  -0.366  14.824 0.0000000000
82692  -53.040  0.181  14.181 0.0000000000
81788  -51.874  -0.508  14.727 0.0000000000
82690  -51.248  0.073  14.154 0.0000000000
81787  -50.952  -0.548  14.703 0.0000000000
147691  -46.769  0.902  25.754 0.0000000000
80821  -49.205  -2.209  23.169 0.0000000000
148719  -49.320  -2.025  22.166 0.0000000000
80822  -50.514  -1.221  22.199 0.0000000000
80828  -49.697  -1.835  21.393 0.0000000000
153854  -50.000  -1.776  20.762 0.0000000000
79911  -49.276  -2.005  20.604 0.0000000000
83646  -46.034  0.987  16.182 0.0000000000
89797  -59.182  7.390  3.455 0.0000000000
88698  -53.457  6.961  8.818 0.0000000000
88709  -54.619  6.607  7.858 0.0000000000
88708  -53.805  6.298  8.004 0.0000000000
88774  -54.090  6.812  2.298 0.0000000000
129969  -54.854  6.871  2.197 0.0000000000
134327  -54.933  7.452  1.388 0.0000000000
136257  -55.770  7.837  0.756 0.0000000000
135002  -54.936  7.884  0.603 0.0000000000
89836  -55.388  8.278  -0.328 0.0000000000
89835  -54.478  8.110  -0.104 0.0000000000
90858  -51.706  8.996  -1.599 0.0000000000
90870  -51.489  9.623  -2.391 0.0000000000
90714  -48.328  8.333  15.886 0.0000000000
91645  -48.192  9.400  16.137 0.0000000000
93508  -51.238  11.833  11.973 0.0000000000
93516  -50.481  11.491  11.438 0.0000000000
131483  -50.856  11.748  10.553 0.0000000000
93541  -50.647  11.420  9.649 0.0000000000
93530  -51.310  12.132  9.890 0.0000000000
96485  -56.802  14.397  10.908 0.0000000000
96493  -56.157  14.162  9.774 0.0000000000
94517  -53.656  12.469  4.942 0.0000000000
132047  -53.795  12.617  5.634 0.0000000000
93575  -53.163  12.136  4.653 0.0000000000
93574  -52.603  11.686  5.214 0.0000000000
137162  -52.641  11.826  3.538 0.0000000000
94560  -51.267  13.854  -2.269 0.0000000000
94551  -51.660  13.412  -1.697 0.0000000000
94569  -50.900  13.420  -2.687 0.0000000000
94575  -50.587  12.942  -2.903 0.0000000000
95585  -50.539  13.390  -2.660 0.0000000000
144402  -49.905  13.334  -2.481 0.0000000000
94532  -50.228  12.984  2.064 0.0000000000
95555  -50.047  13.190  1.083 0.0000000000
94531  -49.547  12.538  1.629 0.0000000000
94524  -49.850  12.580  2.814 0.0000000000
98394  -54.903  16.303  6.804 0.0000000000
97484  -54.622  15.904  6.164 0.0000000000
97476  -54.282  15.753  6.964 0.0000000000
140089  -49.872  13.382  7.081 0.0000000000
95524  -49.878  13.313  6.269 0.0000000000
136561  -48.856  12.238  6.405 0.0000000000
147796  -48.655  12.297  7.062 0.0000000000
95501  -47.650  13.435  9.939 0.0000000000
86704  -51.000  4.473  11.941 0.0000000000
87640  -50.309  5.699  12.974 0.0000000000
87645  -50.749  6.115  12.539 0.0000000000
89685  -49.936  7.484  12.565 0.0000000000
88645  -49.675  7.128  13.210 0.0000000000
98324  -60.397  15.690  14.854 0.0000000000
98325  -61.083  16.246  14.454 0.0000000000
99210  -61.694  17.787  13.008 0.0000000000
99218  -61.776  17.696  12.171 0.0000000000
99228  -61.803  17.530  11.380 0.0000000000
100107  -61.215  18.571  10.367 0.0000000000
100088  -61.187  18.778  11.208 0.0000000000
100815  -60.470  19.953  12.691 0.0000000000
100068  -59.931  19.371  12.196 0.0000000000
100067  -58.780  19.130  12.395 0.0000000000
87797  -55.534  5.479  -0.641 0.0000000000
87782  -54.811  5.161  -0.112 0.0000000000
87796  -54.372  5.588  -0.793 0.0000000000
87585  -48.837  5.926  19.166 0.0000000000
84662  -56.553  2.514  17.477 0.0000000000
135228  -56.031  2.078  16.188 0.0000000000
83648  -55.379  1.474  16.762 0.0000000000
82665  -54.285  0.590  17.442 0.0000000000
82672  -53.729  0.111  17.134 0.0000000000
81771  -53.239  -0.441  16.782 0.0000000000
81756  -53.233  -0.281  17.696 0.0000000000
79925  -44.574  -2.212  18.863 0.0000000000
80848  -44.664  -1.710  18.409 0.0000000000
80853  -45.210  -1.457  17.967 0.0000000000
81754  -44.359  -0.949  18.190 0.0000000000
82654  -44.541  0.059  17.779 0.0000000000
136730  -43.669  -0.154  18.273 0.0000000000
83630  -42.972  1.159  18.110 0.0000000000
84652  -42.285  2.402  18.052 0.0000000000
87713  -51.690  5.348  6.515 0.0000000000
87714  -52.843  5.114  6.399 0.0000000000
88757  -51.230  6.482  3.591 0.0000000000
88744  -51.924  5.905  4.046 0.0000000000
143810  -51.946  6.309  3.322 0.0000000000
88759  -53.356  6.266  3.079 0.0000000000
88772  -52.504  6.552  2.721 0.0000000000
88788  -52.787  6.912  1.833 0.0000000000
88787  -51.866  7.033  2.046 0.0000000000
89805  -50.493  7.798  2.643 0.0000000000
89817  -50.649  7.918  1.768 0.0000000000
90838  -50.383  8.617  1.250 0.0000000000
93485  -49.811  11.655  17.320 0.0000000000
93489  -49.505  11.664  16.657 0.0000000000
94440  -49.894  12.166  16.124 0.0000000000
94450  -52.483  12.773  14.305 0.0000000000
94449  -51.684  12.346  14.333 0.0000000000
150441  -52.307  12.464  13.735 0.0000000000
129459  -52.122  12.251  13.072 0.0000000000
150768  -52.691  12.619  13.242 0.0000000000
96512  -57.856  14.599  7.414 0.0000000000
147260  -57.339  14.482  6.943 0.0000000000
96520  -57.075  14.536  6.125 0.0000000000
96535  -56.401  14.514  3.595 0.0000000000
95540  -55.716  13.982  4.334 0.0000000000
95539  -54.994  13.575  4.109 0.0000000000
95545  -54.896  13.668  3.215 0.0000000000
94534  -54.006  13.224  2.356 0.0000000000
142136  -54.663  13.666  2.536 0.0000000000
95568  -54.078  14.374  1.244 0.0000000000
95558  -54.099  14.053  1.192 0.0000000000
95557  -53.537  14.096  0.590 0.0000000000
95575  -52.446  13.982  -0.676 0.0000000000
95576  -52.957  14.148  -0.086 0.0000000000
96561  -51.844  14.256  -1.137 0.0000000000
96563  -52.719  14.372  0.116 0.0000000000
97520  -53.465  15.087  1.880 0.0000000000
130810  -52.587  14.791  1.506 0.0000000000
96550  -52.621  14.820  2.403 0.0000000000
98378  -53.844  16.457  9.048 0.0000000000
98385  -53.290  16.148  9.061 0.0000000000
96492  -51.908  15.298  8.967 0.0000000000
97474  -52.152  15.102  8.280 0.0000000000
96507  -51.018  14.238  7.646 0.0000000000
95510  -50.519  14.278  8.581 0.0000000000
95509  -49.693  13.721  8.464 0.0000000000
131685  -50.396  14.599  9.448 0.0000000000
97447  -50.282  15.615  10.467 0.0000000000
97456  -49.797  14.776  10.104 0.0000000000
97446  -49.330  15.542  10.642 0.0000000000
88671  -55.198  7.348  10.379 0.0000000000
87672  -54.703  6.818  10.795 0.0000000000
88658  -53.371  7.870  11.196 0.0000000000
89713  -53.004  8.103  11.138 0.0000000000
89729  -53.564  7.812  10.443 0.0000000000
89728  -52.720  8.063  10.745 0.0000000000
88669  -50.626  7.402  10.885 0.0000000000
88685  -51.259  7.134  10.276 0.0000000000
88686  -52.261  7.312  10.003 0.0000000000
87690  -51.184  5.669  8.255 0.0000000000
88695  -50.532  6.007  8.886 0.0000000000
89741  -48.977  7.076  8.493 0.0000000000
142325  -49.369  6.622  8.007 0.0000000000
89755  -49.246  7.449  7.523 0.0000000000
89765  -49.655  7.356  6.758 0.0000000000
96436  -55.898  14.381  16.417 0.0000000000
96440  -55.457  14.104  15.563 0.0000000000
96441  -56.356  14.311  15.675 0.0000000000
97416  -58.078  14.919  13.669 0.0000000000
96456  -57.066  14.556  13.635 0.0000000000
96466  -57.485  14.686  13.021 0.0000000000
96475  -57.463  14.655  12.253 0.0000000000
97433  -58.292  14.800  11.788 0.0000000000
98329  -60.299  15.858  13.169 0.0000000000
153959  -59.618  15.544  13.376 0.0000000000
98340  -60.543  15.577  12.146 0.0000000000
97451  -61.064  15.212  9.437 0.0000000000
97435  -60.148  15.016  10.868 0.0000000000
97450  -60.261  15.021  9.910 0.0000000000
97449  -59.302  14.846  10.411 0.0000000000
97460  -59.412  14.823  9.432 0.0000000000
97468  -59.482  14.886  8.439 0.0000000000
98402  -59.630  17.047  6.343 0.0000000000
98409  -58.855  16.966  5.656 0.0000000000
98408  -58.089  17.009  4.908 0.0000000000
99295  -58.006  17.382  5.137 0.0000000000
99294  -57.548  17.398  4.760 0.0000000000
100138  -57.938  17.875  5.667 0.0000000000
100124  -58.247  18.381  7.214 0.0000000000
99279  -57.541  18.174  6.691 0.0000000000
99278  -56.650  17.869  7.122 0.0000000000
99284  -56.067  17.427  6.594 0.0000000000
99271  -56.373  17.921  8.104 0.0000000000
131068  -58.754  18.474  9.804 0.0000000000
99247  -56.682  18.209  9.685 0.0000000000
99270  -55.566  17.617  8.479 0.0000000000
99259  -55.270  17.745  9.213 0.0000000000
99244  -54.177  17.491  10.233 0.0000000000
100100  -53.860  17.860  10.985 0.0000000000
87807  -51.096  6.008  -1.404 0.0000000000
88816  -49.791  6.580  -2.309 0.0000000000
86679  -49.772  4.736  15.065 0.0000000000
86671  -49.780  4.868  15.907 0.0000000000
87622  -50.407  5.680  16.233 0.0000000000
89661  -50.990  7.025  16.944 0.0000000000
87587  -50.107  6.235  18.395 0.0000000000
87601  -50.452  5.984  17.628 0.0000000000
88616  -50.998  6.378  18.039 0.0000000000
90705  -51.673  8.217  17.842 0.0000000000
90704  -51.235  8.316  17.541 0.0000000000
90703  -50.531  8.525  17.417 0.0000000000
91638  -50.901  9.029  17.734 0.0000000000
145108  -50.288  9.884  17.876 0.0000000000
91633  -51.152  9.646  18.152 0.0000000000
93482  -51.910  11.147  18.887 0.0000000000
93481  -50.991  11.361  18.564 0.0000000000
95439  -51.868  13.020  18.181 0.0000000000
94434  -52.352  12.568  18.770 0.0000000000
138027  -54.657  10.752  21.102 0.0000000000
150531  -53.662  9.727  20.476 0.0000000000
92538  -54.168  10.452  20.602 0.0000000000
143682  -53.502  10.565  19.944 0.0000000000
92543  -54.072  10.863  20.339 0.0000000000
95428  -55.142  13.297  20.364 0.0000000000
95437  -54.244  13.179  19.816 0.0000000000
95442  -53.998  13.760  19.139 0.0000000000
149940  -53.844  13.868  18.406 0.0000000000
96421  -54.542  14.230  18.505 0.0000000000
96422  -55.396  14.406  19.069 0.0000000000
96423  -57.056  14.579  19.288 0.0000000000
96430  -57.192  14.678  18.296 0.0000000000
96424  -58.125  14.553  18.955 0.0000000000
96431  -58.179  14.663  17.973 0.0000000000
91669  -60.871  9.850  10.264 0.0000000000
90740  -60.057  8.307  11.078 0.0000000000
88675  -59.313  7.684  10.557 0.0000000000
89718  -58.372  7.890  9.909 0.0000000000
88674  -58.586  7.198  10.407 0.0000000000
87635  -58.950  5.502  14.507 0.0000000000
136077  -59.090  5.933  15.253 0.0000000000
87636  -59.460  6.363  14.640 0.0000000000
88637  -60.000  7.291  14.983 0.0000000000
89680  -60.071  7.140  13.101 0.0000000000
86709  -58.434  4.994  11.927 0.0000000000
87658  -57.975  5.115  11.168 0.0000000000
87675  -57.654  5.853  10.600 0.0000000000
86722  -57.267  5.052  10.860 0.0000000000
86707  -56.865  4.231  11.140 0.0000000000
152647  -55.629  2.791  11.988 0.0000000000
85767  -55.635  3.298  11.184 0.0000000000
85766  -54.712  3.189  10.857 0.0000000000
85780  -54.266  3.922  10.506 0.0000000000
84706  -54.240  2.452  11.298 0.0000000000
136410  -54.989  1.690  13.775 0.0000000000
83665  -54.692  1.278  14.493 0.0000000000
83674  -52.979  0.914  12.876 0.0000000000
83683  -53.578  1.419  12.340 0.0000000000
83690  -53.066  1.682  11.484 0.0000000000
83689  -52.193  1.786  11.387 0.0000000000
136054  -51.671  1.362  12.062 0.0000000000
149243  -54.459  1.151  22.421 0.0000000000
82559  -48.738  0.893  26.606 0.0000000000
82560  -49.655  0.518  26.606 0.0000000000
82552  -50.990  0.880  27.014 0.0000000000
151988  -50.477  0.360  26.547 0.0000000000
81684  -47.257  0.206  25.288 0.0000000000
81700  -47.807  -0.600  24.984 0.0000000000
81714  -50.096  -1.092  24.101 0.0000000000
81702  -49.634  -0.950  25.093 0.0000000000
81703  -50.542  -0.637  24.488 0.0000000000
82591  -50.957  -0.370  24.876 0.0000000000
82592  -51.681  -0.100  24.301 0.0000000000
140212  -51.750  -0.010  21.660 0.0000000000
82620  -51.737  -0.138  22.577 0.0000000000
82628  -52.501  0.369  21.505 0.0000000000
150333  -53.208  0.557  21.796 0.0000000000
82637  -52.605  0.373  20.615 0.0000000000
82645  -52.694  0.320  19.845 0.0000000000
81741  -52.096  0.125  20.307 0.0000000000
136367  -50.652  -1.776  19.454 0.0000000000
80842  -51.460  -1.200  19.375 0.0000000000
80850  -51.211  -1.690  18.591 0.0000000000
80856  -51.683  -1.374  17.672 0.0000000000
80855  -50.765  -2.166  17.632 0.0000000000
83655  -47.114  1.054  15.203 0.0000000000
82686  -47.808  0.556  14.861 0.0000000000
83662  -47.594  1.466  14.587 0.0000000000
151019  -48.139  1.799  14.021 0.0000000000
84681  -47.640  2.500  14.495 0.0000000000
84674  -47.023  2.944  15.097 0.0000000000
85737  -46.596  3.391  15.647 0.0000000000
153728  -44.717  2.224  17.062 0.0000000000
84660  -45.015  2.643  16.853 0.0000000000
86659  -45.702  4.679  17.151 0.0000000000
87611  -46.167  5.349  17.538 0.0000000000
87598  -46.622  5.867  18.095 0.0000000000
88795  -61.184  7.434  1.645 0.0000000000
90840  -60.025  8.237  0.763 0.0000000000
89840  -60.474  7.490  0.114 0.0000000000
89854  -60.041  7.777  -0.145 0.0000000000
88811  -59.415  6.540  -0.373 0.0000000000
154159  -59.437  7.998  -0.234 0.0000000000
89731  -55.255  7.738  9.680 0.0000000000
90756  -56.112  7.875  9.401 0.0000000000
89744  -55.554  7.833  8.982 0.0000000000
88720  -55.752  6.342  6.886 0.0000000000
87730  -54.527  5.447  5.561 0.0000000000
87745  -54.672  5.615  4.626 0.0000000000
88761  -56.013  6.268  2.863 0.0000000000
87761  -55.681  5.922  3.602 0.0000000000
88762  -56.536  6.092  3.571 0.0000000000
136185  -57.779  6.863  2.727 0.0000000000
88776  -57.181  7.101  2.017 0.0000000000
90848  -57.038  8.480  -0.560 0.0000000000
89838  -57.813  8.224  0.211 0.0000000000
90878  -57.939  8.075  -1.055 0.0000000000
90877  -57.196  8.053  -1.455 0.0000000000
89861  -57.088  7.514  -1.674 0.0000000000
153591  -56.739  7.957  -1.758 0.0000000000
90862  -55.004  8.578  -2.250 0.0000000000
90890  -55.360  7.976  -2.485 0.0000000000
90889  -54.644  8.336  -2.666 0.0000000000
88834  -54.741  7.728  -2.637 0.0000000000
150182  -54.220  8.195  -2.998 0.0000000000
89847  -53.135  8.451  -0.900 0.0000000000
90872  -53.184  8.689  -2.736 0.0000000000
90887  -53.484  8.421  -2.947 0.0000000000
89870  -53.631  8.049  -3.110 0.0000000000
89869  -52.746  8.260  -3.111 0.0000000000
89868  -51.744  8.368  -3.224 0.0000000000
89867  -50.650  8.103  -3.155 0.0000000000
88829  -50.067  7.351  -2.661 0.0000000000
90885  -50.284  8.700  -3.348 0.0000000000
87634  -50.009  5.225  14.475 0.0000000000
88636  -49.740  6.052  14.508 0.0000000000
90723  -47.988  8.250  14.086 0.0000000000
89678  -48.466  7.757  13.730 0.0000000000
89683  -48.481  7.897  12.928 0.0000000000
90729  -47.899  8.312  13.141 0.0000000000
93494  -48.687  11.029  14.711 0.0000000000
92553  -48.197  10.472  15.006 0.0000000000
93498  -48.815  11.088  13.893 0.0000000000
92562  -49.020  10.865  11.842 0.0000000000
92561  -48.470  10.657  12.477 0.0000000000
92570  -48.134  9.888  11.369 0.0000000000
90738  -47.690  9.193  11.792 0.0000000000
91676  -48.285  9.117  10.052 0.0000000000
92589  -48.801  9.990  9.925 0.0000000000
92605  -50.319  10.496  8.273 0.0000000000
92604  -49.558  10.074  8.790 0.0000000000
91688  -49.762  9.730  8.015 0.0000000000
91697  -49.866  9.324  7.305 0.0000000000
95467  -55.171  13.746  14.144 0.0000000000
95497  -54.313  13.747  11.011 0.0000000000
145631  -53.958  13.487  11.615 0.0000000000
95484  -52.935  12.940  11.294 0.0000000000
95496  -53.543  13.352  10.886 0.0000000000
96510  -55.900  14.115  7.178 0.0000000000
95513  -55.287  13.876  8.639 0.0000000000
95521  -55.249  13.782  7.781 0.0000000000
136296  -53.446  12.648  6.929 0.0000000000
95511  -53.950  13.270  8.236 0.0000000000
138254  -52.501  12.606  8.759 0.0000000000
130775  -52.577  12.527  7.982 0.0000000000
94497  -51.984  12.208  8.455 0.0000000000
93551  -52.119  11.972  7.642 0.0000000000
93565  -51.936  11.201  6.553 0.0000000000
92642  -51.473  10.619  5.338 0.0000000000
91714  -50.919  9.859  5.849 0.0000000000
91721  -51.002  9.897  4.887 0.0000000000
91720  -50.553  9.107  4.340 0.0000000000
91730  -51.062  9.916  4.036 0.0000000000
92664  -51.227  10.851  2.691 0.0000000000
92663  -50.466  10.142  2.080 0.0000000000
92670  -50.412  10.558  1.102 0.0000000000
94533  -53.343  12.924  1.825 0.0000000000
93610  -52.473  12.495  1.497 0.0000000000
93624  -51.121  12.370  -1.379 0.0000000000
92682  -50.549  11.193  -0.938 0.0000000000
91761  -51.212  10.374  -2.869 0.0000000000
92692  -50.692  11.543  -2.814 0.0000000000
93645  -49.810  11.435  -3.250 0.0000000000
92696  -50.333  10.632  -3.371 0.0000000000
91773  -49.523  9.953  -3.459 0.0000000000
90893  -49.274  9.286  -3.335 0.0000000000
91760  -48.396  9.909  -2.371 0.0000000000
94540  -48.229  12.691  0.217 0.0000000000
149150  -48.080  12.710  -0.229 0.0000000000
140332  -55.751  17.049  3.893 0.0000000000
98412  -55.489  16.738  3.178 0.0000000000
98406  -55.197  16.654  4.296 0.0000000000
97490  -53.725  15.313  5.252 0.0000000000
97498  -53.943  15.417  4.275 0.0000000000
96534  -52.345  14.590  4.318 0.0000000000
96542  -52.513  14.686  3.335 0.0000000000
97482  -53.063  15.313  6.768 0.0000000000
96525  -51.251  14.321  5.456 0.0000000000
131072  -50.390  13.464  4.720 0.0000000000
94520  -49.589  12.363  3.876 0.0000000000
93572  -48.589  11.461  5.221 0.0000000000
93582  -47.724  10.830  4.675 0.0000000000
155530  -46.970  10.662  3.781 0.0000000000
92650  -46.503  10.645  4.454 0.0000000000
92641  -47.158  10.636  5.431 0.0000000000
92629  -46.677  10.484  6.191 0.0000000000
93555  -46.937  11.007  7.682 0.0000000000
94496  -48.847  12.961  8.423 0.0000000000
93540  -47.050  11.934  9.055 0.0000000000
100079  -50.287  18.800  11.315 0.0000000000
99225  -49.008  17.726  11.068 0.0000000000
134616  -47.872  16.517  11.064 0.0000000000
85758  -50.449  4.038  12.462 0.0000000000
86690  -50.218  4.649  13.031 0.0000000000
99207  -61.331  17.321  14.424 0.0000000000
149927  -61.561  18.664  13.251 0.0000000000
100817  -61.234  19.192  11.994 0.0000000000
100803  -61.293  19.482  12.742 0.0000000000
100816  -60.882  19.853  12.597 0.0000000000
101475  -60.599  20.338  13.048 0.0000000000
87810  -55.950  5.921  -1.304 0.0000000000
88584  -48.011  6.530  20.368 0.0000000000
84653  -56.142  2.029  18.971 0.0000000000
84661  -55.947  1.943  18.049 0.0000000000
135865  -55.504  1.615  17.534 0.0000000000
82657  -54.239  0.761  18.241 0.0000000000
147468  -53.686  0.530  18.647 0.0000000000
81752  -42.738  -0.300  18.725 0.0000000000
90748  -58.276  8.357  9.484 0.0000000000
155194  -57.532  8.289  9.301 0.0000000000
90768  -57.411  8.441  8.926 0.0000000000
89746  -56.974  8.220  8.465 0.0000000000
88729  -50.777  6.288  5.580 0.0000000000
87728  -51.375  5.774  5.655 0.0000000000
88730  -51.095  6.200  5.059 0.0000000000
89796  -50.783  7.126  3.131 0.0000000000
133471  -50.352  8.392  2.951 0.0000000000
149206  -50.912  12.998  17.177 0.0000000000
94441  -50.519  12.756  16.484 0.0000000000
95453  -51.905  13.289  15.823 0.0000000000
94446  -52.047  13.016  15.001 0.0000000000
97492  -58.026  15.704  4.795 0.0000000000
96528  -57.069  14.730  4.976 0.0000000000
96537  -57.577  15.272  4.345 0.0000000000
96536  -57.082  14.877  3.925 0.0000000000
96543  -56.162  14.719  2.790 0.0000000000
95552  -55.337  14.258  2.466 0.0000000000
96558  -55.160  14.955  1.879 0.0000000000
96557  -54.618  14.739  1.630 0.0000000000
96556  -54.108  14.760  1.441 0.0000000000
97522  -54.845  15.205  1.845 0.0000000000
97521  -54.247  15.159  1.820 0.0000000000
97513  -54.310  15.466  2.325 0.0000000000
98377  -52.942  16.530  9.659 0.0000000000
97458  -51.546  15.486  9.759 0.0000000000
98375  -51.037  15.754  10.259 0.0000000000
86719  -54.712  4.878  10.435 0.0000000000
87671  -54.156  6.196  10.878 0.0000000000
87657  -53.308  7.070  11.388 0.0000000000
147985  -53.084  7.841  11.473 0.0000000000
88655  -50.752  7.607  12.282 0.0000000000
89698  -51.265  8.094  12.044 0.0000000000
89710  -50.580  7.708  11.611 0.0000000000
149759  -49.406  6.716  9.774 0.0000000000
88682  -48.995  6.891  9.422 0.0000000000
89740  -48.669  7.524  9.070 0.0000000000
96442  -57.120  14.424  15.717 0.0000000000
96443  -57.681  14.611  15.315 0.0000000000
98350  -61.183  15.849  11.670 0.0000000000
98349  -60.785  15.286  11.275 0.0000000000
98367  -61.395  15.812  10.012 0.0000000000
97462  -61.067  15.489  8.510 0.0000000000
97469  -60.287  15.358  8.001 0.0000000000
97470  -60.793  16.173  7.712 0.0000000000
98396  -60.480  17.010  7.044 0.0000000000
100140  -59.463  18.113  6.545 0.0000000000
100139  -58.795  18.051  6.152 0.0000000000
100133  -59.060  18.388  6.820 0.0000000000
151476  -58.009  18.341  8.086 0.0000000000
100104  -57.993  18.371  10.644 0.0000000000
100103  -56.423  18.240  10.526 0.0000000000
99245  -54.951  17.846  9.994 0.0000000000
100102  -55.572  18.136  10.705 0.0000000000
87793  -51.316  5.166  -0.757 0.0000000000
86670  -48.764  4.825  16.176 0.0000000000
87615  -50.559  5.830  16.934 0.0000000000
89651  -51.795  7.024  18.003 0.0000000000
90706  -51.993  8.209  18.126 0.0000000000
91634  -51.948  9.365  18.475 0.0000000000
92547  -52.420  10.118  19.058 0.0000000000
93483  -52.661  11.076  19.307 0.0000000000
93470  -55.182  11.880  21.004 0.0000000000
93479  -54.611  11.623  20.577 0.0000000000
94421  -55.187  12.418  20.791 0.0000000000
96415  -55.505  14.015  19.867 0.0000000000
96416  -56.979  14.406  20.206 0.0000000000
91660  -61.480  10.047  11.300 0.0000000000
143535  -61.332  9.701  11.822 0.0000000000
143718  -60.348  8.105  12.009 0.0000000000
88648  -59.827  7.144  12.116 0.0000000000
86686  -57.919  4.370  14.980 0.0000000000
86687  -58.432  4.772  14.364 0.0000000000
87647  -58.872  5.180  12.959 0.0000000000
86692  -58.342  4.586  13.566 0.0000000000
150642  -57.563  3.975  12.559 0.0000000000
85769  -57.003  3.596  12.040 0.0000000000
85759  -56.202  3.145  11.992 0.0000000000
84697  -55.251  2.402  12.474 0.0000000000
83664  -54.115  1.098  13.886 0.0000000000
82701  -52.524  0.520  13.483 0.0000000000
82709  -52.089  0.887  12.741 0.0000000000
82708  -51.298  0.962  12.635 0.0000000000
82700  -51.507  0.526  13.383 0.0000000000
80807  -48.078  -1.986  24.186 0.0000000000
80800  -48.433  -1.530  24.707 0.0000000000
80808  -48.992  -2.222  24.163 0.0000000000
80809  -49.641  -1.720  23.611 0.0000000000
81715  -50.826  -0.625  23.564 0.0000000000
81716  -51.256  -0.316  23.062 0.0000000000
81727  -50.902  -0.731  22.634 0.0000000000
81733  -50.837  -0.883  21.761 0.0000000000
81734  -51.171  -0.531  21.364 0.0000000000
81739  -51.078  -0.885  20.708 0.0000000000
129175  -50.213  -1.797  20.000 0.0000000000
80840  -49.895  -2.121  19.418 0.0000000000
80871  -47.505  -0.728  15.728 0.0000000000
83654  -46.480  1.518  15.582 0.0000000000
84666  -45.935  2.919  15.994 0.0000000000
90831  -60.721  8.236  1.840 0.0000000000
89822  -59.621  8.145  1.240 0.0000000000
89756  -55.080  7.407  8.490 0.0000000000
88719  -54.945  6.085  7.084 0.0000000000
87759  -54.177  6.086  3.287 0.0000000000
87760  -55.078  6.224  2.936 0.0000000000
151086  -55.567  6.643  2.377 0.0000000000
88775  -56.299  6.798  2.171 0.0000000000
88792  -56.518  7.445  1.388 0.0000000000
90863  -56.628  8.502  -1.290 0.0000000000
89851  -56.141  8.512  -0.976 0.0000000000
89850  -55.313  8.587  -1.501 0.0000000000
90861  -54.510  8.874  -2.065 0.0000000000
89846  -52.094  8.429  -0.645 0.0000000000
91769  -51.383  9.490  -3.305 0.0000000000
89674  -49.229  6.809  14.918 0.0000000000
89667  -48.738  7.531  15.418 0.0000000000
90719  -48.021  8.190  14.986 0.0000000000
90718  -47.689  8.829  14.465 0.0000000000
150886  -50.220  11.645  13.228 0.0000000000
93505  -48.975  11.174  13.083 0.0000000000
130187  -49.752  11.270  12.037 0.0000000000
93515  -49.573  11.036  11.220 0.0000000000
92579  -49.302  10.601  10.375 0.0000000000
92590  -49.439  10.347  9.548 0.0000000000
92580  -49.987  10.829  9.857 0.0000000000
133240  -55.928  14.236  12.296 0.0000000000
95487  -55.248  13.845  12.650 0.0000000000
96473  -55.354  14.042  11.902 0.0000000000
96472  -55.095  14.006  11.151 0.0000000000
96483  -54.800  13.907  10.225 0.0000000000
138539  -55.096  13.573  6.023 0.0000000000
95526  -54.494  13.314  6.657 0.0000000000
139287  -53.888  12.849  6.428 0.0000000000
94510  -53.298  12.348  6.294 0.0000000000
93560  -52.310  11.626  6.980 0.0000000000
93566  -52.631  11.738  6.203 0.0000000000
92643  -51.985  11.276  4.856 0.0000000000
93585  -52.033  11.291  4.001 0.0000000000
93609  -51.799  11.711  2.137 0.0000000000
93635  -50.743  12.756  -2.823 0.0000000000
93640  -50.167  12.216  -3.082 0.0000000000
93639  -49.452  11.949  -2.884 0.0000000000
92686  -48.756  10.973  -2.749 0.0000000000
94568  -49.312  12.851  -2.373 0.0000000000
142506  -50.752  13.858  0.413 0.0000000000
95554  -49.862  13.644  -0.136 0.0000000000
94541  -49.152  12.873  0.610 0.0000000000
98400  -55.094  16.478  5.523 0.0000000000
97489  -53.025  15.135  5.783 0.0000000000
136418  -51.388  14.397  6.865 0.0000000000
96516  -51.013  14.259  6.150 0.0000000000
95531  -49.916  13.135  5.448 0.0000000000
94516  -49.518  12.581  5.330 0.0000000000
94508  -49.060  12.115  5.660 0.0000000000
93556  -47.607  11.449  7.265 0.0000000000
141366  -48.432  13.625  9.609 0.0000000000
94490  -48.226  12.914  9.142 0.0000000000
133863  -47.355  12.635  9.480 0.0000000000
94489  -46.547  12.368  9.651 0.0000000000
86716  -51.999  4.338  10.812 0.0000000000
86706  -52.411  5.426  11.219 0.0000000000
86705  -51.616  5.172  11.573 0.0000000000
87646  -51.341  6.425  12.177 0.0000000000
88647  -50.888  7.143  12.382 0.0000000000
97411  -59.530  15.346  14.778 0.0000000000
142868  -60.461  15.980  14.009 0.0000000000
98331  -61.373  16.943  13.677 0.0000000000
98342  -61.492  16.792  12.829 0.0000000000
146261  -61.648  16.562  11.191 0.0000000000
99248  -61.714  17.499  10.160 0.0000000000
100117  -61.418  18.289  9.766 0.0000000000
100116  -60.555  18.563  9.018 0.0000000000
144784  -60.923  18.669  9.730 0.0000000000
100087  -60.237  18.856  11.470 0.0000000000
100066  -57.807  18.992  12.458 0.0000000000
87809  -53.460  5.812  -1.188 0.0000000000
153869  -48.148  5.868  18.250 0.0000000000
87599  -48.771  5.785  18.314 0.0000000000
87586  -49.287  6.031  18.816 0.0000000000
88603  -49.146  5.862  19.914 0.0000000000
88604  -50.621  6.588  18.942 0.0000000000
85733  -57.091  3.224  16.007 0.0000000000
84675  -56.756  2.978  15.147 0.0000000000
148754  -56.083  2.279  15.153 0.0000000000
132804  -54.835  1.135  15.277 0.0000000000
83647  -54.782  0.908  16.942 0.0000000000
83656  -54.872  0.998  16.167 0.0000000000
82682  -54.267  0.588  15.677 0.0000000000
82681  -53.694  0.089  16.174 0.0000000000
81781  -53.134  -0.497  15.772 0.0000000000
81780  -52.415  -0.914  15.473 0.0000000000
82590  -46.419  0.589  25.255 0.0000000000
82605  -45.419  0.797  24.548 0.0000000000
81712  -46.468  -0.604  24.416 0.0000000000
80805  -45.942  -1.132  24.040 0.0000000000
80806  -46.966  -1.606  24.022 0.0000000000
79891  -46.926  -2.306  23.246 0.0000000000
82663  -45.293  0.196  17.254 0.0000000000
139700  -45.423  0.959  16.767 0.0000000000
134442  -44.752  0.942  17.312 0.0000000000
83637  -44.303  1.778  17.371 0.0000000000
83636  -43.577  1.617  17.744 0.0000000000
84658  -43.707  2.343  17.564 0.0000000000
87701  -53.312  5.469  7.319 0.0000000000
133807  -52.986  5.295  5.540 0.0000000000
87743  -51.710  5.919  4.949 0.0000000000
87744  -52.540  5.690  4.865 0.0000000000
87758  -53.471  5.782  3.767 0.0000000000
88789  -53.663  7.078  1.744 0.0000000000
89819  -54.148  7.598  0.983 0.0000000000
138114  -53.140  7.298  0.955 0.0000000000
89818  -51.334  7.570  1.437 0.0000000000
89832  -51.637  7.910  0.482 0.0000000000
91636  -48.801  9.603  17.025 0.0000000000
92552  -48.547  10.328  16.421 0.0000000000
93488  -49.000  11.061  16.519 0.0000000000
93492  -49.320  11.594  15.888 0.0000000000
93495  -49.832  11.743  14.499 0.0000000000
94444  -50.548  12.456  15.559 0.0000000000
94448  -50.679  12.122  14.667 0.0000000000
93496  -50.399  11.792  13.895 0.0000000000
93500  -50.945  11.727  13.343 0.0000000000
93501  -51.437  11.863  12.817 0.0000000000
94471  -51.736  12.245  11.477 0.0000000000
96494  -56.784  14.328  9.192 0.0000000000
96501  -56.613  14.291  8.346 0.0000000000
142460  -56.428  14.243  7.671 0.0000000000
146202  -55.745  14.009  6.270 0.0000000000
96519  -56.380  14.333  5.638 0.0000000000
95533  -55.031  13.516  5.083 0.0000000000
94518  -54.320  12.965  4.803 0.0000000000
94521  -53.810  12.655  4.087 0.0000000000
93599  -53.106  12.348  3.197 0.0000000000
94526  -53.640  12.679  3.220 0.0000000000
155922  -53.485  13.370  1.231 0.0000000000
95551  -54.633  13.967  1.840 0.0000000000
94553  -52.901  13.634  -0.018 0.0000000000
94561  -51.771  13.935  -1.518 0.0000000000
95573  -51.462  14.188  -1.737 0.0000000000
146321  -50.961  14.253  -2.199 0.0000000000
95566  -51.312  14.241  -0.786 0.0000000000
96555  -52.354  14.547  0.577 0.0000000000
148905  -51.273  13.915  1.156 0.0000000000
95550  -51.271  13.947  2.089 0.0000000000
95538  -51.313  14.056  3.038 0.0000000000
98393  -54.357  16.009  7.590 0.0000000000
96509  -52.725  15.301  7.744 0.0000000000
97466  -52.673  15.584  8.662 0.0000000000
96508  -51.844  14.730  7.629 0.0000000000
95517  -49.428  13.211  7.807 0.0000000000
96482  -47.829  14.956  10.581 0.0000000000
88672  -56.175  7.139  10.241 0.0000000000
89716  -55.800  7.595  10.039 0.0000000000
89715  -54.897  7.636  10.161 0.0000000000
89730  -54.377  7.782  9.920 0.0000000000
89742  -53.989  7.658  9.543 0.0000000000
88657  -52.518  7.936  11.944 0.0000000000
89712  -52.275  8.464  11.396 0.0000000000
88697  -52.567  6.631  8.970 0.0000000000
87691  -51.985  5.782  8.186 0.0000000000
87699  -51.407  5.437  7.471 0.0000000000
87712  -50.887  5.565  6.941 0.0000000000
136325  -49.857  5.972  7.974 0.0000000000
154829  -50.608  5.879  6.619 0.0000000000
88718  -50.416  6.381  6.248 0.0000000000
89766  -50.068  7.290  6.144 0.0000000000
95456  -54.516  13.672  15.348 0.0000000000
95461  -55.238  13.854  14.835 0.0000000000
96454  -55.759  14.108  13.854 0.0000000000
136973  -56.679  14.350  15.005 0.0000000000
96447  -56.486  14.371  14.197 0.0000000000
96455  -56.328  14.343  13.554 0.0000000000
96474  -56.708  14.445  11.826 0.0000000000
96486  -57.577  14.556  10.449 0.0000000000
97417  -59.112  15.272  13.963 0.0000000000
150444  -58.963  15.225  13.080 0.0000000000
97427  -59.082  15.041  12.207 0.0000000000
97428  -59.968  15.198  11.743 0.0000000000
97448  -58.373  14.723  10.887 0.0000000000
96496  -58.440  14.699  9.953 0.0000000000
96495  -57.602  14.514  9.520 0.0000000000
96513  -58.584  14.754  7.961 0.0000000000
96522  -58.596  14.978  6.956 0.0000000000
129353  -59.082  15.580  6.667 0.0000000000
97485  -58.385  15.495  5.886 0.0000000000
136542  -58.342  16.177  5.196 0.0000000000
97501  -57.647  16.507  3.782 0.0000000000
98422  -57.291  16.730  3.425 0.0000000000
98414  -56.611  16.909  3.139 0.0000000000
99301  -57.309  17.127  3.844 0.0000000000
135819  -57.114  17.358  4.142 0.0000000000
99293  -57.036  17.593  4.944 0.0000000000
146266  -57.709  18.096  5.977 0.0000000000
99292  -56.263  17.375  5.454 0.0000000000
98395  -55.313  16.923  7.196 0.0000000000
100115  -59.498  18.536  8.905 0.0000000000
136757  -57.650  18.335  9.696 0.0000000000
99261  -57.165  18.219  8.736 0.0000000000
98387  -55.109  17.052  8.124 0.0000000000
98379  -54.426  16.766  8.701 0.0000000000
147852  -53.964  16.776  9.280 0.0000000000
99257  -53.721  17.024  9.760 0.0000000000
99242  -52.644  17.353  10.617 0.0000000000
85746  -48.946  3.781  14.073 0.0000000000
86685  -49.409  4.339  14.205 0.0000000000
138261  -50.123  4.981  15.048 0.0000000000
87628  -50.213  5.457  15.395 0.0000000000
89668  -49.736  6.855  15.770 0.0000000000
90709  -49.830  8.044  17.033 0.0000000000
141172  -51.459  6.635  17.809 0.0000000000
88623  -51.428  6.945  17.435 0.0000000000
90710  -50.872  7.758  17.117 0.0000000000
91642  -49.505  8.967  17.349 0.0000000000
91637  -49.495  9.849  17.514 0.0000000000
92550  -49.792  10.752  17.637 0.0000000000
93486  -50.331  11.487  17.966 0.0000000000
94432  -50.754  12.090  18.225 0.0000000000
94438  -51.096  12.731  17.923 0.0000000000
95444  -51.646  13.217  17.318 0.0000000000
95445  -52.457  13.499  17.543 0.0000000000
148194  -53.023  10.459  19.570 0.0000000000
93477  -53.319  11.237  19.710 0.0000000000
94429  -53.668  12.300  19.726 0.0000000000
95435  -53.006  12.898  19.186 0.0000000000
95441  -53.358  13.541  18.771 0.0000000000
95446  -53.328  13.768  17.840 0.0000000000
96434  -53.964  14.009  17.071 0.0000000000
96428  -54.679  14.294  17.471 0.0000000000
149558  -55.408  14.469  17.128 0.0000000000
96429  -56.341  14.624  17.473 0.0000000000
130129  -56.222  14.629  18.655 0.0000000000
96437  -58.098  14.617  17.030 0.0000000000
96438  -58.869  14.723  16.654 0.0000000000
96425  -59.125  14.657  18.586 0.0000000000
90749  -60.009  9.173  9.991 0.0000000000
90759  -59.231  8.940  9.372 0.0000000000
88673  -57.585  7.466  9.998 0.0000000000
150693  -58.998  5.606  12.078 0.0000000000
153043  -58.818  6.500  10.876 0.0000000000
136399  -57.114  6.863  10.205 0.0000000000
86720  -55.541  4.972  10.512 0.0000000000
85782  -56.034  4.143  10.784 0.0000000000
85779  -53.339  3.755  10.530 0.0000000000
84682  -55.809  2.234  14.134 0.0000000000
84690  -55.487  2.334  13.269 0.0000000000
83676  -54.323  1.500  13.038 0.0000000000
83684  -54.503  1.953  12.162 0.0000000000
84705  -53.435  2.292  11.027 0.0000000000
84718  -52.934  2.878  10.623 0.0000000000
85778  -52.455  3.564  10.596 0.0000000000
84717  -51.796  3.486  10.795 0.0000000000
84703  -51.342  3.034  11.274 0.0000000000
84702  -50.820  2.717  11.807 0.0000000000
84695  -50.171  2.934  12.475 0.0000000000
85751  -48.909  2.976  13.648 0.0000000000
83610  -54.720  1.266  21.274 0.0000000000
83534  -51.527  1.393  27.524 0.0000000000
83547  -51.857  0.871  26.810 0.0000000000
82562  -52.180  0.486  25.960 0.0000000000
82573  -48.393  0.412  26.030 0.0000000000
81701  -48.719  -0.950  25.191 0.0000000000
81686  -48.999  -0.367  25.614 0.0000000000
82575  -50.740  -0.125  25.842 0.0000000000
82577  -52.548  0.316  24.901 0.0000000000
82594  -53.308  0.612  24.289 0.0000000000
135277  -53.360  0.628  23.627 0.0000000000
82608  -51.717  -0.183  23.403 0.0000000000
82609  -52.326  0.116  22.888 0.0000000000
82610  -53.080  0.475  23.045 0.0000000000
83601  -53.570  0.683  22.414 0.0000000000
83609  -53.921  0.767  21.635 0.0000000000
82630  -54.021  0.773  20.731 0.0000000000
82638  -53.309  0.533  20.205 0.0000000000
82646  -53.352  0.499  19.318 0.0000000000
82656  -53.120  0.073  18.561 0.0000000000
131392  -51.625  -0.562  20.041 0.0000000000
129159  -52.488  -0.226  18.855 0.0000000000
143360  -52.649  -0.463  18.114 0.0000000000
148071  -52.298  -0.786  17.694 0.0000000000
80857  -52.158  -1.071  16.981 0.0000000000
80876  -51.998  -1.356  16.101 0.0000000000
130585  -48.590  -2.322  19.992 0.0000000000
79912  -49.229  -2.172  19.738 0.0000000000
79931  -49.509  -2.431  18.706 0.0000000000
79939  -49.127  -2.590  17.887 0.0000000000
79940  -49.842  -2.547  17.908 0.0000000000
151354  -50.097  -2.502  17.156 0.0000000000
80875  -51.185  -1.721  15.966 0.0000000000
81778  -50.635  -1.252  15.249 0.0000000000
85745  -48.304  3.396  14.335 0.0000000000
85739  -48.145  4.105  14.985 0.0000000000
85738  -47.341  3.809  15.353 0.0000000000
86677  -47.918  4.515  15.670 0.0000000000
86669  -47.567  4.769  16.484 0.0000000000
83645  -45.559  1.608  16.448 0.0000000000
84665  -45.479  2.377  16.465 0.0000000000
86660  -46.684  4.881  17.037 0.0000000000
130671  -47.549  5.882  18.207 0.0000000000
88601  -47.598  6.529  19.462 0.0000000000
88614  -46.124  6.461  18.505 0.0000000000
88600  -46.627  6.904  19.208 0.0000000000
87787  -60.297  6.316  0.444 0.0000000000
89823  -60.743  7.601  0.781 0.0000000000
88803  -60.604  6.961  0.161 0.0000000000
148260  -59.633  6.028  0.092 0.0000000000
87801  -58.860  5.891  -0.133 0.0000000000
147869  -58.624  6.247  -0.521 0.0000000000
88809  -57.930  6.288  -0.933 0.0000000000
89758  -56.573  7.838  7.979 0.0000000000
89757  -55.866  7.587  8.255 0.0000000000
89767  -56.943  7.403  7.219 0.0000000000
87716  -54.391  5.497  6.474 0.0000000000
87717  -55.232  5.692  6.271 0.0000000000
87746  -55.475  5.736  4.423 0.0000000000
88745  -57.013  6.160  4.587 0.0000000000
88746  -58.036  6.543  4.453 0.0000000000
88777  -58.668  7.293  2.707 0.0000000000
89821  -58.621  7.977  0.945 0.0000000000
88793  -57.499  7.721  1.143 0.0000000000
90850  -59.049  8.275  -0.116 0.0000000000
129723  -58.715  7.937  -0.522 0.0000000000
87812  -57.138  6.076  -1.050 0.0000000000
87811  -56.534  6.276  -1.439 0.0000000000
88822  -55.833  6.513  -1.861 0.0000000000
89860  -56.230  7.826  -2.124 0.0000000000
88835  -55.632  7.325  -2.297 0.0000000000
136076  -54.357  7.043  -2.428 0.0000000000
88820  -53.418  6.848  -2.197 0.0000000000
90860  -53.680  8.893  -2.049 0.0000000000
90888  -54.061  8.433  -2.952 0.0000000000
88818  -51.435  6.882  -2.341 0.0000000000
88640  -49.519  6.582  13.814 0.0000000000
130819  -49.056  7.025  14.183 0.0000000000
89695  -48.344  7.788  12.094 0.0000000000
91644  -47.854  9.804  15.250 0.0000000000
92555  -47.778  10.075  14.484 0.0000000000
91648  -47.603  9.505  14.041 0.0000000000
92558  -48.291  10.677  13.361 0.0000000000
92560  -47.794  10.128  12.875 0.0000000000
91651  -47.585  9.532  13.274 0.0000000000
90728  -47.661  8.631  12.377 0.0000000000
90739  -47.895  8.307  11.636 0.0000000000
90755  -48.317  8.135  9.822 0.0000000000
90765  -48.535  8.213  9.056 0.0000000000
91677  -48.898  9.613  9.350 0.0000000000
91687  -49.000  9.111  8.625 0.0000000000
90777  -49.399  8.469  7.396 0.0000000000
90778  -49.877  8.797  6.744 0.0000000000
144603  -50.288  8.978  6.034 0.0000000000
150102  -53.988  13.277  14.765 0.0000000000
95459  -53.947  13.070  14.131 0.0000000000
95478  -54.609  13.384  12.957 0.0000000000
95465  -53.948  13.034  13.349 0.0000000000
94464  -53.252  12.830  12.929 0.0000000000
95476  -53.056  12.976  12.134 0.0000000000
94472  -52.382  12.658  11.786 0.0000000000
94485  -52.236  12.566  10.835 0.0000000000
130707  -56.010  14.133  8.938 0.0000000000
95506  -55.386  13.997  9.523 0.0000000000
95505  -54.514  13.684  9.174 0.0000000000
95520  -54.568  13.464  7.528 0.0000000000
95504  -53.617  13.282  9.254 0.0000000000
148560  -53.366  13.229  10.030 0.0000000000
135415  -52.317  12.711  10.046 0.0000000000
94484  -51.810  12.472  10.137 0.0000000000
93542  -51.408  11.799  9.027 0.0000000000
93550  -51.470  11.634  8.103 0.0000000000
93558  -50.970  11.005  7.716 0.0000000000
92620  -51.316  10.731  6.932 0.0000000000
92631  -50.976  10.189  6.573 0.0000000000
90819  -50.399  8.696  3.570 0.0000000000
91738  -50.355  9.197  2.782 0.0000000000
92656  -50.799  10.025  3.184 0.0000000000
134826  -50.184  9.396  0.732 0.0000000000
134190  -50.266  9.564  -0.340 0.0000000000
93598  -52.688  12.204  2.614 0.0000000000
91755  -50.372  10.319  -0.817 0.0000000000
139093  -50.667  9.950  -1.541 0.0000000000
91775  -50.773  10.078  -3.373 0.0000000000
92697  -50.581  11.027  -3.115 0.0000000000
90895  -50.684  9.410  -3.468 0.0000000000
90894  -49.873  9.286  -3.464 0.0000000000
95572  -50.304  13.948  -1.932 0.0000000000
95571  -49.447  13.456  -1.485 0.0000000000
94549  -48.654  12.984  -0.749 0.0000000000
97506  -54.914  16.157  2.672 0.0000000000
97505  -54.134  15.596  3.123 0.0000000000
96541  -51.975  14.408  2.997 0.0000000000
148792  -53.782  15.529  6.955 0.0000000000
96526  -52.186  14.638  5.356 0.0000000000
96517  -51.714  14.556  6.153 0.0000000000
147429  -51.589  14.356  4.744 0.0000000000
143188  -50.778  13.792  3.872 0.0000000000
93596  -49.137  11.771  2.963 0.0000000000
93595  -48.205  11.106  3.078 0.0000000000
93583  -48.508  11.288  4.272 0.0000000000
93594  -46.966  10.959  2.997 0.0000000000
139172  -48.778  12.591  7.689 0.0000000000
94502  -48.143  12.074  7.559 0.0000000000
93548  -47.489  11.767  8.203 0.0000000000
94488  -45.752  12.113  9.825 0.0000000000
154446  -54.451  19.052  12.266 0.0000000000
100063  -53.797  18.921  12.140 0.0000000000
100082  -53.470  18.382  11.600 0.0000000000
138514  -52.291  17.976  11.184 0.0000000000
100828  -51.687  19.634  11.676 0.0000000000
153547  -51.641  18.194  11.284 0.0000000000
99240  -50.852  17.239  10.888 0.0000000000
146038  -50.130  16.976  10.853 0.0000000000
99239  -49.373  17.051  10.919 0.0000000000
97445  -48.357  15.628  10.805 0.0000000000
79881  -47.697  -2.257  23.588 0.0000000000
80820  -46.223  -1.850  23.658 0.0000000000
80835  -50.452  -1.473  20.589 0.0000000000
80846  -42.807  -1.083  18.956 0.0000000000
81746  -52.009  -0.506  19.251 0.0000000000
82606  -46.052  0.294  24.699 0.0000000000
82621  -52.185  0.189  22.191 0.0000000000
82636  -52.074  0.195  20.964 0.0000000000
82655  -52.774  0.164  19.232 0.0000000000
82679  -47.379  0.183  15.462 0.0000000000
83618  -54.572  1.109  20.364 0.0000000000
83640  -55.297  1.490  18.126 0.0000000000
83675  -53.684  1.071  13.137 0.0000000000
84704  -52.710  2.190  10.959 0.0000000000
85755  -57.381  3.651  13.877 0.0000000000
87641  -58.814  5.129  13.863 0.0000000000
87660  -59.240  6.293  11.641 0.0000000000
87715  -53.682  5.311  6.674 0.0000000000
87757  -52.818  5.701  4.157 0.0000000000
88707  -50.229  6.007  7.046 0.0000000000
88717  -49.932  6.704  6.651 0.0000000000
88760  -53.887  6.476  2.775 0.0000000000
88802  -60.151  6.563  -0.100 0.0000000000
88824  -57.200  6.695  -1.421 0.0000000000
89701  -60.825  8.988  11.887 0.0000000000
89785  -50.424  7.622  4.371 0.0000000000
89839  -58.620  8.268  0.157 0.0000000000
89852  -58.422  7.504  -0.959 0.0000000000
89853  -59.345  7.401  -0.532 0.0000000000
90747  -48.156  8.331  10.677 0.0000000000
90767  -56.707  8.178  9.026 0.0000000000
90789  -49.879  8.144  6.318 0.0000000000
90851  -59.785  8.235  0.134 0.0000000000
90875  -55.556  8.253  -2.210 0.0000000000
90876  -56.504  8.219  -1.669 0.0000000000
92549  -49.072  10.472  17.112 0.0000000000
92557  -47.764  10.160  13.701 0.0000000000
92571  -48.776  10.529  11.171 0.0000000000
92695  -49.874  10.694  -3.430 0.0000000000
93499  -49.692  11.441  12.815 0.0000000000
93517  -51.176  11.867  11.228 0.0000000000
93646  -50.223  11.395  -3.260 0.0000000000
94436  -49.903  12.237  16.837 0.0000000000
94453  -51.636  12.037  13.568 0.0000000000
94463  -52.570  12.616  12.599 0.0000000000
94492  -52.821  12.908  9.483 0.0000000000
94505  -53.287  12.782  7.652 0.0000000000
94527  -54.255  13.159  3.202 0.0000000000
94542  -53.048  13.194  0.919 0.0000000000
95448  -51.376  13.211  16.487 0.0000000000
95485  -53.465  13.223  11.680 0.0000000000
95556  -51.608  14.350  0.278 0.0000000000
95559  -54.649  14.452  1.639 0.0000000000
95567  -53.139  13.948  0.011 0.0000000000
95579  -50.096  13.647  -2.223 0.0000000000
96464  -55.819  14.136  13.129 0.0000000000
96511  -56.702  14.327  7.025 0.0000000000
96521  -57.871  14.791  6.458 0.0000000000
96545  -57.427  15.442  3.588 0.0000000000
96569  -52.314  14.233  -0.689 0.0000000000
97493  -58.006  16.472  4.471 0.0000000000
97494  -58.362  16.692  5.193 0.0000000000
97514  -55.033  15.840  2.106 0.0000000000
97516  -56.166  15.760  2.411 0.0000000000
98380  -61.432  16.037  9.118 0.0000000000
98397  -61.042  17.039  7.618 0.0000000000
98415  -57.563  16.894  3.880 0.0000000000
98416  -57.783  16.836  4.224 0.0000000000
98426  -56.394  16.287  2.573 0.0000000000
99262  -61.422  18.114  8.932 0.0000000000
99280  -59.971  17.727  6.711 0.0000000000
99281  -60.671  17.721  7.368 0.0000000000
99287  -58.454  17.661  5.710 0.0000000000
99296  -58.441  17.352  5.500 0.0000000000
99299  -56.411  17.313  4.242 0.0000000000
99300  -56.828  17.153  3.552 0.0000000000
99304  -56.977  16.963  3.306 0.0000000000
100081  -52.722  18.542  11.526 0.0000000000
131117  -60.339  8.021  0.399 0.0000000000
131470  -49.899  -1.676  22.385 0.0000000000
132161  -49.244  11.489  15.070 0.0000000000
132892  -52.722  -0.724  17.341 0.0000000000
133256  -51.263  12.534  15.062 0.0000000000
136880  -53.159  13.474  16.081 0.0000000000
137383  -57.071  14.424  7.653 0.0000000000
138120  -55.964  1.844  20.481 0.0000000000
142036  -59.774  7.607  11.336 0.0000000000
144013  -61.305  15.716  10.855 0.0000000000
145742  -50.629  -2.194  16.620 0.0000000000
147319  -49.345  -2.308  19.286 0.0000000000
148112  -56.280  14.220  10.485 0.0000000000
148192  -47.615  9.404  12.530 0.0000000000
148272  -61.122  18.531  9.148 0.0000000000
148904  -50.751  -1.048  21.111 0.0000000000
148954  -52.265  11.798  18.984 0.0000000000
149128  -47.684  9.441  14.704 0.0000000000
149423  -49.237  11.380  14.378 0.0000000000
150524  -48.194  10.242  15.718 0.0000000000
150602  -57.736  7.677  -1.333 0.0000000000
150779  -55.908  14.158  15.096 0.0000000000
150903  -48.484  7.783  9.437 0.0000000000
151187  -53.654  0.573  14.292 0.0000000000
151384  -58.274  4.757  15.595 0.0000000000
151410  -61.795  17.303  10.789 0.0000000000
152133  -54.144  5.619  3.967 0.0000000000
152286  -48.419  10.412  11.772 0.0000000000
153660  -49.706  -2.077  19.798 0.0000000000
154705  -60.346  7.757  13.670 0.0000000000
154946  -50.022  -0.107  26.225 0.0000000000
155477  -47.562  8.911  12.975 0.0000000000
