#!ascii label  , from subject sub125 vox2ras=TkReg
1682
57345  -44.907  -24.844  30.115 0.0000000000
72007  -55.885  -10.024  24.924 0.0000000000
64161  -51.924  -19.337  26.051 0.0000000000
43533  -13.473  -37.704  56.322 0.0000000000
58397  -40.198  -23.263  33.745 0.0000000000
44640  -29.684  -37.282  51.354 0.0000000000
46699  -38.417  -34.294  48.692 0.0000000000
53178  -42.531  -29.336  40.978 0.0000000000
56265  -44.329  -25.455  39.536 0.0000000000
45758  -20.431  -36.404  48.851 0.0000000000
42579  -25.393  -39.219  53.331 0.0000000000
44718  -25.479  -37.322  47.115 0.0000000000
44810  -35.033  -36.617  42.852 0.0000000000
48619  -38.173  -32.728  42.554 0.0000000000
59508  -47.061  -22.796  36.509 0.0000000000
59573  -50.979  -23.555  34.022 0.0000000000
67926  -55.025  -14.858  24.703 0.0000000000
60794  -48.728  -21.767  28.092 0.0000000000
136930  -55.109  -12.719  19.193 0.0000000000
42469  -9.420  -38.821  59.332 0.0000000000
61800  -43.354  -20.371  38.234 0.0000000000
59585  -41.369  -22.493  32.405 0.0000000000
44767  -29.699  -36.623  45.595 0.0000000000
142157  -34.108  -37.689  49.876 0.0000000000
60754  -54.493  -21.486  31.369 0.0000000000
73202  -63.048  -9.933  15.728 0.0000000000
52099  -39.851  -29.839  38.671 0.0000000000
53254  -42.231  -28.607  37.159 0.0000000000
129976  -22.802  -37.263  47.748 0.0000000000
48655  -35.522  -32.958  39.185 0.0000000000
49763  -37.573  -31.549  39.489 0.0000000000
50911  -40.287  -31.313  41.813 0.0000000000
59590  -45.834  -22.920  32.919 0.0000000000
60712  -49.360  -22.219  34.753 0.0000000000
59592  -48.193  -23.709  32.730 0.0000000000
69953  -54.548  -11.544  25.867 0.0000000000
68863  -58.115  -14.026  28.223 0.0000000000
130256  -58.170  -9.391  24.218 0.0000000000
41481  -11.119  -39.573  54.034 0.0000000000
42487  -11.432  -38.660  57.927 0.0000000000
154057  -42.657  -24.027  36.480 0.0000000000
59488  -43.928  -22.357  38.584 0.0000000000
59505  -42.460  -22.081  35.910 0.0000000000
61858  -42.450  -21.077  34.835 0.0000000000
61870  -40.559  -20.930  33.854 0.0000000000
43585  -27.718  -38.102  53.042 0.0000000000
42542  -27.321  -39.300  55.381 0.0000000000
130535  -29.088  -37.809  55.386 0.0000000000
44584  -31.744  -37.041  54.756 0.0000000000
45831  -26.807  -35.937  43.161 0.0000000000
45844  -28.821  -36.542  41.839 0.0000000000
45795  -37.363  -36.631  46.039 0.0000000000
43683  -34.572  -37.691  46.162 0.0000000000
43656  -36.821  -37.159  49.109 0.0000000000
45733  -36.120  -36.092  52.229 0.0000000000
153326  -16.448  -36.725  51.372 0.0000000000
133008  -18.555  -35.001  54.202 0.0000000000
46630  -19.254  -35.052  56.823 0.0000000000
151473  -49.993  -20.370  26.955 0.0000000000
60766  -51.837  -22.052  29.709 0.0000000000
63054  -52.520  -19.234  29.075 0.0000000000
72100  -64.783  -9.352  14.811 0.0000000000
44532  -13.412  -36.364  59.507 0.0000000000
155253  -43.716  -27.934  43.895 0.0000000000
56233  -44.270  -25.873  43.082 0.0000000000
54251  -43.794  -27.691  39.844 0.0000000000
142068  -43.403  -27.405  36.332 0.0000000000
44635  -20.395  -36.533  51.502 0.0000000000
43564  -23.410  -37.970  54.409 0.0000000000
43611  -23.004  -37.639  51.342 0.0000000000
143818  -24.977  -38.600  50.102 0.0000000000
43631  -27.118  -37.424  49.580 0.0000000000
44837  -31.791  -36.625  40.128 0.0000000000
46801  -33.701  -34.928  39.790 0.0000000000
46768  -36.321  -34.031  42.590 0.0000000000
47613  -38.451  -33.774  45.481 0.0000000000
49688  -40.239  -32.236  44.772 0.0000000000
52026  -42.905  -30.180  44.225 0.0000000000
44697  -19.166  -35.966  48.267 0.0000000000
62961  -47.453  -19.967  39.427 0.0000000000
62918  -51.433  -19.549  41.139 0.0000000000
61819  -50.387  -20.691  37.708 0.0000000000
60676  -52.430  -21.436  36.895 0.0000000000
65124  -53.076  -17.218  25.018 0.0000000000
140498  -54.170  -17.455  29.207 0.0000000000
133583  -55.678  -15.768  28.139 0.0000000000
40199  -4.235  -39.665  62.949 0.0000000000
58497  -47.105  -23.803  28.836 0.0000000000
61970  -47.312  -20.603  25.356 0.0000000000
156272  -49.779  -16.626  24.262 0.0000000000
67923  -50.115  -13.913  25.122 0.0000000000
69970  -51.226  -12.179  24.043 0.0000000000
156186  -53.403  -11.906  23.319 0.0000000000
69984  -56.156  -12.451  22.227 0.0000000000
68952  -53.472  -13.438  20.406 0.0000000000
44516  -11.414  -36.717  61.614 0.0000000000
44507  -8.271  -36.658  62.920 0.0000000000
142515  -5.050  -36.932  63.862 0.0000000000
129587  -46.996  -20.140  43.817 0.0000000000
58291  -44.776  -23.331  42.077 0.0000000000
144018  -45.285  -20.858  41.680 0.0000000000
64018  -46.263  -19.354  40.328 0.0000000000
62983  -44.775  -19.773  37.028 0.0000000000
59546  -43.853  -22.870  34.349 0.0000000000
58433  -42.769  -23.860  31.390 0.0000000000
41469  -25.074  -39.658  55.931 0.0000000000
44743  -27.292  -36.552  46.228 0.0000000000
131031  -29.812  -37.077  48.200 0.0000000000
156447  -31.746  -37.050  43.472 0.0000000000
44722  -32.116  -37.329  48.039 0.0000000000
44663  -31.685  -37.394  50.394 0.0000000000
44625  -33.900  -36.568  53.283 0.0000000000
42572  -13.091  -38.949  52.951 0.0000000000
43595  -14.634  -38.080  52.223 0.0000000000
44566  -14.754  -36.267  55.211 0.0000000000
58467  -50.390  -23.797  30.648 0.0000000000
58423  -53.247  -24.002  32.358 0.0000000000
59555  -55.819  -23.323  34.526 0.0000000000
64073  -55.037  -18.833  32.002 0.0000000000
71050  -57.948  -11.198  21.465 0.0000000000
73161  -60.063  -10.002  20.017 0.0000000000
74236  -62.092  -8.200  19.556 0.0000000000
73183  -60.626  -10.071  16.970 0.0000000000
74251  -63.961  -7.727  17.560 0.0000000000
50983  -39.198  -30.176  37.274 0.0000000000
52125  -39.727  -29.587  36.939 0.0000000000
51008  -38.469  -30.209  35.927 0.0000000000
49776  -36.595  -31.885  38.148 0.0000000000
50981  -37.724  -30.919  37.611 0.0000000000
50966  -38.703  -30.683  38.992 0.0000000000
58436  -45.251  -24.081  31.565 0.0000000000
59591  -46.756  -22.968  32.896 0.0000000000
141016  -46.085  -24.553  31.305 0.0000000000
71996  -54.618  -10.532  25.247 0.0000000000
69942  -57.035  -11.745  25.906 0.0000000000
71008  -57.453  -10.973  26.091 0.0000000000
73106  -58.033  -10.002  25.568 0.0000000000
73125  -57.434  -9.828  24.658 0.0000000000
42533  -12.172  -38.886  55.292 0.0000000000
42532  -11.484  -39.151  55.985 0.0000000000
43531  -12.096  -38.299  57.214 0.0000000000
57290  -41.975  -23.979  35.358 0.0000000000
58346  -42.641  -23.288  36.573 0.0000000000
58360  -41.021  -22.275  35.201 0.0000000000
60685  -41.173  -21.285  35.136 0.0000000000
58380  -39.908  -22.185  34.125 0.0000000000
44568  -21.336  -36.749  55.420 0.0000000000
43602  -28.274  -37.507  52.626 0.0000000000
43567  -28.782  -37.878  54.375 0.0000000000
44602  -29.675  -37.293  53.813 0.0000000000
44582  -30.295  -37.125  54.573 0.0000000000
44622  -30.650  -37.106  52.997 0.0000000000
46708  -38.078  -35.032  47.391 0.0000000000
44726  -37.565  -36.552  47.809 0.0000000000
45769  -37.956  -35.740  48.947 0.0000000000
45748  -37.473  -35.433  50.812 0.0000000000
45721  -19.223  -35.862  52.548 0.0000000000
45708  -20.007  -36.192  54.149 0.0000000000
45692  -19.975  -36.083  55.065 0.0000000000
140693  -47.873  -20.410  42.212 0.0000000000
63117  -51.226  -19.689  26.672 0.0000000000
61916  -51.313  -19.946  28.447 0.0000000000
64133  -52.203  -19.295  27.963 0.0000000000
53163  -43.074  -28.720  42.098 0.0000000000
142762  -43.749  -27.437  42.091 0.0000000000
53198  -42.795  -28.854  40.463 0.0000000000
54294  -43.135  -28.148  36.684 0.0000000000
54324  -42.138  -27.160  35.006 0.0000000000
55341  -42.631  -26.260  35.155 0.0000000000
44657  -20.629  -36.623  50.674 0.0000000000
44637  -22.140  -37.049  51.800 0.0000000000
129374  -21.433  -36.897  50.183 0.0000000000
44716  -23.570  -37.438  47.316 0.0000000000
43649  -23.964  -37.901  48.968 0.0000000000
43666  -25.596  -38.070  48.896 0.0000000000
43630  -26.500  -38.009  50.118 0.0000000000
43667  -26.225  -37.716  48.438 0.0000000000
46832  -32.675  -35.103  38.209 0.0000000000
135684  -36.846  -32.996  41.089 0.0000000000
47670  -35.716  -33.601  41.297 0.0000000000
47658  -36.653  -33.457  42.312 0.0000000000
46753  -37.017  -34.167  43.777 0.0000000000
48608  -38.083  -33.102  43.445 0.0000000000
48594  -39.669  -32.780  45.364 0.0000000000
48610  -39.457  -32.346  43.533 0.0000000000
52064  -41.031  -30.109  40.972 0.0000000000
50897  -41.392  -31.087  43.112 0.0000000000
52053  -42.306  -29.989  42.520 0.0000000000
53137  -43.292  -29.410  43.927 0.0000000000
45766  -19.323  -35.818  48.121 0.0000000000
60656  -47.026  -21.510  37.673 0.0000000000
61802  -48.989  -20.498  38.660 0.0000000000
60658  -48.988  -21.433  37.370 0.0000000000
60728  -49.698  -22.554  34.294 0.0000000000
60690  -50.692  -21.811  35.690 0.0000000000
59528  -51.590  -22.323  35.453 0.0000000000
59530  -53.240  -23.212  36.132 0.0000000000
58384  -52.605  -23.735  34.891 0.0000000000
66993  -53.732  -15.660  24.589 0.0000000000
66041  -54.607  -16.766  26.211 0.0000000000
66973  -55.884  -15.950  26.329 0.0000000000
68850  -58.585  -13.263  29.818 0.0000000000
66989  -49.277  -15.149  24.569 0.0000000000
68899  -48.948  -13.784  24.226 0.0000000000
68926  -50.169  -13.387  23.170 0.0000000000
68927  -50.943  -13.531  22.749 0.0000000000
69971  -51.892  -11.983  23.824 0.0000000000
68939  -52.558  -13.654  21.596 0.0000000000
68929  -53.960  -13.158  22.095 0.0000000000
42495  -8.943  -39.483  57.833 0.0000000000
42456  -8.095  -38.721  60.221 0.0000000000
46590  -13.042  -34.707  61.254 0.0000000000
44523  -12.535  -36.652  60.507 0.0000000000
46584  -11.929  -34.759  62.257 0.0000000000
45630  -8.991  -35.051  63.799 0.0000000000
45618  -7.714  -35.568  64.572 0.0000000000
44505  -6.525  -36.893  63.346 0.0000000000
43445  -6.925  -37.019  64.588 0.0000000000
42430  -6.635  -38.078  64.030 0.0000000000
56243  -44.455  -25.947  41.040 0.0000000000
141196  -44.473  -24.920  42.629 0.0000000000
154763  -44.615  -24.422  41.051 0.0000000000
145048  -43.711  -21.539  38.846 0.0000000000
59470  -44.657  -22.327  39.960 0.0000000000
60636  -44.678  -20.865  39.644 0.0000000000
62928  -45.506  -19.765  40.373 0.0000000000
62943  -44.569  -19.849  39.087 0.0000000000
62959  -45.675  -19.824  38.862 0.0000000000
62973  -44.295  -19.755  37.445 0.0000000000
60725  -42.229  -21.289  33.705 0.0000000000
60710  -43.526  -21.701  34.556 0.0000000000
59564  -42.576  -22.698  33.456 0.0000000000
59587  -42.937  -23.576  33.134 0.0000000000
59604  -42.166  -23.211  31.803 0.0000000000
42578  -24.631  -38.946  53.597 0.0000000000
42540  -24.471  -39.314  55.273 0.0000000000
41487  -25.246  -39.715  54.803 0.0000000000
44780  -28.289  -36.456  44.431 0.0000000000
45808  -26.953  -36.108  44.355 0.0000000000
143981  -28.740  -36.572  45.934 0.0000000000
44721  -28.165  -36.640  47.575 0.0000000000
44744  -29.631  -36.758  46.428 0.0000000000
130233  -33.196  -36.827  41.670 0.0000000000
130110  -32.140  -36.988  42.031 0.0000000000
131360  -33.068  -37.274  43.447 0.0000000000
43670  -35.042  -37.867  48.353 0.0000000000
155113  -33.257  -37.459  47.129 0.0000000000
43653  -33.498  -37.580  49.203 0.0000000000
130325  -32.154  -37.407  49.017 0.0000000000
44686  -33.197  -37.441  50.106 0.0000000000
44642  -32.627  -37.165  51.710 0.0000000000
43617  -34.131  -37.394  51.426 0.0000000000
132249  -41.086  -32.085  46.964 0.0000000000
44616  -15.768  -36.854  52.340 0.0000000000
44597  -15.585  -36.690  53.236 0.0000000000
44596  -14.864  -37.020  53.554 0.0000000000
45659  -19.858  -35.383  58.361 0.0000000000
59653  -47.634  -23.072  28.316 0.0000000000
58481  -48.713  -23.849  29.842 0.0000000000
59638  -48.976  -23.157  29.173 0.0000000000
60768  -53.364  -21.361  30.297 0.0000000000
59606  -52.822  -23.238  30.816 0.0000000000
59608  -54.353  -22.524  31.527 0.0000000000
59574  -54.666  -23.476  33.018 0.0000000000
59595  -55.210  -22.517  32.769 0.0000000000
131633  -54.836  -17.106  30.520 0.0000000000
65044  -54.557  -17.574  30.423 0.0000000000
65022  -55.286  -17.873  32.009 0.0000000000
140634  -55.727  -12.946  20.514 0.0000000000
71044  -57.399  -11.289  22.368 0.0000000000
70003  -57.086  -12.287  20.546 0.0000000000
132325  -58.917  -11.160  19.069 0.0000000000
73168  -60.164  -10.111  19.040 0.0000000000
74235  -61.316  -8.760  19.982 0.0000000000
139232  -60.774  -9.547  18.631 0.0000000000
72105  -60.673  -10.386  14.785 0.0000000000
72095  -59.430  -10.243  15.536 0.0000000000
72089  -60.862  -10.154  16.275 0.0000000000
73185  -62.740  -8.691  17.521 0.0000000000
73193  -63.338  -8.993  16.605 0.0000000000
73194  -64.504  -8.479  16.261 0.0000000000
135683  -65.970  -9.778  14.844 0.0000000000
52085  -41.485  -29.778  40.372 0.0000000000
148085  -42.421  -28.913  39.669 0.0000000000
52115  -40.741  -29.478  38.108 0.0000000000
53252  -40.957  -29.195  36.321 0.0000000000
44698  -21.301  -36.675  48.261 0.0000000000
48675  -35.552  -32.931  38.217 0.0000000000
49747  -37.067  -32.096  39.689 0.0000000000
49737  -38.109  -32.204  40.934 0.0000000000
49739  -39.407  -31.659  41.585 0.0000000000
50938  -39.096  -31.150  40.317 0.0000000000
50940  -40.247  -30.392  40.506 0.0000000000
59549  -46.418  -23.193  35.105 0.0000000000
59527  -48.325  -22.396  35.569 0.0000000000
59550  -47.401  -22.827  34.384 0.0000000000
59570  -48.565  -23.019  33.401 0.0000000000
59593  -49.181  -23.653  32.931 0.0000000000
152020  -54.410  -13.110  25.624 0.0000000000
67915  -56.720  -14.760  25.435 0.0000000000
68881  -57.972  -13.727  26.107 0.0000000000
68874  -58.580  -13.394  27.721 0.0000000000
74200  -59.400  -8.254  24.210 0.0000000000
42511  -9.975  -39.422  56.758 0.0000000000
42470  -10.250  -38.769  59.034 0.0000000000
132850  -44.241  -25.279  37.684 0.0000000000
57257  -44.337  -24.020  38.935 0.0000000000
148494  -43.639  -23.506  37.479 0.0000000000
59498  -43.194  -22.215  37.342 0.0000000000
60655  -42.922  -21.445  37.151 0.0000000000
61829  -42.911  -20.168  36.303 0.0000000000
61845  -42.577  -21.192  35.334 0.0000000000
61857  -41.081  -20.668  34.250 0.0000000000
60738  -41.052  -21.324  33.083 0.0000000000
42580  -26.309  -39.238  53.255 0.0000000000
156101  -26.896  -39.615  54.700 0.0000000000
42558  -27.397  -39.177  54.407 0.0000000000
43551  -28.339  -38.198  55.747 0.0000000000
44571  -31.581  -37.366  55.149 0.0000000000
45843  -27.847  -36.276  42.225 0.0000000000
44795  -29.352  -36.694  43.372 0.0000000000
44801  -36.253  -36.687  43.778 0.0000000000
43697  -35.229  -37.596  44.930 0.0000000000
44772  -36.709  -37.338  45.662 0.0000000000
43672  -36.621  -37.564  48.234 0.0000000000
149263  -35.602  -37.693  49.519 0.0000000000
147994  -35.414  -37.392  50.936 0.0000000000
44645  -36.455  -36.525  51.185 0.0000000000
44655  -17.925  -36.907  49.639 0.0000000000
45729  -17.945  -36.027  51.790 0.0000000000
46651  -17.579  -35.202  53.829 0.0000000000
134685  -17.673  -34.711  55.446 0.0000000000
46644  -18.840  -34.979  55.080 0.0000000000
60815  -49.013  -20.930  27.729 0.0000000000
60782  -49.973  -21.959  28.793 0.0000000000
61904  -50.836  -20.696  28.807 0.0000000000
61906  -52.190  -19.988  29.398 0.0000000000
61894  -53.421  -20.287  30.219 0.0000000000
72065  -54.330  -11.535  17.971 0.0000000000
71070  -56.485  -12.237  19.002 0.0000000000
71086  -55.764  -11.189  17.826 0.0000000000
72106  -61.636  -10.532  14.678 0.0000000000
72099  -63.472  -10.252  15.052 0.0000000000
72107  -62.684  -10.597  14.477 0.0000000000
72114  -64.266  -10.451  13.434 0.0000000000
44557  -13.880  -37.027  56.719 0.0000000000
44549  -12.991  -37.282  58.037 0.0000000000
56216  -44.588  -26.154  45.069 0.0000000000
55249  -44.077  -26.679  43.453 0.0000000000
55258  -44.144  -26.799  41.457 0.0000000000
55279  -44.222  -26.884  39.798 0.0000000000
136293  -42.779  -28.367  39.030 0.0000000000
54279  -43.979  -27.252  37.736 0.0000000000
55314  -44.290  -26.232  37.532 0.0000000000
56309  -42.853  -25.489  36.217 0.0000000000
56335  -42.488  -24.732  35.074 0.0000000000
44618  -20.960  -36.683  53.017 0.0000000000
44581  -22.182  -37.123  54.295 0.0000000000
44619  -22.051  -36.972  52.818 0.0000000000
43598  -23.469  -38.035  52.761 0.0000000000
43599  -24.168  -38.579  52.241 0.0000000000
43648  -23.333  -37.746  49.816 0.0000000000
43629  -24.394  -38.533  50.688 0.0000000000
42607  -25.447  -38.860  51.828 0.0000000000
43600  -26.825  -38.214  51.613 0.0000000000
43615  -27.464  -37.710  51.254 0.0000000000
44639  -28.790  -37.247  51.126 0.0000000000
45870  -32.163  -35.994  39.324 0.0000000000
136813  -34.171  -35.736  41.128 0.0000000000
47692  -34.704  -33.594  40.199 0.0000000000
46782  -34.721  -34.969  41.173 0.0000000000
45845  -35.390  -35.981  42.289 0.0000000000
46734  -37.047  -35.189  43.878 0.0000000000
46724  -37.875  -34.943  45.146 0.0000000000
46709  -38.343  -34.063  47.068 0.0000000000
47581  -39.327  -33.240  48.556 0.0000000000
48584  -39.397  -33.062  46.306 0.0000000000
49673  -40.124  -32.596  46.191 0.0000000000
49689  -41.575  -31.639  45.603 0.0000000000
49719  -40.723  -31.571  43.340 0.0000000000
49700  -41.538  -31.487  44.749 0.0000000000
146103  -42.706  -30.894  45.655 0.0000000000
152825  -43.189  -30.184  44.916 0.0000000000
45755  -18.749  -36.503  49.970 0.0000000000
64021  -48.849  -18.831  40.767 0.0000000000
62949  -50.184  -19.382  40.124 0.0000000000
154910  -51.017  -20.128  39.068 0.0000000000
62978  -51.924  -20.782  38.592 0.0000000000
60673  -50.416  -21.551  36.311 0.0000000000
61835  -51.593  -21.055  37.073 0.0000000000
65111  -52.935  -18.094  25.644 0.0000000000
65087  -53.252  -18.410  27.855 0.0000000000
65106  -53.813  -17.441  26.913 0.0000000000
66007  -54.486  -16.758  28.252 0.0000000000
66909  -55.624  -16.058  30.181 0.0000000000
67876  -56.894  -14.902  28.441 0.0000000000
67849  -56.771  -14.883  30.329 0.0000000000
57371  -43.849  -24.761  28.620 0.0000000000
57346  -45.732  -24.780  29.892 0.0000000000
58495  -45.442  -23.956  28.084 0.0000000000
58515  -46.201  -23.647  27.716 0.0000000000
60812  -46.843  -22.273  26.882 0.0000000000
61936  -47.771  -21.241  26.869 0.0000000000
61961  -48.464  -20.467  26.353 0.0000000000
63122  -49.514  -19.908  25.556 0.0000000000
63134  -50.278  -19.086  24.405 0.0000000000
64178  -50.771  -18.371  24.280 0.0000000000
66058  -51.298  -16.396  24.533 0.0000000000
66991  -51.855  -15.901  24.763 0.0000000000
67911  -52.348  -14.001  25.449 0.0000000000
68913  -49.403  -13.480  23.646 0.0000000000
68902  -50.898  -12.847  25.036 0.0000000000
68891  -52.509  -12.936  25.596 0.0000000000
71017  -52.467  -11.470  24.900 0.0000000000
71027  -53.197  -11.048  24.638 0.0000000000
71036  -54.260  -10.790  23.821 0.0000000000
133809  -55.747  -10.635  23.539 0.0000000000
69983  -55.270  -12.439  22.548 0.0000000000
68941  -54.632  -13.040  21.533 0.0000000000
70020  -54.239  -12.942  19.248 0.0000000000
70029  -53.704  -12.437  18.514 0.0000000000
43496  -12.383  -37.501  58.957 0.0000000000
43495  -11.546  -37.967  59.409 0.0000000000
133566  -10.388  -37.946  60.528 0.0000000000
46578  -10.791  -34.659  63.386 0.0000000000
44514  -9.642  -37.109  61.999 0.0000000000
43482  -8.657  -38.369  60.932 0.0000000000
43481  -7.704  -38.375  60.963 0.0000000000
43474  -6.419  -37.813  61.826 0.0000000000
43467  -4.441  -37.661  62.481 0.0000000000
42428  -4.658  -37.964  64.070 0.0000000000
61741  -47.712  -19.731  42.832 0.0000000000
59444  -45.114  -22.495  43.859 0.0000000000
58306  -44.620  -23.410  40.324 0.0000000000
59451  -45.033  -22.194  42.246 0.0000000000
61750  -45.656  -20.108  43.510 0.0000000000
131075  -46.710  -19.187  42.333 0.0000000000
64941  -47.321  -19.187  41.612 0.0000000000
62946  -47.095  -19.485  40.049 0.0000000000
62975  -45.957  -20.021  38.294 0.0000000000
60669  -45.669  -21.692  36.696 0.0000000000
62992  -43.827  -19.941  35.945 0.0000000000
60686  -44.520  -22.017  35.650 0.0000000000
59523  -44.879  -23.148  35.492 0.0000000000
59566  -44.163  -23.479  33.974 0.0000000000
58414  -44.543  -23.448  32.271 0.0000000000
58461  -43.508  -24.389  30.941 0.0000000000
59584  -38.920  -22.291  33.046 0.0000000000
59562  -39.116  -21.828  33.007 0.0000000000
60749  -39.437  -21.709  31.801 0.0000000000
60750  -40.089  -21.785  31.702 0.0000000000
59622  -41.121  -23.051  30.875 0.0000000000
58459  -41.308  -23.890  30.188 0.0000000000
58460  -42.211  -24.640  30.069 0.0000000000
57355  -43.441  -25.065  29.498 0.0000000000
41470  -25.959  -39.903  55.752 0.0000000000
44778  -24.737  -36.520  45.125 0.0000000000
45807  -26.362  -36.217  44.620 0.0000000000
44719  -26.361  -37.059  47.161 0.0000000000
44702  -27.507  -36.852  48.170 0.0000000000
44681  -28.451  -36.978  49.353 0.0000000000
44661  -29.449  -37.324  50.470 0.0000000000
44816  -30.099  -36.792  40.938 0.0000000000
44807  -30.537  -36.944  42.526 0.0000000000
44783  -30.756  -36.748  44.575 0.0000000000
145094  -33.676  -37.421  45.004 0.0000000000
44769  -32.079  -36.991  45.460 0.0000000000
44746  -31.406  -36.941  46.235 0.0000000000
131030  -31.158  -37.160  47.859 0.0000000000
44683  -30.717  -37.464  49.286 0.0000000000
44641  -30.526  -37.291  51.504 0.0000000000
44623  -31.342  -37.042  52.577 0.0000000000
44605  -32.686  -36.691  54.064 0.0000000000
42549  -11.927  -39.557  53.744 0.0000000000
43560  -12.979  -38.372  54.906 0.0000000000
43609  -14.630  -38.210  51.241 0.0000000000
43594  -14.054  -38.747  51.631 0.0000000000
139464  -13.953  -38.526  52.609 0.0000000000
43561  -13.698  -37.961  54.513 0.0000000000
44565  -13.922  -37.106  55.856 0.0000000000
45674  -14.780  -35.718  56.704 0.0000000000
138318  -17.973  -34.629  56.990 0.0000000000
58464  -47.468  -24.454  30.737 0.0000000000
144305  -49.131  -24.183  31.186 0.0000000000
58420  -50.678  -23.995  32.308 0.0000000000
59625  -51.484  -22.908  30.062 0.0000000000
58443  -52.272  -23.810  31.406 0.0000000000
142313  -52.671  -24.271  33.194 0.0000000000
58401  -54.130  -24.078  33.893 0.0000000000
64118  -53.529  -18.526  29.049 0.0000000000
64083  -54.111  -18.867  30.530 0.0000000000
63015  -55.000  -19.892  31.992 0.0000000000
72019  -56.660  -10.251  23.610 0.0000000000
134682  -58.303  -9.564  23.382 0.0000000000
73138  -59.142  -9.215  22.837 0.0000000000
71056  -57.766  -11.924  19.945 0.0000000000
72034  -58.945  -10.109  21.339 0.0000000000
73154  -60.172  -8.995  21.366 0.0000000000
74217  -61.601  -7.904  21.326 0.0000000000
75229  -62.417  -7.433  20.778 0.0000000000
72079  -59.486  -10.500  17.069 0.0000000000
73176  -61.503  -9.145  18.344 0.0000000000
74244  -62.992  -7.780  18.538 0.0000000000
73204  -65.211  -8.858  15.394 0.0000000000
50982  -38.534  -30.616  37.493 0.0000000000
50995  -38.656  -30.372  36.637 0.0000000000
49791  -36.908  -31.291  37.574 0.0000000000
58462  -44.592  -24.615  30.868 0.0000000000
145303  -46.177  -24.016  31.912 0.0000000000
58463  -45.545  -24.780  30.758 0.0000000000
136768  -55.539  -10.497  25.371 0.0000000000
71984  -56.632  -10.707  25.688 0.0000000000
71997  -56.292  -10.283  25.275 0.0000000000
71985  -57.730  -10.515  25.880 0.0000000000
71998  -57.105  -10.293  25.387 0.0000000000
73116  -57.630  -9.866  25.173 0.0000000000
73115  -56.749  -10.049  25.010 0.0000000000
43545  -12.915  -38.287  55.858 0.0000000000
42513  -12.193  -38.655  56.343 0.0000000000
43532  -12.768  -38.026  56.718 0.0000000000
58382  -41.310  -23.396  34.901 0.0000000000
58381  -40.501  -22.728  34.606 0.0000000000
59545  -40.488  -21.658  34.711 0.0000000000
44561  -22.060  -36.931  56.108 0.0000000000
44569  -22.112  -37.045  55.145 0.0000000000
44620  -29.054  -37.282  52.177 0.0000000000
44601  -29.029  -37.414  53.157 0.0000000000
44621  -29.782  -37.302  53.005 0.0000000000
138337  -30.071  -37.268  52.194 0.0000000000
45781  -37.878  -35.781  48.072 0.0000000000
46698  -38.214  -35.008  48.377 0.0000000000
46692  -38.433  -34.219  49.596 0.0000000000
44579  -20.659  -36.536  54.784 0.0000000000
63124  -51.111  -19.614  25.639 0.0000000000
63096  -51.420  -19.650  27.581 0.0000000000
64148  -52.099  -19.390  27.121 0.0000000000
52066  -42.534  -29.473  41.746 0.0000000000
53179  -42.961  -28.780  41.299 0.0000000000
54306  -41.601  -28.246  34.848 0.0000000000
54307  -42.388  -27.984  35.473 0.0000000000
45746  -20.528  -36.537  49.756 0.0000000000
44717  -24.541  -37.507  47.182 0.0000000000
43665  -24.863  -37.994  48.536 0.0000000000
43675  -25.100  -37.727  47.795 0.0000000000
156400  -25.554  -37.849  48.285 0.0000000000
43676  -25.943  -37.550  47.763 0.0000000000
48637  -37.549  -32.751  40.947 0.0000000000
48627  -37.152  -32.892  41.845 0.0000000000
156432  -37.672  -32.780  42.210 0.0000000000
48618  -37.347  -33.104  42.728 0.0000000000
48609  -38.932  -32.949  43.853 0.0000000000
49717  -38.874  -32.667  43.034 0.0000000000
52065  -41.997  -29.895  40.965 0.0000000000
50925  -41.846  -30.245  41.667 0.0000000000
52054  -42.906  -29.268  42.588 0.0000000000
45767  -19.652  -35.952  48.462 0.0000000000
45757  -19.736  -36.173  49.350 0.0000000000
60670  -46.587  -22.116  37.064 0.0000000000
60657  -48.005  -21.603  37.641 0.0000000000
60671  -47.516  -22.254  37.148 0.0000000000
59552  -50.465  -22.656  34.513 0.0000000000
59553  -51.220  -22.921  34.790 0.0000000000
59554  -51.869  -23.157  35.057 0.0000000000
58383  -51.950  -23.848  34.238 0.0000000000
66994  -54.454  -15.494  24.674 0.0000000000
66062  -55.041  -15.753  24.883 0.0000000000
149438  -55.614  -15.334  24.928 0.0000000000
68839  -58.827  -13.043  31.138 0.0000000000
67921  -48.693  -14.445  24.311 0.0000000000
131383  -51.931  -13.592  22.349 0.0000000000
132373  -51.864  -13.857  21.253 0.0000000000
42485  -9.610  -39.097  58.457 0.0000000000
42484  -8.719  -39.264  58.658 0.0000000000
42483  -7.824  -39.422  58.818 0.0000000000
42468  -8.446  -38.948  59.444 0.0000000000
45641  -12.368  -35.307  61.558 0.0000000000
46580  -12.319  -34.042  62.673 0.0000000000
45617  -7.150  -35.868  64.688 0.0000000000
42431  -7.542  -38.099  64.116 0.0000000000
56252  -44.494  -25.102  40.488 0.0000000000
60651  -43.426  -20.853  38.634 0.0000000000
60645  -43.917  -21.187  39.207 0.0000000000
61791  -43.792  -20.282  39.031 0.0000000000
61792  -44.831  -20.109  39.577 0.0000000000
62957  -43.822  -19.915  38.111 0.0000000000
62972  -43.357  -19.718  37.139 0.0000000000
60739  -41.844  -21.716  33.103 0.0000000000
59586  -42.228  -23.130  32.837 0.0000000000
42557  -25.115  -39.367  54.003 0.0000000000
41504  -25.823  -39.609  53.978 0.0000000000
44766  -28.999  -36.507  45.023 0.0000000000
44809  -33.820  -36.868  42.295 0.0000000000
130299  -32.929  -37.172  42.682 0.0000000000
44799  -33.699  -37.153  43.092 0.0000000000
141269  -34.429  -37.771  48.922 0.0000000000
43669  -33.671  -37.590  48.343 0.0000000000
43632  -33.881  -37.616  50.643 0.0000000000
44665  -33.288  -37.430  51.124 0.0000000000
49660  -41.816  -31.635  47.412 0.0000000000
45690  -16.214  -35.747  54.608 0.0000000000
59671  -47.997  -22.200  27.864 0.0000000000
59654  -48.476  -22.727  28.485 0.0000000000
59655  -49.255  -22.315  28.648 0.0000000000
60753  -53.882  -21.975  30.876 0.0000000000
150119  -54.667  -22.858  32.222 0.0000000000
60740  -54.862  -21.975  32.079 0.0000000000
65962  -55.376  -16.831  31.245 0.0000000000
65032  -55.034  -17.383  31.219 0.0000000000
70002  -56.456  -12.714  20.257 0.0000000000
70021  -55.973  -12.782  19.589 0.0000000000
72068  -59.449  -10.697  18.577 0.0000000000
73175  -60.085  -10.171  18.020 0.0000000000
72097  -61.246  -10.458  15.426 0.0000000000
72090  -62.062  -10.114  16.143 0.0000000000
52100  -40.637  -29.586  39.170 0.0000000000
52116  -41.299  -29.249  38.783 0.0000000000
52136  -39.658  -29.577  36.237 0.0000000000
52137  -40.118  -29.312  36.527 0.0000000000
52147  -40.183  -29.259  35.868 0.0000000000
49789  -35.424  -32.571  37.346 0.0000000000
49777  -37.341  -31.259  38.506 0.0000000000
49762  -36.804  -31.838  39.058 0.0000000000
49748  -37.681  -32.120  40.236 0.0000000000
153545  -38.040  -31.648  39.987 0.0000000000
49749  -38.422  -31.668  40.508 0.0000000000
49764  -38.444  -31.205  39.699 0.0000000000
129309  -39.317  -30.291  39.030 0.0000000000
50952  -39.187  -30.686  39.626 0.0000000000
50953  -39.898  -30.115  39.624 0.0000000000
52084  -40.743  -29.819  40.077 0.0000000000
137425  -45.942  -23.116  34.436 0.0000000000
151586  -46.635  -22.991  34.197 0.0000000000
59568  -46.248  -22.918  33.625 0.0000000000
58417  -47.168  -23.433  32.542 0.0000000000
144300  -47.553  -23.076  33.119 0.0000000000
154242  -48.044  -23.011  33.260 0.0000000000
68893  -54.958  -12.573  25.725 0.0000000000
68894  -56.065  -13.134  25.396 0.0000000000
69954  -56.723  -12.686  25.607 0.0000000000
69928  -59.075  -12.669  28.261 0.0000000000
69914  -59.150  -12.756  29.337 0.0000000000
69915  -59.615  -11.957  29.024 0.0000000000
74199  -58.790  -8.793  24.564 0.0000000000
74190  -59.428  -8.165  25.049 0.0000000000
73137  -58.870  -8.908  23.746 0.0000000000
129537  -11.457  -38.877  56.887 0.0000000000
42512  -10.784  -39.311  56.460 0.0000000000
42496  -10.701  -39.158  57.342 0.0000000000
42486  -10.524  -38.990  58.236 0.0000000000
43508  -11.093  -38.614  58.877 0.0000000000
57269  -43.060  -24.694  36.655 0.0000000000
57270  -43.915  -24.423  37.339 0.0000000000
141400  -43.185  -23.837  36.941 0.0000000000
58345  -42.157  -22.777  36.065 0.0000000000
58336  -43.136  -22.993  37.140 0.0000000000
59506  -42.768  -22.361  36.629 0.0000000000
60667  -42.887  -21.567  36.285 0.0000000000
60666  -42.264  -21.435  35.503 0.0000000000
60707  -40.757  -20.931  34.561 0.0000000000
61871  -41.092  -20.744  33.750 0.0000000000
61879  -40.669  -21.107  33.403 0.0000000000
42597  -26.816  -38.599  52.519 0.0000000000
42581  -27.187  -38.902  53.521 0.0000000000
132090  -28.391  -38.137  54.957 0.0000000000
44583  -31.051  -37.151  54.816 0.0000000000
44570  -30.710  -37.300  55.328 0.0000000000
45833  -28.615  -36.525  42.818 0.0000000000
45809  -37.187  -36.522  45.075 0.0000000000
44788  -36.530  -37.020  44.659 0.0000000000
44706  -37.197  -37.017  48.358 0.0000000000
44725  -37.112  -37.258  47.555 0.0000000000
43655  -36.090  -37.681  48.955 0.0000000000
43635  -36.156  -37.411  49.775 0.0000000000
44666  -36.027  -37.156  50.635 0.0000000000
44667  -36.772  -36.756  50.160 0.0000000000
150218  -37.293  -34.943  51.618 0.0000000000
45742  -18.139  -36.448  50.769 0.0000000000
45730  -18.618  -36.077  51.533 0.0000000000
46653  -18.837  -35.486  53.445 0.0000000000
132874  -18.017  -34.843  54.149 0.0000000000
44559  -20.585  -36.312  56.411 0.0000000000
45684  -20.046  -36.008  55.965 0.0000000000
61938  -49.458  -20.476  27.290 0.0000000000
61914  -49.881  -20.817  27.781 0.0000000000
61939  -50.256  -20.357  27.590 0.0000000000
63053  -51.935  -19.567  28.825 0.0000000000
61905  -51.513  -20.341  29.111 0.0000000000
61893  -52.745  -20.668  29.860 0.0000000000
63035  -52.894  -19.670  29.667 0.0000000000
71080  -55.232  -11.726  18.177 0.0000000000
72111  -61.111  -10.286  14.285 0.0000000000
72112  -61.985  -10.429  13.916 0.0000000000
137994  -14.100  -36.213  57.975 0.0000000000
155695  -13.813  -34.022  61.080 0.0000000000
54206  -44.000  -27.651  44.533 0.0000000000
55244  -44.224  -26.774  44.371 0.0000000000
54211  -43.879  -27.428  43.729 0.0000000000
54222  -43.814  -27.589  41.326 0.0000000000
54233  -44.042  -27.325  40.620 0.0000000000
55264  -44.298  -26.626  40.615 0.0000000000
53213  -42.036  -28.879  38.878 0.0000000000
53230  -42.617  -28.484  38.076 0.0000000000
54278  -43.303  -27.982  37.538 0.0000000000
146134  -44.224  -26.673  38.343 0.0000000000
55328  -43.926  -26.756  36.808 0.0000000000
56294  -43.951  -25.589  36.706 0.0000000000
55327  -43.311  -26.432  36.191 0.0000000000
56334  -42.519  -25.359  34.636 0.0000000000
145351  -21.174  -36.755  52.135 0.0000000000
44658  -22.186  -36.986  50.838 0.0000000000
43597  -22.793  -37.632  52.307 0.0000000000
43612  -23.413  -38.122  52.006 0.0000000000
43613  -23.868  -38.320  51.385 0.0000000000
156247  -22.338  -37.140  49.195 0.0000000000
44680  -23.009  -37.332  49.124 0.0000000000
132808  -24.187  -38.258  49.898 0.0000000000
42614  -25.083  -38.789  50.767 0.0000000000
42606  -24.752  -38.800  51.454 0.0000000000
147392  -25.602  -38.804  51.221 0.0000000000
42608  -26.156  -38.731  51.787 0.0000000000
42616  -26.294  -38.565  51.076 0.0000000000
43614  -26.804  -38.071  50.854 0.0000000000
142637  -27.311  -37.567  50.421 0.0000000000
44638  -28.009  -37.291  50.785 0.0000000000
44659  -27.834  -37.094  49.926 0.0000000000
46819  -32.924  -35.099  39.067 0.0000000000
46818  -32.000  -35.537  38.663 0.0000000000
45871  -33.102  -35.728  39.777 0.0000000000
148870  -33.384  -36.213  40.664 0.0000000000
46781  -34.032  -35.313  40.531 0.0000000000
48674  -34.832  -33.142  38.548 0.0000000000
47720  -34.597  -33.352  39.343 0.0000000000
47721  -35.134  -33.083  39.939 0.0000000000
47657  -36.003  -33.831  42.012 0.0000000000
47669  -34.928  -33.939  41.005 0.0000000000
46783  -35.421  -34.353  41.631 0.0000000000
45854  -35.279  -35.173  41.909 0.0000000000
46751  -36.051  -35.542  42.653 0.0000000000
45835  -36.590  -35.875  43.304 0.0000000000
46752  -36.556  -34.742  43.051 0.0000000000
47627  -37.939  -34.139  44.938 0.0000000000
46735  -37.509  -34.607  44.432 0.0000000000
47612  -38.066  -34.398  45.694 0.0000000000
46716  -38.103  -34.663  46.461 0.0000000000
47602  -38.277  -34.085  46.234 0.0000000000
47603  -38.775  -33.659  46.310 0.0000000000
48593  -39.013  -33.257  45.659 0.0000000000
154819  -40.363  -32.327  45.515 0.0000000000
49674  -40.867  -32.069  46.090 0.0000000000
144154  -40.887  -31.902  45.173 0.0000000000
49729  -39.679  -31.772  42.381 0.0000000000
49730  -40.304  -31.548  42.634 0.0000000000
52042  -42.081  -30.536  43.415 0.0000000000
50878  -41.476  -31.271  43.870 0.0000000000
50879  -42.159  -30.899  44.401 0.0000000000
50862  -42.164  -31.155  45.228 0.0000000000
50863  -42.779  -30.643  44.989 0.0000000000
50864  -43.307  -30.291  45.658 0.0000000000
53138  -43.623  -28.557  44.085 0.0000000000
45756  -19.324  -36.280  49.529 0.0000000000
45732  -19.528  -36.126  51.630 0.0000000000
62947  -48.113  -19.263  40.085 0.0000000000
62948  -49.198  -19.263  40.141 0.0000000000
62962  -48.511  -19.940  39.413 0.0000000000
143733  -49.474  -20.811  37.862 0.0000000000
62964  -50.421  -19.987  39.252 0.0000000000
61804  -50.736  -20.328  38.318 0.0000000000
62965  -51.410  -20.257  39.424 0.0000000000
62977  -51.364  -20.495  38.372 0.0000000000
60688  -49.045  -22.058  35.391 0.0000000000
59510  -48.628  -22.179  36.138 0.0000000000
60689  -49.902  -21.885  35.481 0.0000000000
60691  -51.375  -21.739  35.921 0.0000000000
60674  -51.201  -21.437  36.427 0.0000000000
60675  -51.844  -21.361  36.622 0.0000000000
61836  -52.173  -21.129  37.238 0.0000000000
61837  -52.621  -21.360  37.537 0.0000000000
60677  -53.033  -21.753  37.280 0.0000000000
59511  -53.563  -22.652  36.922 0.0000000000
65112  -53.642  -17.492  25.829 0.0000000000
66008  -55.016  -16.253  27.921 0.0000000000
66024  -54.727  -16.632  27.188 0.0000000000
66943  -54.968  -16.312  28.777 0.0000000000
66925  -55.011  -16.487  29.646 0.0000000000
66926  -55.542  -15.857  29.256 0.0000000000
67903  -57.645  -14.563  26.715 0.0000000000
67888  -57.031  -15.038  27.273 0.0000000000
67889  -57.542  -14.619  27.777 0.0000000000
41385  -4.057  -38.771  62.970 0.0000000000
154989  -3.060  -38.961  62.389 0.0000000000
40208  -3.892  -40.241  62.525 0.0000000000
59692  -46.168  -22.805  26.433 0.0000000000
59670  -46.526  -23.089  27.241 0.0000000000
61959  -46.877  -21.146  25.829 0.0000000000
61960  -47.705  -20.890  26.202 0.0000000000
63132  -48.861  -20.110  24.779 0.0000000000
64176  -49.127  -19.410  23.940 0.0000000000
63133  -49.668  -19.598  24.641 0.0000000000
64177  -50.026  -18.316  24.009 0.0000000000
65121  -50.401  -17.655  24.115 0.0000000000
65122  -51.180  -17.323  24.296 0.0000000000
139184  -50.297  -16.874  24.258 0.0000000000
131703  -49.999  -14.820  25.029 0.0000000000
66990  -50.825  -15.566  24.951 0.0000000000
66979  -50.710  -14.444  25.292 0.0000000000
66980  -52.181  -14.989  25.143 0.0000000000
67910  -51.457  -14.140  25.439 0.0000000000
68914  -50.730  -12.813  23.650 0.0000000000
140185  -50.202  -13.101  24.052 0.0000000000
69959  -50.774  -12.651  24.396 0.0000000000
68890  -51.539  -13.021  25.365 0.0000000000
69960  -51.326  -12.324  24.766 0.0000000000
69950  -51.937  -12.022  25.211 0.0000000000
69961  -51.845  -11.819  24.489 0.0000000000
69972  -52.688  -11.887  23.562 0.0000000000
71026  -52.480  -11.494  24.257 0.0000000000
71035  -53.095  -11.252  23.903 0.0000000000
142293  -53.590  -10.847  24.098 0.0000000000
69973  -53.828  -11.386  23.520 0.0000000000
69974  -54.736  -11.613  23.172 0.0000000000
69982  -54.238  -12.424  22.849 0.0000000000
68953  -54.100  -13.285  21.042 0.0000000000
68942  -54.859  -13.054  20.765 0.0000000000
42466  -6.851  -39.506  59.064 0.0000000000
44540  -13.179  -36.801  58.889 0.0000000000
44531  -12.821  -36.833  59.681 0.0000000000
44522  -11.801  -37.100  60.847 0.0000000000
44530  -12.095  -37.346  59.966 0.0000000000
43484  -11.267  -37.733  60.281 0.0000000000
43494  -10.680  -38.377  59.706 0.0000000000
43477  -10.943  -37.398  61.103 0.0000000000
46573  -11.127  -34.248  63.732 0.0000000000
45633  -8.683  -35.941  63.498 0.0000000000
45634  -9.603  -35.835  63.320 0.0000000000
44508  -9.215  -36.627  62.809 0.0000000000
43475  -9.170  -37.807  61.499 0.0000000000
44513  -8.737  -37.236  62.169 0.0000000000
136414  -8.256  -37.860  61.599 0.0000000000
44512  -7.833  -37.305  62.323 0.0000000000
43469  -6.955  -37.434  62.559 0.0000000000
43468  -6.070  -37.387  62.671 0.0000000000
152116  -5.650  -37.702  61.999 0.0000000000
44503  -5.000  -36.962  63.091 0.0000000000
43462  -4.496  -37.661  63.659 0.0000000000
43452  -4.657  -37.433  64.000 0.0000000000
41388  -7.553  -39.247  63.110 0.0000000000
60604  -46.984  -20.816  43.834 0.0000000000
61751  -47.503  -20.034  43.155 0.0000000000
61740  -47.221  -19.558  43.319 0.0000000000
56225  -44.374  -25.962  44.108 0.0000000000
56226  -44.884  -25.315  44.837 0.0000000000
56234  -44.533  -25.164  43.762 0.0000000000
57222  -44.674  -23.938  42.694 0.0000000000
57214  -44.752  -24.333  43.531 0.0000000000
142663  -44.913  -23.422  43.458 0.0000000000
138470  -45.178  -23.063  44.400 0.0000000000
153222  -44.782  -23.382  42.731 0.0000000000
58319  -44.253  -23.068  39.114 0.0000000000
58320  -44.477  -23.675  39.717 0.0000000000
58305  -44.482  -22.882  39.851 0.0000000000
131645  -45.221  -21.187  40.576 0.0000000000
60637  -45.082  -22.124  40.576 0.0000000000
60625  -45.161  -21.745  41.491 0.0000000000
133754  -45.151  -21.844  43.237 0.0000000000
60614  -45.207  -21.293  42.489 0.0000000000
60603  -45.394  -20.755  43.696 0.0000000000
61749  -45.422  -20.397  42.601 0.0000000000
63988  -45.982  -19.395  40.821 0.0000000000
62914  -45.833  -19.638  41.328 0.0000000000
64003  -46.389  -19.350  40.889 0.0000000000
145027  -46.984  -19.132  42.250 0.0000000000
64004  -46.923  -19.275  41.036 0.0000000000
64019  -46.957  -19.323  40.581 0.0000000000
62945  -46.226  -19.453  39.804 0.0000000000
62974  -45.185  -19.868  37.863 0.0000000000
61815  -45.532  -20.171  37.568 0.0000000000
61833  -46.061  -21.021  37.346 0.0000000000
61832  -45.195  -20.520  36.862 0.0000000000
61846  -43.317  -20.896  35.605 0.0000000000
61830  -43.429  -20.141  35.994 0.0000000000
61847  -43.854  -20.589  35.513 0.0000000000
61860  -44.018  -21.113  34.958 0.0000000000
60711  -44.242  -22.595  35.022 0.0000000000
60687  -45.229  -22.473  36.097 0.0000000000
59547  -44.516  -23.475  34.821 0.0000000000
58412  -42.781  -23.688  32.255 0.0000000000
59588  -43.810  -23.461  33.156 0.0000000000
58413  -43.541  -23.644  32.331 0.0000000000
58435  -44.130  -23.841  31.486 0.0000000000
147310  -38.387  -21.935  31.887 0.0000000000
60764  -38.810  -21.643  31.036 0.0000000000
60765  -39.542  -21.765  31.011 0.0000000000
155545  -40.130  -22.739  30.357 0.0000000000
58458  -40.558  -23.244  30.277 0.0000000000
153363  -42.715  -25.175  29.554 0.0000000000
43563  -22.775  -37.604  53.974 0.0000000000
147120  -22.778  -37.476  54.804 0.0000000000
42541  -26.659  -39.745  55.286 0.0000000000
41471  -26.872  -39.690  56.223 0.0000000000
44764  -27.090  -36.338  45.248 0.0000000000
155045  -26.652  -36.540  46.002 0.0000000000
147062  -26.716  -36.746  46.599 0.0000000000
44720  -27.264  -36.745  47.193 0.0000000000
132869  -29.008  -36.880  47.867 0.0000000000
44703  -28.316  -36.813  48.478 0.0000000000
44704  -29.125  -36.992  48.766 0.0000000000
44682  -29.268  -37.247  49.611 0.0000000000
129946  -29.928  -37.322  49.032 0.0000000000
44836  -30.798  -36.770  40.265 0.0000000000
129943  -32.103  -37.189  42.886 0.0000000000
44808  -31.343  -37.026  42.846 0.0000000000
44796  -30.624  -36.903  43.227 0.0000000000
44797  -31.072  -36.875  43.739 0.0000000000
43690  -35.286  -37.703  45.615 0.0000000000
43689  -34.515  -37.617  45.313 0.0000000000
136959  -32.580  -37.293  47.157 0.0000000000
44748  -33.111  -37.306  46.483 0.0000000000
44747  -32.314  -37.054  46.356 0.0000000000
137566  -31.723  -37.057  47.118 0.0000000000
137528  -30.739  -36.958  47.016 0.0000000000
44685  -32.302  -37.416  49.853 0.0000000000
44684  -31.512  -37.463  49.553 0.0000000000
44662  -30.887  -37.484  50.107 0.0000000000
131019  -31.083  -37.332  50.932 0.0000000000
137567  -31.263  -37.210  51.754 0.0000000000
135197  -31.854  -37.217  51.260 0.0000000000
44624  -32.897  -36.930  52.998 0.0000000000
44644  -35.725  -36.868  51.519 0.0000000000
44627  -35.283  -36.440  52.643 0.0000000000
48561  -39.854  -32.794  48.120 0.0000000000
42550  -12.470  -39.012  54.358 0.0000000000
42551  -13.198  -38.691  54.022 0.0000000000
138039  -16.358  -36.969  50.794 0.0000000000
140824  -15.811  -37.519  50.595 0.0000000000
44633  -15.862  -37.048  51.380 0.0000000000
43596  -15.239  -37.573  51.827 0.0000000000
43608  -13.818  -38.728  50.591 0.0000000000
43581  -14.473  -37.782  53.142 0.0000000000
44577  -14.770  -36.732  54.381 0.0000000000
43562  -14.311  -37.476  54.051 0.0000000000
44576  -14.093  -37.054  54.979 0.0000000000
155438  -14.334  -36.717  55.550 0.0000000000
44558  -14.475  -36.453  56.164 0.0000000000
46636  -18.409  -34.774  55.700 0.0000000000
46628  -17.871  -34.641  56.274 0.0000000000
46629  -18.645  -34.773  56.710 0.0000000000
61769  -51.426  -20.024  41.486 0.0000000000
58479  -46.464  -24.403  29.396 0.0000000000
137392  -46.518  -24.700  30.485 0.0000000000
58480  -47.325  -24.372  29.719 0.0000000000
136460  -49.105  -23.949  30.402 0.0000000000
58440  -49.845  -24.091  31.358 0.0000000000
58419  -49.902  -24.020  32.278 0.0000000000
58441  -50.577  -23.952  31.409 0.0000000000
60783  -50.593  -21.618  29.057 0.0000000000
153748  -50.378  -22.399  29.274 0.0000000000
59640  -51.043  -22.316  29.474 0.0000000000
58444  -53.157  -23.688  31.574 0.0000000000
59605  -51.959  -23.441  30.647 0.0000000000
58422  -52.439  -24.097  32.300 0.0000000000
137639  -53.088  -24.259  34.010 0.0000000000
58400  -53.709  -24.064  33.013 0.0000000000
59575  -55.490  -23.030  33.609 0.0000000000
58402  -55.029  -23.739  34.087 0.0000000000
65055  -53.629  -18.149  28.366 0.0000000000
64134  -52.980  -18.872  28.124 0.0000000000
65056  -53.765  -18.158  28.865 0.0000000000
64084  -54.647  -18.224  31.112 0.0000000000
64100  -54.259  -18.161  30.259 0.0000000000
63023  -54.530  -19.331  31.290 0.0000000000
144680  -55.791  -11.632  22.928 0.0000000000
71037  -56.603  -11.019  22.960 0.0000000000
72033  -57.954  -10.617  22.363 0.0000000000
73146  -58.604  -9.959  22.387 0.0000000000
150368  -58.436  -10.506  21.660 0.0000000000
71071  -57.323  -11.997  19.086 0.0000000000
72057  -59.424  -10.621  19.509 0.0000000000
72045  -59.206  -10.402  20.426 0.0000000000
133295  -59.679  -9.679  20.920 0.0000000000
74216  -60.751  -8.307  21.826 0.0000000000
74227  -60.987  -8.508  20.875 0.0000000000
74242  -61.428  -8.896  19.118 0.0000000000
74228  -61.912  -8.087  20.402 0.0000000000
75235  -62.634  -7.556  19.892 0.0000000000
139912  -63.124  -7.125  20.213 0.0000000000
75241  -62.781  -7.642  19.197 0.0000000000
72088  -59.990  -10.248  16.166 0.0000000000
72087  -59.304  -10.413  16.237 0.0000000000
72080  -59.946  -10.274  16.724 0.0000000000
73182  -60.372  -10.095  17.400 0.0000000000
138619  -61.098  -9.608  17.657 0.0000000000
74250  -63.295  -7.953  17.876 0.0000000000
74249  -62.434  -8.487  18.167 0.0000000000
75248  -63.658  -7.501  18.286 0.0000000000
75243  -63.815  -7.239  18.795 0.0000000000
75249  -64.056  -7.502  18.092 0.0000000000
50967  -39.138  -30.401  38.196 0.0000000000
52114  -39.817  -29.777  37.745 0.0000000000
148361  -39.258  -29.961  36.616 0.0000000000
49790  -36.139  -31.869  37.316 0.0000000000
49778  -38.032  -31.048  39.018 0.0000000000
50965  -38.276  -30.863  38.299 0.0000000000
58415  -45.537  -23.301  32.304 0.0000000000
58416  -46.384  -23.221  32.404 0.0000000000
145770  -46.849  -23.846  32.066 0.0000000000
71020  -54.891  -10.942  25.722 0.0000000000
71021  -55.874  -11.064  25.779 0.0000000000
71986  -58.640  -10.366  26.390 0.0000000000
142167  -59.005  -9.956  26.404 0.0000000000
73107  -58.924  -9.532  26.037 0.0000000000
73117  -58.458  -9.415  25.435 0.0000000000
141766  -11.806  -39.321  54.511 0.0000000000
41463  -11.186  -39.384  55.023 0.0000000000
58362  -42.156  -23.636  36.061 0.0000000000
58361  -41.620  -23.038  35.569 0.0000000000
59522  -41.749  -22.092  35.526 0.0000000000
60706  -40.191  -21.463  34.081 0.0000000000
44560  -21.243  -36.614  56.354 0.0000000000
134402  -28.467  -37.756  53.505 0.0000000000
43586  -29.129  -37.594  53.860 0.0000000000
43568  -29.529  -37.452  54.595 0.0000000000
43552  -29.960  -37.270  55.506 0.0000000000
150139  -30.263  -37.086  53.693 0.0000000000
44603  -31.001  -36.905  54.028 0.0000000000
45796  -37.775  -35.676  46.511 0.0000000000
44751  -37.476  -36.620  46.971 0.0000000000
136545  -37.770  -35.936  47.346 0.0000000000
44707  -37.613  -36.432  48.581 0.0000000000
44687  -37.467  -36.450  49.412 0.0000000000
44668  -37.397  -36.147  50.225 0.0000000000
45759  -37.886  -35.635  49.870 0.0000000000
46684  -38.083  -34.714  50.350 0.0000000000
45691  -19.276  -35.500  54.398 0.0000000000
44567  -20.611  -36.429  55.654 0.0000000000
63095  -50.636  -19.943  27.222 0.0000000000
63069  -50.880  -19.886  27.910 0.0000000000
145826  -51.966  -19.506  28.329 0.0000000000
64116  -52.544  -19.151  28.454 0.0000000000
53164  -43.255  -28.604  42.736 0.0000000000
54215  -43.428  -28.057  42.493 0.0000000000
54221  -43.402  -28.129  41.701 0.0000000000
54232  -43.468  -28.144  40.726 0.0000000000
53253  -41.690  -28.794  36.562 0.0000000000
53244  -42.856  -28.356  37.363 0.0000000000
54293  -42.395  -28.433  36.235 0.0000000000
54308  -43.028  -27.940  35.961 0.0000000000
55342  -42.857  -27.100  35.662 0.0000000000
140266  -42.757  -26.130  35.845 0.0000000000
44636  -21.338  -36.777  51.309 0.0000000000
152025  -21.417  -36.798  50.763 0.0000000000
43628  -22.919  -37.516  50.483 0.0000000000
44700  -23.308  -37.547  48.251 0.0000000000
43664  -24.193  -37.813  47.979 0.0000000000
43650  -24.840  -38.323  49.317 0.0000000000
42622  -25.680  -38.320  49.667 0.0000000000
42615  -25.802  -38.594  50.492 0.0000000000
43651  -26.382  -37.884  49.206 0.0000000000
43668  -26.957  -37.326  48.717 0.0000000000
48635  -35.917  -32.944  40.062 0.0000000000
47693  -35.417  -33.329  40.577 0.0000000000
47694  -36.149  -33.078  40.858 0.0000000000
47671  -36.424  -33.298  41.577 0.0000000000
149070  -37.369  -33.553  43.451 0.0000000000
47647  -37.744  -33.738  44.161 0.0000000000
47648  -38.382  -33.306  44.183 0.0000000000
142396  -38.875  -33.164  44.806 0.0000000000
48599  -39.586  -32.646  44.350 0.0000000000
49698  -40.064  -31.982  43.935 0.0000000000
50924  -41.118  -30.805  41.692 0.0000000000
50912  -40.967  -31.247  42.476 0.0000000000
50913  -41.677  -30.729  42.442 0.0000000000
52043  -42.832  -29.762  43.293 0.0000000000
53150  -43.288  -28.964  43.284 0.0000000000
138574  -19.547  -36.151  49.047 0.0000000000
45745  -19.877  -36.271  50.129 0.0000000000
61801  -47.931  -20.566  38.786 0.0000000000
61818  -48.487  -20.919  38.040 0.0000000000
60659  -49.951  -21.214  37.106 0.0000000000
60713  -50.175  -22.097  34.925 0.0000000000
60714  -50.907  -22.131  35.176 0.0000000000
60692  -52.042  -21.852  36.181 0.0000000000
60693  -52.742  -22.184  36.546 0.0000000000
59529  -52.368  -22.878  35.714 0.0000000000
58363  -53.087  -23.614  35.401 0.0000000000
66060  -53.395  -16.434  24.709 0.0000000000
66048  -54.225  -16.840  25.534 0.0000000000
66049  -54.890  -16.374  25.441 0.0000000000
66042  -55.273  -16.369  26.252 0.0000000000
66025  -55.489  -16.097  27.142 0.0000000000
68849  -57.961  -13.842  29.277 0.0000000000
67877  -57.442  -14.444  28.812 0.0000000000
136834  -57.992  -13.707  30.470 0.0000000000
75211  -61.976  -6.890  22.725 0.0000000000
61980  -46.908  -20.120  24.475 0.0000000000
66988  -48.469  -15.418  24.131 0.0000000000
135265  -49.983  -15.961  24.642 0.0000000000
67922  -49.429  -14.194  24.731 0.0000000000
68915  -51.418  -12.748  23.385 0.0000000000
69980  -52.395  -12.827  23.087 0.0000000000
68928  -52.978  -13.385  22.291 0.0000000000
68940  -53.312  -13.489  21.381 0.0000000000
42467  -7.657  -39.080  59.550 0.0000000000
45649  -13.149  -36.124  60.144 0.0000000000
45645  -12.768  -35.731  60.844 0.0000000000
45644  -12.142  -36.290  61.247 0.0000000000
45640  -11.649  -35.741  61.893 0.0000000000
135433  -9.799  -34.637  64.193 0.0000000000
130260  -8.077  -35.075  63.917 0.0000000000
45632  -7.768  -35.986  63.654 0.0000000000
44506  -7.370  -36.766  63.146 0.0000000000
44499  -6.940  -36.067  63.833 0.0000000000
45628  -6.569  -36.062  64.217 0.0000000000
44493  -5.980  -36.846  64.225 0.0000000000
43453  -5.268  -37.269  64.202 0.0000000000
43455  -7.099  -37.454  64.418 0.0000000000
56239  -44.259  -25.872  42.032 0.0000000000
56244  -44.524  -25.090  41.508 0.0000000000
57231  -44.625  -24.210  41.828 0.0000000000
59481  -44.159  -22.103  39.354 0.0000000000
143880  -44.683  -21.688  39.757 0.0000000000
61766  -45.370  -20.233  41.162 0.0000000000
61782  -45.192  -20.428  40.188 0.0000000000
148733  -45.283  -19.707  39.708 0.0000000000
62944  -45.540  -19.635  39.520 0.0000000000
62958  -44.821  -19.775  38.471 0.0000000000
60709  -42.644  -21.237  34.403 0.0000000000
61859  -43.412  -21.065  34.978 0.0000000000
60726  -43.049  -22.048  33.975 0.0000000000
59565  -43.352  -23.154  33.722 0.0000000000
43565  -23.998  -38.503  53.985 0.0000000000
43549  -23.946  -38.572  54.832 0.0000000000
42556  -24.520  -39.160  54.388 0.0000000000
42522  -27.674  -39.187  56.517 0.0000000000
145872  -27.152  -36.076  43.379 0.0000000000
45820  -27.080  -36.044  43.827 0.0000000000
44779  -27.523  -36.273  44.558 0.0000000000
153836  -27.652  -36.356  45.145 0.0000000000
142731  -27.834  -36.434  45.719 0.0000000000
143996  -28.038  -36.481  46.636 0.0000000000
138195  -28.891  -36.747  46.952 0.0000000000
137529  -29.807  -36.932  47.273 0.0000000000
44838  -32.476  -36.587  40.574 0.0000000000
44818  -31.783  -36.833  41.066 0.0000000000
44798  -32.395  -37.234  43.475 0.0000000000
135794  -35.139  -37.864  47.755 0.0000000000
44724  -33.855  -37.526  46.713 0.0000000000
145840  -34.460  -37.744  48.004 0.0000000000
129408  -33.031  -37.473  47.797 0.0000000000
44705  -32.863  -37.486  48.622 0.0000000000
44664  -32.486  -37.340  50.727 0.0000000000
143790  -33.499  -37.024  52.124 0.0000000000
44617  -16.504  -36.561  51.955 0.0000000000
44615  -15.069  -37.295  52.715 0.0000000000
45668  -19.738  -35.444  57.333 0.0000000000
46620  -19.179  -34.908  57.703 0.0000000000
58498  -48.070  -23.672  29.150 0.0000000000
58482  -49.487  -23.484  29.787 0.0000000000
60767  -52.604  -21.725  30.000 0.0000000000
59626  -52.351  -22.679  30.230 0.0000000000
60752  -53.184  -22.385  30.459 0.0000000000
59607  -53.620  -22.934  31.157 0.0000000000
58445  -54.021  -23.485  32.015 0.0000000000
65976  -54.618  -16.991  29.871 0.0000000000
153935  -54.463  -17.326  29.936 0.0000000000
71043  -56.731  -11.909  22.419 0.0000000000
156075  -56.677  -12.312  21.929 0.0000000000
71049  -57.213  -11.971  21.557 0.0000000000
147053  -57.614  -11.767  20.785 0.0000000000
73162  -60.492  -9.226  20.454 0.0000000000
73169  -60.723  -9.410  19.513 0.0000000000
72104  -59.775  -10.192  14.896 0.0000000000
72096  -60.239  -10.357  15.448 0.0000000000
73192  -61.780  -9.587  17.114 0.0000000000
74259  -63.585  -8.178  17.298 0.0000000000
74260  -64.225  -8.198  16.938 0.0000000000
72109  -65.221  -9.679  14.156 0.0000000000
150942  -65.541  -9.371  14.903 0.0000000000
143200  -42.187  -29.483  40.306 0.0000000000
52101  -41.548  -29.422  39.596 0.0000000000
53229  -41.705  -28.996  38.042 0.0000000000
52126  -40.395  -29.368  37.151 0.0000000000
53243  -41.291  -29.113  37.228 0.0000000000
45768  -20.349  -36.152  47.996 0.0000000000
137179  -22.792  -36.982  47.059 0.0000000000
44740  -24.056  -37.220  46.526 0.0000000000
48673  -34.302  -33.270  37.848 0.0000000000
136696  -34.961  -33.024  37.800 0.0000000000
49775  -36.121  -32.509  37.862 0.0000000000
49761  -36.260  -32.556  38.611 0.0000000000
48656  -36.463  -32.637  39.437 0.0000000000
48636  -36.926  -32.861  40.246 0.0000000000
48628  -38.036  -32.492  41.719 0.0000000000
49728  -38.879  -32.187  42.205 0.0000000000
49738  -38.622  -31.921  41.327 0.0000000000
49750  -39.083  -31.524  40.924 0.0000000000
50939  -39.761  -31.073  40.927 0.0000000000
135222  -39.629  -30.671  40.207 0.0000000000
129421  -40.489  -30.729  41.168 0.0000000000
59525  -46.587  -23.149  35.912 0.0000000000
59509  -47.911  -22.534  36.365 0.0000000000
59526  -47.450  -22.850  35.532 0.0000000000
59551  -48.398  -22.416  34.635 0.0000000000
59569  -47.148  -22.939  33.565 0.0000000000
130156  -48.006  -22.682  33.695 0.0000000000
60727  -48.866  -22.615  34.080 0.0000000000
59571  -49.369  -23.085  33.633 0.0000000000
59572  -50.165  -23.230  33.805 0.0000000000
67913  -54.339  -14.013  25.146 0.0000000000
67927  -55.931  -14.718  24.893 0.0000000000
143515  -56.289  -14.026  25.067 0.0000000000
149724  -57.424  -14.418  25.907 0.0000000000
68873  -58.171  -14.031  27.182 0.0000000000
152514  -57.469  -12.926  25.738 0.0000000000
68882  -58.386  -13.308  26.826 0.0000000000
68864  -58.603  -13.390  28.737 0.0000000000
69902  -59.133  -12.759  30.268 0.0000000000
73108  -59.833  -8.943  26.557 0.0000000000
153601  -59.942  -7.724  24.621 0.0000000000
74207  -59.656  -8.491  23.330 0.0000000000
155914  -10.792  -39.412  55.721 0.0000000000
141138  -9.824  -39.315  57.617 0.0000000000
146986  -10.056  -38.612  59.524 0.0000000000
146154  -44.261  -25.143  38.319 0.0000000000
56280  -44.251  -24.927  38.878 0.0000000000
57266  -44.275  -24.516  38.136 0.0000000000
58329  -44.187  -23.493  38.117 0.0000000000
58328  -43.674  -22.686  37.768 0.0000000000
59487  -43.466  -21.653  38.012 0.0000000000
60650  -42.989  -20.673  37.711 0.0000000000
153126  -42.762  -20.109  37.222 0.0000000000
131810  -42.745  -20.494  36.808 0.0000000000
61828  -43.149  -21.168  36.001 0.0000000000
60708  -41.551  -20.876  34.832 0.0000000000
61872  -41.715  -20.678  34.165 0.0000000000
60724  -41.598  -20.936  33.510 0.0000000000
137429  -26.691  -39.533  54.039 0.0000000000
43566  -27.984  -38.323  54.100 0.0000000000
43550  -27.886  -38.618  55.068 0.0000000000
42543  -27.840  -38.646  55.918 0.0000000000
42523  -28.392  -38.523  56.605 0.0000000000
132557  -30.372  -37.379  55.935 0.0000000000
45842  -27.038  -35.929  42.616 0.0000000000
45832  -27.713  -36.264  43.159 0.0000000000
44794  -28.436  -36.499  43.676 0.0000000000
44781  -29.179  -36.560  44.220 0.0000000000
138657  -35.363  -36.968  43.580 0.0000000000
44800  -34.440  -37.101  43.433 0.0000000000
44787  -35.705  -37.286  44.367 0.0000000000
44771  -35.964  -37.534  45.139 0.0000000000
43684  -35.422  -37.785  46.391 0.0000000000
44750  -36.991  -37.362  46.653 0.0000000000
43678  -36.476  -37.731  47.363 0.0000000000
43677  -35.673  -37.861  47.198 0.0000000000
43671  -35.812  -37.860  48.115 0.0000000000
141474  -35.324  -37.813  48.931 0.0000000000
43654  -34.941  -37.795  49.695 0.0000000000
43633  -34.713  -37.645  50.641 0.0000000000
45747  -36.995  -36.131  50.802 0.0000000000
45734  -36.834  -35.605  51.708 0.0000000000
147701  -36.470  -35.144  52.889 0.0000000000
44654  -17.102  -36.935  50.286 0.0000000000
44634  -17.113  -36.485  51.331 0.0000000000
45719  -17.890  -35.763  52.492 0.0000000000
45718  -17.267  -36.088  52.281 0.0000000000
45705  -16.847  -35.680  53.839 0.0000000000
46641  -16.947  -35.175  54.583 0.0000000000
46642  -17.554  -34.862  54.660 0.0000000000
46643  -18.177  -34.769  54.845 0.0000000000
46637  -19.059  -35.005  56.013 0.0000000000
45683  -19.442  -35.513  55.478 0.0000000000
45676  -19.595  -35.514  56.408 0.0000000000
60814  -48.260  -21.262  27.440 0.0000000000
60795  -49.511  -21.468  28.223 0.0000000000
60796  -50.242  -21.159  28.400 0.0000000000
60784  -51.287  -21.337  29.298 0.0000000000
61892  -52.014  -21.018  29.569 0.0000000000
61886  -53.987  -20.914  30.752 0.0000000000
70030  -54.608  -12.283  18.542 0.0000000000
70031  -55.602  -12.288  18.805 0.0000000000
71081  -56.126  -11.772  18.370 0.0000000000
72098  -62.321  -10.498  15.283 0.0000000000
72108  -63.897  -10.463  14.243 0.0000000000
73213  -62.726  -10.269  13.398 0.0000000000
72113  -63.152  -10.518  13.738 0.0000000000
44556  -13.298  -37.497  57.150 0.0000000000
44550  -13.755  -36.916  57.584 0.0000000000
143978  -13.649  -36.738  58.305 0.0000000000
149926  -13.415  -35.156  60.487 0.0000000000
132084  -43.735  -27.387  42.934 0.0000000000
55253  -44.016  -26.671  42.512 0.0000000000
56251  -44.407  -26.062  40.160 0.0000000000
152312  -44.298  -26.186  39.424 0.0000000000
140128  -43.128  -28.339  39.814 0.0000000000
54250  -43.391  -27.919  39.213 0.0000000000
54263  -43.360  -27.910  38.433 0.0000000000
54264  -43.962  -27.304  38.905 0.0000000000
55295  -44.203  -26.591  39.016 0.0000000000
56279  -44.269  -25.821  38.593 0.0000000000
56325  -42.605  -25.447  35.656 0.0000000000
57277  -42.380  -24.615  36.059 0.0000000000
57302  -41.106  -23.839  34.042 0.0000000000
44580  -21.443  -36.825  54.537 0.0000000000
44600  -22.284  -37.199  53.598 0.0000000000
43582  -22.802  -37.568  53.176 0.0000000000
43583  -23.440  -37.995  53.580 0.0000000000
43584  -24.096  -38.456  53.168 0.0000000000
42596  -24.813  -38.895  52.827 0.0000000000
44678  -21.522  -36.885  49.236 0.0000000000
44679  -22.359  -37.300  49.846 0.0000000000
137831  -23.625  -38.008  50.604 0.0000000000
155228  -24.969  -38.894  52.163 0.0000000000
151490  -25.720  -38.968  52.514 0.0000000000
155232  -26.369  -38.380  50.628 0.0000000000
43601  -27.535  -37.834  52.131 0.0000000000
43616  -28.145  -37.374  51.702 0.0000000000
152783  -32.605  -36.281  40.050 0.0000000000
44820  -34.017  -36.369  41.575 0.0000000000
44821  -34.579  -36.450  42.209 0.0000000000
47719  -33.921  -33.856  38.976 0.0000000000
47691  -34.085  -34.004  39.697 0.0000000000
46802  -34.357  -34.420  40.406 0.0000000000
45853  -34.721  -35.822  41.679 0.0000000000
45834  -35.895  -36.366  42.973 0.0000000000
45822  -36.889  -36.183  44.193 0.0000000000
45823  -37.423  -35.558  44.668 0.0000000000
45810  -37.629  -35.761  45.531 0.0000000000
140184  -37.925  -35.087  45.852 0.0000000000
146081  -38.369  -34.398  47.898 0.0000000000
47592  -38.789  -33.787  48.013 0.0000000000
48574  -39.056  -33.417  47.112 0.0000000000
48575  -39.880  -32.784  47.165 0.0000000000
48585  -40.582  -32.407  47.293 0.0000000000
49675  -41.660  -31.721  46.451 0.0000000000
145682  -42.270  -31.376  46.719 0.0000000000
156074  -39.333  -32.087  42.887 0.0000000000
49718  -39.870  -31.804  43.157 0.0000000000
49699  -40.846  -31.786  44.291 0.0000000000
50844  -42.244  -31.328  46.005 0.0000000000
50845  -42.886  -30.848  46.482 0.0000000000
150016  -43.605  -29.431  44.906 0.0000000000
45743  -18.910  -36.349  50.741 0.0000000000
45744  -19.507  -36.369  50.236 0.0000000000
136044  -19.094  -36.188  51.269 0.0000000000
45722  -20.059  -36.314  53.238 0.0000000000
64007  -49.844  -18.668  40.975 0.0000000000
62963  -49.527  -19.951  39.354 0.0000000000
62950  -50.940  -19.555  40.121 0.0000000000
62951  -51.353  -19.686  40.457 0.0000000000
60672  -48.415  -22.053  36.909 0.0000000000
134992  -49.393  -21.789  36.379 0.0000000000
61834  -50.853  -21.111  37.038 0.0000000000
61821  -51.810  -20.861  37.722 0.0000000000
61822  -52.316  -21.124  37.909 0.0000000000
64168  -52.288  -18.699  25.338 0.0000000000
64162  -52.632  -18.852  26.440 0.0000000000
65105  -53.272  -18.187  26.904 0.0000000000
65088  -53.649  -17.777  27.777 0.0000000000
66006  -54.032  -17.336  28.477 0.0000000000
66040  -54.195  -16.947  26.848 0.0000000000
66023  -54.058  -17.110  27.636 0.0000000000
135124  -54.468  -16.879  29.125 0.0000000000
65977  -55.154  -16.647  30.455 0.0000000000
66896  -55.801  -16.222  31.110 0.0000000000
66974  -56.412  -15.553  25.911 0.0000000000
66960  -56.364  -15.614  26.991 0.0000000000
66927  -56.187  -15.286  28.838 0.0000000000
67862  -56.761  -14.860  29.351 0.0000000000
139304  -56.153  -15.413  29.786 0.0000000000
66910  -56.277  -15.554  30.760 0.0000000000
43471  -3.652  -37.947  62.191 0.0000000000
57356  -44.374  -24.872  29.448 0.0000000000
57357  -45.116  -24.753  29.451 0.0000000000
58478  -45.649  -24.433  29.030 0.0000000000
58496  -46.311  -23.945  28.516 0.0000000000
59652  -46.833  -23.317  28.076 0.0000000000
131134  -47.246  -22.622  27.601 0.0000000000
60813  -47.602  -21.878  27.181 0.0000000000
60834  -46.502  -21.931  26.126 0.0000000000
60835  -47.201  -21.538  26.534 0.0000000000
61937  -48.151  -20.807  26.859 0.0000000000
130213  -48.683  -20.515  27.128 0.0000000000
61962  -49.179  -19.993  26.584 0.0000000000
61971  -48.220  -20.485  25.478 0.0000000000
63115  -48.852  -20.101  25.787 0.0000000000
63116  -50.291  -19.960  26.244 0.0000000000
63123  -50.316  -19.628  25.198 0.0000000000
64166  -51.003  -19.172  24.780 0.0000000000
154968  -49.713  -19.007  24.055 0.0000000000
64167  -51.626  -19.124  25.217 0.0000000000
64179  -51.586  -18.457  24.636 0.0000000000
65123  -52.286  -17.656  24.693 0.0000000000
66059  -51.845  -16.786  24.517 0.0000000000
153695  -50.721  -16.407  24.468 0.0000000000
143479  -52.550  -16.635  24.670 0.0000000000
66992  -52.851  -15.786  24.647 0.0000000000
67924  -53.139  -14.938  24.899 0.0000000000
67925  -54.059  -14.857  24.715 0.0000000000
68900  -49.758  -13.605  24.479 0.0000000000
68889  -50.814  -13.547  25.248 0.0000000000
67912  -53.334  -13.996  25.296 0.0000000000
68892  -53.505  -13.014  25.691 0.0000000000
69951  -52.806  -12.002  25.523 0.0000000000
69952  -53.810  -11.983  25.791 0.0000000000
71018  -53.160  -11.347  25.241 0.0000000000
71019  -53.909  -10.915  25.403 0.0000000000
71028  -54.138  -10.586  24.596 0.0000000000
72006  -55.070  -10.281  24.767 0.0000000000
72018  -55.701  -10.109  24.237 0.0000000000
131715  -55.035  -10.936  23.485 0.0000000000
69990  -54.755  -12.873  22.182 0.0000000000
69991  -55.453  -12.881  21.619 0.0000000000
131083  -55.049  -13.051  19.863 0.0000000000
154461  -54.018  -12.050  18.198 0.0000000000
133150  -12.669  -37.808  57.432 0.0000000000
43520  -12.178  -37.899  58.014 0.0000000000
43509  -11.727  -38.136  58.635 0.0000000000
43493  -9.850  -38.423  60.007 0.0000000000
46579  -11.552  -34.271  63.079 0.0000000000
45636  -11.200  -35.141  62.615 0.0000000000
45635  -10.926  -36.181  62.301 0.0000000000
46577  -9.930  -34.888  63.670 0.0000000000
44509  -10.132  -36.518  62.666 0.0000000000
44515  -10.554  -36.978  61.857 0.0000000000
43476  -10.066  -37.633  61.332 0.0000000000
43483  -9.538  -38.164  60.763 0.0000000000
42457  -9.012  -38.646  60.168 0.0000000000
142196  -7.328  -37.848  61.694 0.0000000000
42436  -4.120  -38.153  63.177 0.0000000000
41386  -4.645  -38.914  63.536 0.0000000000
41380  -5.261  -38.616  63.908 0.0000000000
153246  -5.124  -39.254  63.590 0.0000000000
148448  -48.106  -19.942  42.374 0.0000000000
154484  -44.928  -25.757  45.617 0.0000000000
57258  -44.413  -24.552  39.660 0.0000000000
57245  -44.578  -24.125  40.392 0.0000000000
133522  -44.757  -23.566  41.079 0.0000000000
59460  -44.989  -22.660  41.426 0.0000000000
155204  -44.904  -22.749  42.117 0.0000000000
133600  -44.918  -22.789  42.790 0.0000000000
60593  -45.383  -21.546  44.366 0.0000000000
61731  -45.912  -19.884  44.591 0.0000000000
62885  -46.378  -19.853  43.985 0.0000000000
62900  -45.631  -19.943  41.993 0.0000000000
63966  -46.549  -19.276  42.962 0.0000000000
62892  -46.732  -19.323  43.409 0.0000000000
63967  -46.987  -19.091  43.098 0.0000000000
63977  -46.961  -18.994  42.679 0.0000000000
64006  -48.160  -18.795  40.919 0.0000000000
64020  -47.806  -18.995  40.703 0.0000000000
62960  -46.439  -19.885  39.236 0.0000000000
62976  -46.843  -20.439  38.715 0.0000000000
61816  -46.431  -20.622  37.999 0.0000000000
62981  -43.277  -19.786  36.467 0.0000000000
62982  -43.964  -19.714  36.659 0.0000000000
61831  -44.408  -20.100  36.320 0.0000000000
61848  -44.183  -20.661  35.645 0.0000000000
60668  -44.822  -21.298  36.258 0.0000000000
59507  -46.135  -22.669  36.391 0.0000000000
59524  -45.734  -23.164  35.730 0.0000000000
59548  -45.341  -23.515  35.096 0.0000000000
59567  -45.152  -23.292  34.128 0.0000000000
59589  -44.843  -23.169  33.018 0.0000000000
59563  -39.590  -21.977  33.498 0.0000000000
60723  -39.964  -21.603  33.397 0.0000000000
60736  -39.667  -21.724  32.788 0.0000000000
60737  -40.245  -21.661  32.758 0.0000000000
60751  -40.616  -21.983  32.389 0.0000000000
59621  -39.659  -22.346  30.354 0.0000000000
59602  -40.277  -22.398  30.897 0.0000000000
59603  -40.755  -22.534  31.682 0.0000000000
155265  -41.538  -22.946  31.475 0.0000000000
59623  -42.091  -23.544  30.828 0.0000000000
58477  -41.449  -24.511  29.581 0.0000000000
139035  -42.726  -24.398  30.728 0.0000000000
57343  -43.076  -24.963  30.209 0.0000000000
57344  -43.995  -24.903  30.199 0.0000000000
43548  -23.399  -37.891  55.302 0.0000000000
41488  -26.199  -39.832  54.694 0.0000000000
44761  -24.385  -36.824  45.789 0.0000000000
44741  -24.936  -36.991  46.489 0.0000000000
44701  -26.718  -37.188  47.910 0.0000000000
43652  -27.677  -36.969  49.058 0.0000000000
44660  -28.609  -37.200  50.214 0.0000000000
137476  -29.601  -36.760  41.518 0.0000000000
150763  -30.931  -36.912  41.074 0.0000000000
44817  -30.351  -36.906  41.724 0.0000000000
44806  -29.633  -36.807  42.422 0.0000000000
153838  -30.056  -36.867  43.093 0.0000000000
44782  -30.129  -36.754  43.876 0.0000000000
134537  -29.877  -36.585  44.777 0.0000000000
44786  -34.640  -37.465  44.339 0.0000000000
44785  -33.572  -37.346  44.014 0.0000000000
44784  -32.797  -37.193  44.777 0.0000000000
44749  -33.762  -37.478  45.887 0.0000000000
44770  -32.955  -37.154  45.671 0.0000000000
129944  -31.841  -36.984  44.359 0.0000000000
44768  -31.157  -36.835  45.341 0.0000000000
44745  -30.457  -36.808  46.092 0.0000000000
154984  -30.159  -36.870  46.704 0.0000000000
153672  -30.424  -37.062  47.771 0.0000000000
147343  -30.567  -37.281  48.478 0.0000000000
129945  -31.363  -37.375  48.706 0.0000000000
130134  -30.084  -37.461  49.855 0.0000000000
131905  -30.285  -37.380  50.689 0.0000000000
155658  -30.772  -37.209  52.188 0.0000000000
137530  -31.357  -36.916  53.349 0.0000000000
142359  -31.985  -37.008  52.201 0.0000000000
138196  -32.009  -36.909  53.201 0.0000000000
44604  -31.855  -36.801  54.039 0.0000000000
43618  -34.986  -37.233  51.619 0.0000000000
44643  -34.415  -36.856  52.410 0.0000000000
42592  -13.267  -39.119  51.873 0.0000000000
43580  -13.828  -38.232  53.574 0.0000000000
43546  -13.565  -37.796  55.432 0.0000000000
45666  -14.275  -36.329  57.121 0.0000000000
58437  -46.806  -24.402  31.422 0.0000000000
58438  -47.633  -24.192  31.795 0.0000000000
154649  -48.038  -24.259  30.019 0.0000000000
58465  -48.396  -24.306  30.846 0.0000000000
58439  -48.491  -24.226  31.805 0.0000000000
58418  -49.124  -24.171  32.129 0.0000000000
59594  -49.987  -23.691  33.062 0.0000000000
58398  -50.783  -23.888  33.186 0.0000000000
59639  -49.756  -22.747  29.273 0.0000000000
59624  -50.462  -23.213  29.872 0.0000000000
58468  -51.092  -23.568  30.586 0.0000000000
58442  -51.383  -23.857  31.379 0.0000000000
58421  -51.525  -24.051  32.311 0.0000000000
58399  -51.666  -24.120  33.270 0.0000000000
58385  -53.542  -24.044  34.738 0.0000000000
58386  -54.465  -23.998  34.797 0.0000000000
64149  -52.750  -18.850  27.569 0.0000000000
145816  -53.030  -18.961  28.748 0.0000000000
65043  -54.138  -17.910  29.597 0.0000000000
64099  -53.785  -18.574  29.765 0.0000000000
63036  -53.507  -19.307  30.071 0.0000000000
63022  -53.977  -19.838  30.728 0.0000000000
61887  -54.523  -20.416  31.330 0.0000000000
61880  -54.972  -20.948  32.002 0.0000000000
61881  -55.480  -20.433  32.657 0.0000000000
60741  -55.443  -21.481  32.648 0.0000000000
73124  -56.568  -9.975  24.430 0.0000000000
73136  -57.429  -9.841  23.915 0.0000000000
72026  -57.272  -10.594  22.926 0.0000000000
73145  -57.692  -10.093  23.125 0.0000000000
70022  -56.899  -12.440  19.713 0.0000000000
71057  -58.112  -11.408  20.563 0.0000000000
72056  -58.651  -11.223  19.910 0.0000000000
72044  -58.520  -10.760  20.865 0.0000000000
74215  -59.958  -8.788  22.342 0.0000000000
74208  -60.583  -7.929  22.905 0.0000000000
75218  -61.378  -7.608  22.270 0.0000000000
75219  -62.195  -7.252  21.782 0.0000000000
75220  -62.884  -6.887  21.234 0.0000000000
144037  -63.382  -6.821  20.810 0.0000000000
150009  -60.759  -9.691  17.993 0.0000000000
73184  -61.881  -9.131  17.820 0.0000000000
74243  -62.228  -8.354  18.831 0.0000000000
75242  -63.397  -7.346  18.948 0.0000000000
73203  -64.331  -9.022  15.605 0.0000000000
74270  -64.985  -8.492  15.871 0.0000000000
73196  -65.528  -9.254  15.425 0.0000000000
41387  -5.716  -39.482  63.377 0.0000000000
41395  -3.405  -39.319  62.540 0.0000000000
42427  -4.367  -38.095  63.900 0.0000000000
42429  -5.279  -37.818  64.166 0.0000000000
42437  -4.337  -38.202  63.631 0.0000000000
42438  -7.100  -38.666  63.556 0.0000000000
42444  -2.931  -38.780  62.069 0.0000000000
43444  -6.082  -37.004  64.341 0.0000000000
43454  -6.104  -37.434  64.220 0.0000000000
43466  -4.277  -37.739  63.037 0.0000000000
43473  -4.918  -37.859  61.846 0.0000000000
43634  -35.490  -37.592  50.212 0.0000000000
43685  -36.291  -37.742  46.493 0.0000000000
43691  -36.000  -37.724  45.831 0.0000000000
44484  -6.716  -36.358  64.567 0.0000000000
44485  -7.109  -36.242  64.755 0.0000000000
44492  -5.101  -36.988  64.074 0.0000000000
44496  -4.731  -37.221  63.733 0.0000000000
44497  -5.918  -36.773  64.074 0.0000000000
44498  -6.336  -36.431  63.943 0.0000000000
44504  -5.617  -36.962  63.483 0.0000000000
44723  -33.819  -37.552  47.515 0.0000000000
44762  -25.287  -36.612  45.719 0.0000000000
44765  -28.146  -36.433  45.133 0.0000000000
44819  -32.633  -36.763  41.157 0.0000000000
45616  -6.442  -36.358  64.350 0.0000000000
45624  -6.815  -35.925  64.498 0.0000000000
45625  -7.353  -35.469  64.372 0.0000000000
45629  -7.365  -35.337  64.005 0.0000000000
45821  -27.638  -36.269  43.865 0.0000000000
45869  -29.146  -36.567  40.812 0.0000000000
46558  -8.076  -35.183  64.463 0.0000000000
46560  -9.733  -34.970  64.545 0.0000000000
46563  -8.437  -34.853  64.266 0.0000000000
46569  -7.945  -34.951  64.066 0.0000000000
46570  -8.584  -34.752  64.048 0.0000000000
46571  -9.410  -34.597  64.024 0.0000000000
46585  -12.661  -34.407  61.967 0.0000000000
46767  -35.900  -34.691  42.301 0.0000000000
47479  -11.120  -34.155  63.980 0.0000000000
47481  -11.602  -34.138  63.678 0.0000000000
47485  -12.139  -33.957  63.293 0.0000000000
47593  -39.359  -33.196  47.791 0.0000000000
47628  -38.282  -33.627  44.696 0.0000000000
47659  -36.774  -33.758  43.053 0.0000000000
47735  -34.323  -33.486  38.618 0.0000000000
52135  -39.073  -29.969  36.006 0.0000000000
53151  -43.534  -28.119  43.295 0.0000000000
54295  -43.610  -27.514  36.980 0.0000000000
58434  -43.329  -23.851  31.659 0.0000000000
58466  -49.766  -23.847  30.468 0.0000000000
59471  -44.797  -22.825  40.533 0.0000000000
61739  -45.803  -20.172  44.207 0.0000000000
61803  -49.951  -20.359  38.459 0.0000000000
61805  -52.435  -21.065  38.800 0.0000000000
61814  -43.013  -19.958  37.529 0.0000000000
61817  -47.453  -20.898  38.146 0.0000000000
61820  -51.167  -20.697  37.651 0.0000000000
61869  -40.286  -21.426  33.283 0.0000000000
61915  -50.523  -20.359  28.176 0.0000000000
62886  -46.672  -19.750  43.802 0.0000000000
62891  -46.130  -19.766  43.752 0.0000000000
62893  -46.999  -19.309  43.398 0.0000000000
62901  -45.895  -19.753  42.870 0.0000000000
62915  -46.202  -19.463  42.187 0.0000000000
62971  -42.786  -19.884  36.899 0.0000000000
63070  -51.587  -19.651  28.031 0.0000000000
63968  -47.314  -19.276  42.823 0.0000000000
63976  -46.917  -19.068  42.803 0.0000000000
63978  -47.578  -19.134  42.035 0.0000000000
63989  -46.356  -19.357  41.533 0.0000000000
63990  -46.814  -19.264  41.691 0.0000000000
63991  -47.431  -19.046  41.868 0.0000000000
64005  -47.595  -19.039  41.025 0.0000000000
64017  -45.822  -19.389  40.216 0.0000000000
64098  -53.184  -18.978  29.351 0.0000000000
64117  -53.300  -18.733  28.458 0.0000000000
64934  -47.025  -18.945  42.172 0.0000000000
64952  -47.801  -19.002  41.182 0.0000000000
65107  -54.088  -17.095  26.242 0.0000000000
66047  -53.768  -16.914  25.094 0.0000000000
66057  -49.191  -16.327  24.130 0.0000000000
66061  -54.290  -16.308  24.818 0.0000000000
66944  -56.517  -15.263  27.939 0.0000000000
66981  -55.664  -15.864  25.505 0.0000000000
66982  -56.132  -15.301  25.265 0.0000000000
67902  -57.016  -15.064  26.338 0.0000000000
67914  -55.365  -13.819  25.081 0.0000000000
68895  -57.058  -13.674  25.435 0.0000000000
68901  -50.403  -13.214  24.804 0.0000000000
68951  -52.580  -13.611  20.624 0.0000000000
68964  -52.890  -13.351  19.746 0.0000000000
69981  -53.327  -12.733  22.884 0.0000000000
69992  -56.429  -12.568  21.231 0.0000000000
70001  -54.248  -13.305  20.109 0.0000000000
72017  -54.895  -10.389  24.066 0.0000000000
73153  -59.446  -9.515  21.859 0.0000000000
130624  -6.842  -35.810  64.236 0.0000000000
130658  -47.006  -19.735  43.680 0.0000000000
130888  -31.178  -36.976  41.877 0.0000000000
131892  -34.694  -37.741  47.103 0.0000000000
133768  -32.795  -37.450  49.355 0.0000000000
135962  -10.449  -35.555  63.008 0.0000000000
136714  -58.411  -10.084  26.029 0.0000000000
139535  -5.846  -38.093  63.981 0.0000000000
141246  -58.789  -12.455  27.102 0.0000000000
144682  -49.294  -18.339  23.841 0.0000000000
146172  -5.206  -37.383  62.619 0.0000000000
146857  -30.397  -36.678  45.280 0.0000000000
147647  -51.379  -15.007  25.238 0.0000000000
149867  -37.296  -36.798  48.866 0.0000000000
152979  -35.670  -35.357  42.270 0.0000000000
153459  -56.978  -14.941  27.864 0.0000000000
153844  -33.592  -35.578  40.154 0.0000000000
153878  -34.323  -36.858  42.759 0.0000000000
154007  -31.327  -36.833  40.628 0.0000000000
154776  -32.727  -37.271  44.015 0.0000000000
155183  -40.517  -32.410  46.736 0.0000000000
155393  -45.403  -20.335  41.855 0.0000000000
155649  -12.751  -33.808  63.019 0.0000000000
