#!ascii label  , from subject sub125 vox2ras=TkReg
396
82250  -26.636  -0.606  -36.649 0.0000000000
78613  -25.163  -4.651  -33.636 0.0000000000
79522  -30.156  -4.057  -35.930 0.0000000000
74797  -27.622  -8.171  -33.581 0.0000000000
93973  -22.876  11.406  -34.393 0.0000000000
91237  -26.327  8.207  -36.813 0.0000000000
151762  -23.581  3.240  -34.604 0.0000000000
71593  -27.145  -11.714  -31.387 0.0000000000
76775  -26.344  -6.541  -33.608 0.0000000000
75790  -24.877  -7.557  -31.505 0.0000000000
93032  -24.723  9.860  -36.289 0.0000000000
90160  -22.487  7.820  -33.961 0.0000000000
82213  -23.825  -0.587  -33.972 0.0000000000
84100  -22.400  1.012  -32.902 0.0000000000
145668  -25.164  1.958  -35.855 0.0000000000
141532  -25.758  4.270  -36.992 0.0000000000
85211  -28.342  2.656  -37.599 0.0000000000
83209  -30.146  0.362  -37.333 0.0000000000
80403  -23.277  -2.339  -32.467 0.0000000000
80435  -25.586  -2.470  -34.773 0.0000000000
80467  -28.580  -2.512  -37.061 0.0000000000
78631  -27.290  -4.240  -35.404 0.0000000000
76796  -29.705  -5.941  -35.453 0.0000000000
74812  -31.495  -8.683  -35.128 0.0000000000
88134  -21.427  5.080  -32.414 0.0000000000
88171  -24.360  5.624  -35.977 0.0000000000
89200  -27.950  6.540  -37.567 0.0000000000
73686  -24.528  -9.039  -30.295 0.0000000000
72628  -27.670  -10.219  -32.576 0.0000000000
75789  -24.355  -7.155  -31.078 0.0000000000
75776  -24.221  -7.648  -30.498 0.0000000000
90141  -21.914  8.196  -32.989 0.0000000000
89135  -21.311  6.650  -32.217 0.0000000000
82237  -25.171  -0.290  -34.812 0.0000000000
83182  -24.988  0.565  -35.311 0.0000000000
84168  -26.322  1.077  -36.498 0.0000000000
137135  -26.663  1.985  -36.832 0.0000000000
84169  -27.041  1.283  -37.151 0.0000000000
129683  -29.170  1.166  -37.301 0.0000000000
82260  -28.243  0.168  -37.292 0.0000000000
79481  -23.913  -3.743  -32.820 0.0000000000
80421  -24.196  -2.604  -33.658 0.0000000000
79506  -25.465  -3.379  -34.480 0.0000000000
79519  -26.740  -3.536  -35.465 0.0000000000
78623  -26.254  -4.591  -34.623 0.0000000000
75812  -27.390  -7.479  -33.658 0.0000000000
76784  -27.605  -6.300  -34.408 0.0000000000
75822  -28.652  -7.348  -34.529 0.0000000000
75824  -30.934  -7.964  -35.250 0.0000000000
145232  -29.976  -8.531  -34.447 0.0000000000
144220  -21.378  11.081  -32.803 0.0000000000
94884  -20.908  12.612  -32.421 0.0000000000
94898  -22.714  12.415  -34.251 0.0000000000
95923  -23.802  13.408  -34.422 0.0000000000
93989  -25.336  11.396  -35.806 0.0000000000
92104  -24.855  9.262  -36.388 0.0000000000
85149  -23.286  1.830  -33.830 0.0000000000
85147  -22.173  2.647  -32.740 0.0000000000
87141  -22.632  4.309  -33.740 0.0000000000
135147  -22.702  5.164  -34.268 0.0000000000
87172  -23.841  4.327  -35.457 0.0000000000
87189  -28.172  4.318  -37.586 0.0000000000
88187  -26.958  5.675  -37.663 0.0000000000
88189  -29.123  5.700  -37.665 0.0000000000
133812  -29.518  -3.424  -36.479 0.0000000000
132277  -30.388  -2.070  -37.083 0.0000000000
71582  -25.379  -11.275  -30.250 0.0000000000
137668  -25.982  -10.673  -31.173 0.0000000000
73700  -26.216  -9.642  -31.866 0.0000000000
72616  -27.246  -10.866  -31.929 0.0000000000
77684  -24.471  -5.391  -32.385 0.0000000000
77695  -25.476  -5.496  -33.534 0.0000000000
76768  -24.759  -6.226  -32.197 0.0000000000
155184  -25.500  -7.172  -32.596 0.0000000000
74782  -26.423  -8.133  -32.968 0.0000000000
92992  -21.695  10.308  -33.275 0.0000000000
93011  -23.617  10.320  -35.188 0.0000000000
92057  -22.748  9.385  -34.362 0.0000000000
91189  -23.547  8.770  -35.228 0.0000000000
90195  -24.506  8.165  -36.026 0.0000000000
82212  -23.215  -0.416  -33.347 0.0000000000
83152  -23.481  0.297  -33.834 0.0000000000
84134  -23.846  1.219  -34.486 0.0000000000
85184  -23.958  2.654  -34.821 0.0000000000
86203  -24.328  3.866  -35.789 0.0000000000
85197  -25.354  2.641  -36.141 0.0000000000
86231  -27.143  3.565  -37.379 0.0000000000
146868  -28.613  3.488  -37.614 0.0000000000
154094  -29.627  2.457  -37.507 0.0000000000
69539  -28.398  -13.424  -31.354 0.0000000000
70598  -28.663  -12.280  -32.064 0.0000000000
81317  -23.568  -1.192  -33.340 0.0000000000
81330  -25.042  -1.667  -34.487 0.0000000000
81344  -26.059  -1.703  -35.890 0.0000000000
81356  -27.424  -1.362  -36.914 0.0000000000
155987  -27.483  -2.566  -36.619 0.0000000000
79520  -27.648  -3.618  -35.972 0.0000000000
148997  -28.870  -4.345  -36.046 0.0000000000
77703  -26.501  -5.318  -34.379 0.0000000000
77713  -28.739  -5.030  -35.626 0.0000000000
131096  -29.957  -5.190  -35.779 0.0000000000
76798  -31.198  -6.196  -35.416 0.0000000000
75825  -32.537  -7.634  -35.010 0.0000000000
93998  -25.635  10.888  -36.288 0.0000000000
89147  -21.578  6.464  -33.115 0.0000000000
89160  -23.348  6.438  -34.876 0.0000000000
89192  -24.702  7.158  -36.296 0.0000000000
87179  -25.265  4.932  -36.775 0.0000000000
89198  -26.186  6.734  -37.326 0.0000000000
90221  -27.045  7.396  -37.442 0.0000000000
81371  -29.029  -1.140  -37.486 0.0000000000
154500  -30.860  -0.126  -37.326 0.0000000000
74754  -24.272  -8.206  -30.136 0.0000000000
74755  -24.573  -8.283  -30.682 0.0000000000
73712  -26.439  -8.988  -32.477 0.0000000000
73729  -27.862  -8.942  -33.382 0.0000000000
71603  -28.733  -11.687  -32.484 0.0000000000
71614  -29.632  -10.797  -33.276 0.0000000000
73731  -29.717  -9.886  -33.791 0.0000000000
89133  -20.539  6.588  -31.046 0.0000000000
82249  -26.041  -0.329  -36.026 0.0000000000
83183  -25.830  0.463  -35.899 0.0000000000
83194  -26.362  0.185  -36.429 0.0000000000
83195  -26.890  0.390  -36.879 0.0000000000
83196  -27.574  0.697  -37.259 0.0000000000
134377  -27.483  -0.260  -37.042 0.0000000000
78601  -24.387  -4.592  -32.836 0.0000000000
79496  -24.586  -3.926  -33.439 0.0000000000
132955  -24.694  -3.286  -33.942 0.0000000000
79497  -25.120  -3.926  -33.991 0.0000000000
78622  -25.644  -4.277  -34.339 0.0000000000
75821  -27.890  -7.025  -34.135 0.0000000000
75813  -28.080  -7.716  -33.994 0.0000000000
74810  -29.217  -8.042  -34.383 0.0000000000
74798  -28.471  -8.407  -33.883 0.0000000000
144816  -21.943  11.018  -33.544 0.0000000000
93957  -21.644  11.802  -33.205 0.0000000000
93974  -23.470  11.642  -34.600 0.0000000000
94910  -23.636  12.518  -34.503 0.0000000000
94921  -24.938  12.115  -35.414 0.0000000000
93988  -24.546  11.141  -35.564 0.0000000000
91236  -25.609  8.746  -36.596 0.0000000000
92127  -26.169  8.872  -36.639 0.0000000000
92128  -26.775  8.465  -36.788 0.0000000000
91239  -27.207  8.037  -37.024 0.0000000000
85168  -23.438  2.597  -34.215 0.0000000000
85148  -22.858  2.639  -33.569 0.0000000000
86178  -22.493  3.495  -33.264 0.0000000000
86190  -23.154  3.514  -34.048 0.0000000000
87158  -23.075  4.379  -34.384 0.0000000000
86191  -23.431  3.978  -34.843 0.0000000000
87190  -28.602  5.081  -37.728 0.0000000000
79533  -29.939  -3.597  -36.248 0.0000000000
80469  -30.012  -2.841  -36.676 0.0000000000
79534  -30.389  -3.375  -36.167 0.0000000000
70584  -27.049  -12.321  -30.976 0.0000000000
71583  -25.863  -11.985  -30.441 0.0000000000
71584  -26.487  -11.825  -30.870 0.0000000000
72605  -25.918  -11.257  -30.799 0.0000000000
138651  -26.484  -11.120  -31.329 0.0000000000
77670  -24.095  -5.879  -31.601 0.0000000000
76758  -24.967  -6.993  -31.959 0.0000000000
75803  -25.384  -7.628  -32.106 0.0000000000
75804  -25.890  -7.618  -32.834 0.0000000000
92041  -21.468  9.662  -32.885 0.0000000000
92056  -22.074  9.561  -33.582 0.0000000000
91175  -21.739  9.022  -33.245 0.0000000000
91188  -22.954  8.674  -34.584 0.0000000000
90172  -23.207  7.980  -34.827 0.0000000000
90194  -23.800  8.163  -35.433 0.0000000000
83168  -23.854  -0.056  -34.368 0.0000000000
84135  -24.288  0.969  -34.808 0.0000000000
85170  -24.143  1.755  -34.858 0.0000000000
85169  -23.677  1.831  -34.412 0.0000000000
85185  -24.629  2.438  -35.467 0.0000000000
85210  -27.717  2.268  -37.488 0.0000000000
85209  -27.008  2.711  -37.256 0.0000000000
136565  -27.605  2.907  -37.488 0.0000000000
86232  -27.860  3.517  -37.520 0.0000000000
131667  -29.779  3.149  -37.573 0.0000000000
131026  -29.120  2.841  -37.647 0.0000000000
156145  -29.840  0.917  -37.263 0.0000000000
130885  -29.941  1.905  -37.358 0.0000000000
82264  -30.754  0.448  -37.263 0.0000000000
69527  -27.774  -13.928  -31.004 0.0000000000
69540  -28.974  -13.555  -31.266 0.0000000000
81300  -23.283  -1.633  -32.776 0.0000000000
80420  -23.650  -2.052  -33.268 0.0000000000
80434  -24.806  -2.538  -34.279 0.0000000000
81343  -25.678  -1.694  -35.059 0.0000000000
80449  -26.063  -2.418  -35.517 0.0000000000
80450  -26.493  -2.308  -36.130 0.0000000000
144417  -28.480  -3.786  -36.325 0.0000000000
78632  -28.156  -4.368  -35.867 0.0000000000
77696  -26.127  -5.789  -33.841 0.0000000000
76783  -26.792  -6.069  -34.125 0.0000000000
76785  -28.405  -6.537  -34.787 0.0000000000
77705  -28.113  -5.754  -35.067 0.0000000000
76795  -28.943  -5.894  -35.345 0.0000000000
77714  -29.436  -5.284  -35.647 0.0000000000
76797  -30.473  -5.891  -35.548 0.0000000000
143310  -31.763  -7.906  -35.301 0.0000000000
141055  -23.983  9.818  -35.625 0.0000000000
93997  -24.792  10.501  -36.028 0.0000000000
142748  -25.303  10.235  -36.375 0.0000000000
83134  -22.344  0.275  -32.532 0.0000000000
87125  -21.193  4.588  -31.801 0.0000000000
88120  -21.086  5.420  -31.768 0.0000000000
88121  -21.376  5.879  -32.429 0.0000000000
88135  -21.589  5.509  -33.092 0.0000000000
88170  -23.715  5.827  -35.360 0.0000000000
88152  -23.226  5.679  -34.726 0.0000000000
89185  -24.276  6.507  -35.842 0.0000000000
86216  -24.915  4.060  -36.523 0.0000000000
87187  -25.963  5.105  -37.302 0.0000000000
132863  -27.452  6.104  -37.729 0.0000000000
88186  -26.353  5.860  -37.439 0.0000000000
89199  -27.227  6.782  -37.646 0.0000000000
148814  -26.733  7.007  -37.564 0.0000000000
130884  -27.582  7.093  -37.502 0.0000000000
90223  -28.363  7.084  -37.487 0.0000000000
81357  -28.376  -1.722  -37.268 0.0000000000
81358  -29.141  -1.968  -37.362 0.0000000000
81373  -30.300  -1.252  -37.349 0.0000000000
141803  -24.576  -9.845  -30.085 0.0000000000
73699  -25.000  -8.932  -30.945 0.0000000000
72627  -26.876  -9.900  -32.228 0.0000000000
73713  -27.334  -9.375  -32.818 0.0000000000
76757  -24.399  -6.551  -31.536 0.0000000000
76756  -23.820  -6.444  -30.952 0.0000000000
142843  -24.588  -7.774  -31.010 0.0000000000
91153  -21.297  8.963  -32.634 0.0000000000
133481  -21.317  8.148  -32.235 0.0000000000
90140  -21.505  7.339  -32.636 0.0000000000
90159  -21.882  7.291  -33.318 0.0000000000
83169  -24.364  0.199  -34.648 0.0000000000
84156  -25.456  1.244  -35.887 0.0000000000
139275  -25.816  1.929  -36.396 0.0000000000
84181  -27.708  1.535  -37.410 0.0000000000
131189  -28.411  1.792  -37.496 0.0000000000
129524  -28.340  1.007  -37.362 0.0000000000
83207  -28.890  0.536  -37.308 0.0000000000
83208  -29.532  0.383  -37.325 0.0000000000
79480  -23.302  -3.324  -32.091 0.0000000000
79495  -23.695  -2.904  -32.994 0.0000000000
150945  -24.205  -3.301  -33.374 0.0000000000
80436  -26.133  -3.111  -35.121 0.0000000000
79507  -26.158  -3.861  -34.859 0.0000000000
148753  -26.606  -4.197  -35.045 0.0000000000
76776  -27.129  -6.774  -33.793 0.0000000000
76786  -29.200  -6.696  -35.096 0.0000000000
76787  -30.137  -6.957  -35.248 0.0000000000
75823  -29.448  -7.386  -34.825 0.0000000000
133027  -30.097  -7.920  -34.812 0.0000000000
74811  -30.759  -8.714  -34.918 0.0000000000
92981  -20.605  11.136  -32.179 0.0000000000
94897  -22.021  12.533  -33.531 0.0000000000
93990  -26.032  11.683  -36.048 0.0000000000
92093  -24.318  9.484  -35.889 0.0000000000
92105  -25.563  9.555  -36.505 0.0000000000
86163  -21.552  3.016  -32.174 0.0000000000
86177  -21.862  3.567  -32.567 0.0000000000
87140  -22.059  4.259  -33.076 0.0000000000
137173  -22.078  4.994  -33.518 0.0000000000
87159  -23.433  4.908  -34.934 0.0000000000
132349  -23.951  5.068  -35.565 0.0000000000
131769  -27.385  4.352  -37.502 0.0000000000
154028  -26.554  5.247  -37.493 0.0000000000
88188  -27.670  5.226  -37.676 0.0000000000
130578  -28.264  5.856  -37.694 0.0000000000
80468  -29.334  -2.682  -36.926 0.0000000000
81359  -29.814  -2.075  -37.225 0.0000000000
80470  -30.811  -2.461  -36.553 0.0000000000
72603  -24.874  -10.508  -30.145 0.0000000000
72604  -25.501  -10.562  -30.667 0.0000000000
73687  -25.065  -9.743  -30.608 0.0000000000
153118  -25.379  -9.404  -31.084 0.0000000000
72614  -25.742  -9.926  -31.245 0.0000000000
72615  -26.408  -10.360  -31.643 0.0000000000
153254  -24.070  -4.839  -32.259 0.0000000000
77694  -24.887  -5.243  -33.138 0.0000000000
77685  -25.105  -5.895  -32.949 0.0000000000
76774  -25.685  -6.256  -33.385 0.0000000000
76769  -25.335  -6.599  -32.747 0.0000000000
76770  -25.853  -6.963  -33.186 0.0000000000
75811  -26.542  -7.369  -33.378 0.0000000000
74796  -26.983  -7.948  -33.371 0.0000000000
92975  -20.165  10.399  -31.652 0.0000000000
145012  -22.514  10.988  -34.109 0.0000000000
141857  -23.409  10.973  -34.761 0.0000000000
92993  -22.482  10.214  -34.065 0.0000000000
144294  -23.249  9.874  -34.723 0.0000000000
155771  -23.649  9.678  -35.295 0.0000000000
91176  -22.357  8.777  -33.745 0.0000000000
92076  -23.419  9.266  -34.987 0.0000000000
92077  -23.843  9.331  -35.492 0.0000000000
91203  -24.091  8.895  -35.632 0.0000000000
91221  -24.527  8.949  -36.099 0.0000000000
91222  -25.021  8.520  -36.507 0.0000000000
84112  -23.080  1.058  -33.534 0.0000000000
140660  -23.821  0.602  -34.407 0.0000000000
84113  -23.569  1.117  -34.112 0.0000000000
86202  -23.844  3.552  -35.187 0.0000000000
142288  -24.347  3.193  -35.382 0.0000000000
86204  -24.856  3.292  -35.948 0.0000000000
86217  -25.559  3.424  -36.558 0.0000000000
85198  -26.180  2.738  -36.656 0.0000000000
86218  -26.423  3.560  -37.018 0.0000000000
137526  -29.001  4.258  -37.651 0.0000000000
137453  -29.938  4.126  -37.674 0.0000000000
86233  -30.608  3.480  -37.602 0.0000000000
129900  -29.200  2.020  -37.516 0.0000000000
78635  -30.520  -4.597  -35.798 0.0000000000
70573  -27.331  -13.055  -30.963 0.0000000000
70585  -27.616  -12.467  -31.410 0.0000000000
71594  -27.922  -11.862  -32.009 0.0000000000
81318  -24.208  -1.596  -33.944 0.0000000000
82214  -24.421  -0.697  -34.396 0.0000000000
82226  -25.322  -0.979  -34.679 0.0000000000
82238  -25.736  -0.872  -35.397 0.0000000000
82239  -26.139  -1.064  -36.207 0.0000000000
81355  -26.541  -1.576  -36.506 0.0000000000
80465  -27.071  -2.177  -36.625 0.0000000000
80466  -27.797  -2.258  -36.952 0.0000000000
135657  -26.486  -2.876  -35.697 0.0000000000
80451  -27.113  -2.874  -36.181 0.0000000000
79531  -27.982  -3.018  -36.665 0.0000000000
79532  -28.854  -3.253  -36.671 0.0000000000
79521  -29.178  -3.945  -36.289 0.0000000000
78642  -29.716  -4.057  -36.081 0.0000000000
78614  -25.871  -5.046  -34.100 0.0000000000
78624  -26.897  -4.804  -34.882 0.0000000000
77704  -27.275  -5.543  -34.665 0.0000000000
77712  -27.720  -4.996  -35.317 0.0000000000
78633  -29.476  -4.610  -35.903 0.0000000000
78634  -30.024  -4.606  -35.899 0.0000000000
130255  -30.366  -5.080  -35.787 0.0000000000
77715  -31.011  -5.321  -35.606 0.0000000000
75832  -31.056  -6.998  -35.397 0.0000000000
75833  -31.853  -6.938  -35.304 0.0000000000
93033  -26.028  10.270  -36.496 0.0000000000
137351  -21.124  6.130  -31.870 0.0000000000
89148  -22.293  6.763  -33.806 0.0000000000
88136  -22.159  5.842  -33.679 0.0000000000
136925  -22.739  6.139  -34.364 0.0000000000
144222  -22.921  7.064  -34.530 0.0000000000
134385  -24.134  7.375  -35.653 0.0000000000
90212  -25.217  7.709  -36.606 0.0000000000
91223  -25.781  8.009  -36.770 0.0000000000
87173  -24.471  4.745  -36.118 0.0000000000
155537  -24.871  5.482  -36.549 0.0000000000
88178  -25.580  5.886  -36.968 0.0000000000
88177  -24.818  6.252  -36.479 0.0000000000
89193  -25.430  6.858  -36.772 0.0000000000
90220  -26.439  7.516  -37.191 0.0000000000
91238  -26.847  7.858  -37.067 0.0000000000
155203  -27.149  7.698  -37.236 0.0000000000
82251  -28.255  -0.778  -37.231 0.0000000000
82261  -28.968  -0.230  -37.398 0.0000000000
82262  -29.762  -0.513  -37.423 0.0000000000
81372  -29.633  -1.420  -37.419 0.0000000000
82263  -30.461  -0.286  -37.367 0.0000000000
75775  -23.877  -7.535  -30.039 0.0000000000
74768  -25.123  -8.200  -31.439 0.0000000000
140705  -25.650  -9.057  -31.648 0.0000000000
74769  -25.797  -8.274  -32.295 0.0000000000
74783  -27.068  -8.583  -33.138 0.0000000000
71602  -28.103  -11.059  -32.530 0.0000000000
72630  -28.858  -11.022  -32.961 0.0000000000
152078  -28.330  -10.460  -32.904 0.0000000000
73714  -28.123  -9.761  -33.116 0.0000000000
73730  -28.731  -9.357  -33.606 0.0000000000
74799  -29.397  -8.895  -34.061 0.0000000000
69538  -27.894  -13.176  -31.356 0.0000000000
72629  -28.904  -10.259  -33.328 0.0000000000
84155  -24.697  1.472  -35.409 0.0000000000
84180  -27.238  1.975  -37.319 0.0000000000
84182  -29.729  1.433  -37.314 0.0000000000
87180  -26.571  4.455  -37.374 0.0000000000
87188  -27.006  5.014  -37.558 0.0000000000
89134  -20.887  6.677  -31.598 0.0000000000
89184  -23.754  6.680  -35.388 0.0000000000
90213  -25.863  7.381  -36.963 0.0000000000
93010  -23.086  10.592  -34.533 0.0000000000
93028  -24.158  10.400  -35.677 0.0000000000
93958  -22.265  11.736  -33.795 0.0000000000
93987  -23.806  11.059  -35.280 0.0000000000
139603  -26.814  6.392  -37.643 0.0000000000
140186  -25.593  -0.075  -35.436 0.0000000000
141978  -21.627  4.829  -32.999 0.0000000000
142344  -23.509  7.299  -35.134 0.0000000000
144509  -30.975  -0.723  -37.335 0.0000000000
151417  -24.337  9.980  -35.950 0.0000000000
152929  -28.560  -7.871  -34.217 0.0000000000
154311  -29.271  3.540  -37.627 0.0000000000
155279  -32.574  -8.105  -34.765 0.0000000000
