#!ascii label  , from subject sub125 vox2ras=TkReg
1036
74755  -24.573  -8.283  -30.682 0.5555555820
74769  -25.797  -8.274  -32.295 0.6666666865
75804  -25.890  -7.618  -32.834 0.7777777910
75811  -26.542  -7.369  -33.378 0.7777777910
76775  -26.344  -6.541  -33.608 0.8888888955
76785  -28.405  -6.537  -34.787 0.8888888955
73686  -24.528  -9.039  -30.295 0.5555555820
75790  -24.877  -7.557  -31.505 0.6666666865
76758  -24.967  -6.993  -31.959 0.8888888955
75812  -27.390  -7.479  -33.658 0.8888888955
76783  -26.792  -6.069  -34.125 0.8888888955
77704  -27.275  -5.543  -34.665 1.0000000000
76795  -28.943  -5.894  -35.345 0.8888888955
77713  -28.739  -5.030  -35.626 1.0000000000
76756  -23.820  -6.444  -30.952 0.7777777910
77684  -24.471  -5.391  -32.385 1.0000000000
78601  -24.387  -4.592  -32.836 1.0000000000
77695  -25.476  -5.496  -33.534 1.0000000000
78623  -26.254  -4.591  -34.623 1.0000000000
78613  -25.163  -4.651  -33.636 1.0000000000
148753  -26.606  -4.197  -35.045 1.0000000000
78622  -25.644  -4.277  -34.339 1.0000000000
79507  -26.158  -3.861  -34.859 1.0000000000
78631  -27.290  -4.240  -35.404 1.0000000000
144417  -28.480  -3.786  -36.325 1.0000000000
79519  -26.740  -3.536  -35.465 1.0000000000
79520  -27.648  -3.618  -35.972 1.0000000000
79532  -28.854  -3.253  -36.671 1.0000000000
80466  -27.797  -2.258  -36.952 1.0000000000
80467  -28.580  -2.512  -37.061 0.7777777910
79481  -23.913  -3.743  -32.820 0.8888888955
132955  -24.694  -3.286  -33.942 1.0000000000
79506  -25.465  -3.379  -34.480 1.0000000000
80449  -26.063  -2.418  -35.517 1.0000000000
155987  -27.483  -2.566  -36.619 1.0000000000
80465  -27.071  -2.177  -36.625 1.0000000000
81357  -28.376  -1.722  -37.268 1.0000000000
81358  -29.141  -1.968  -37.362 0.8888888955
81371  -29.029  -1.140  -37.486 1.0000000000
82263  -30.461  -0.286  -37.367 0.7777777910
80403  -23.277  -2.339  -32.467 0.5555555820
82213  -23.825  -0.587  -33.972 0.7777777910
80420  -23.650  -2.052  -33.268 0.8888888955
81343  -25.678  -1.694  -35.059 1.0000000000
80435  -25.586  -2.470  -34.773 1.0000000000
81330  -25.042  -1.667  -34.487 0.8888888955
81344  -26.059  -1.703  -35.890 1.0000000000
82250  -26.636  -0.606  -36.649 1.0000000000
82251  -28.255  -0.778  -37.231 0.8888888955
134377  -27.483  -0.260  -37.042 1.0000000000
82260  -28.243  0.168  -37.292 0.8888888955
156145  -29.840  0.917  -37.263 0.7777777910
82264  -30.754  0.448  -37.263 0.6666666865
84183  -30.295  1.163  -37.239 0.6666666865
140687  -22.569  -0.929  -32.305 0.4444444478
81317  -23.568  -1.192  -33.340 0.7777777910
82212  -23.215  -0.416  -33.347 0.6666666865
83169  -24.364  0.199  -34.648 0.7777777910
82237  -25.171  -0.290  -34.812 0.8888888955
82239  -26.139  -1.064  -36.207 1.0000000000
83183  -25.830  0.463  -35.899 1.0000000000
83194  -26.362  0.185  -36.429 1.0000000000
83195  -26.890  0.390  -36.879 1.0000000000
84169  -27.041  1.283  -37.151 0.8888888955
129524  -28.340  1.007  -37.362 0.7777777910
129683  -29.170  1.166  -37.301 0.7777777910
84184  -30.943  1.239  -37.145 0.5555555820
129900  -29.200  2.020  -37.516 0.7777777910
147121  -30.262  2.603  -37.405 0.6666666865
84112  -23.080  1.058  -33.534 0.6666666865
83151  -22.753  0.275  -33.243 0.6666666865
140660  -23.821  0.602  -34.407 0.7777777910
84113  -23.569  1.117  -34.112 0.7777777910
83182  -24.988  0.565  -35.311 0.8888888955
84135  -24.288  0.969  -34.808 1.0000000000
84156  -25.456  1.244  -35.887 1.0000000000
84168  -26.322  1.077  -36.498 1.0000000000
85210  -27.717  2.268  -37.488 0.8888888955
85211  -28.342  2.656  -37.599 0.8888888955
131189  -28.411  1.792  -37.496 0.7777777910
85209  -27.008  2.711  -37.256 0.8888888955
136565  -27.605  2.907  -37.488 0.7777777910
154094  -29.627  2.457  -37.507 0.7777777910
84100  -22.400  1.012  -32.902 0.6666666865
83134  -22.344  0.275  -32.532 0.5555555820
84134  -23.846  1.219  -34.486 0.8888888955
85170  -24.143  1.755  -34.858 0.8888888955
85185  -24.629  2.438  -35.467 1.0000000000
145668  -25.164  1.958  -35.855 1.0000000000
85198  -26.180  2.738  -36.656 1.0000000000
137135  -26.663  1.985  -36.832 0.8888888955
86232  -27.860  3.517  -37.520 0.7777777910
87189  -28.172  4.318  -37.586 0.7777777910
137453  -29.938  4.126  -37.674 0.6666666865
143681  -30.990  4.365  -37.930 0.5555555820
86234  -31.473  3.846  -37.730 0.5555555820
131264  -22.592  1.809  -33.229 0.7777777910
85149  -23.286  1.830  -33.830 0.8888888955
85184  -23.958  2.654  -34.821 1.0000000000
86217  -25.559  3.424  -36.558 0.8888888955
86218  -26.423  3.560  -37.018 0.8888888955
141532  -25.758  4.270  -36.992 0.8888888955
86231  -27.143  3.565  -37.379 0.8888888955
87190  -28.602  5.081  -37.728 0.7777777910
87192  -30.449  5.043  -37.845 0.5555555820
88187  -26.958  5.675  -37.663 0.7777777910
88189  -29.123  5.700  -37.665 0.5555555820
84097  -20.942  2.871  -31.452 0.4444444478
85147  -22.173  2.647  -32.740 0.5555555820
86178  -22.493  3.495  -33.264 0.7777777910
151762  -23.581  3.240  -34.604 1.0000000000
85168  -23.438  2.597  -34.215 0.8888888955
86202  -23.844  3.552  -35.187 1.0000000000
86203  -24.328  3.866  -35.789 0.8888888955
86216  -24.915  4.060  -36.523 0.8888888955
87187  -25.963  5.105  -37.302 0.8888888955
154028  -26.554  5.247  -37.493 0.8888888955
130578  -28.264  5.856  -37.694 0.6666666865
147511  -29.491  6.059  -37.698 0.5555555820
88134  -21.427  5.080  -32.414 0.6666666865
86177  -21.862  3.567  -32.567 0.6666666865
137173  -22.078  4.994  -33.518 0.7777777910
87172  -23.841  4.327  -35.457 0.8888888955
87159  -23.433  4.908  -34.934 0.7777777910
132349  -23.951  5.068  -35.565 0.7777777910
87173  -24.471  4.745  -36.118 0.8888888955
88171  -24.360  5.624  -35.977 0.7777777910
87179  -25.265  4.932  -36.775 0.8888888955
88177  -24.818  6.252  -36.479 0.7777777910
88178  -25.580  5.886  -36.968 0.7777777910
88186  -26.353  5.860  -37.439 0.6666666865
89192  -24.702  7.158  -36.296 0.6666666865
148814  -26.733  7.007  -37.564 0.6666666865
89199  -27.227  6.782  -37.646 0.6666666865
132863  -27.452  6.104  -37.729 0.5555555820
91238  -26.847  7.858  -37.067 0.6666666865
90221  -27.045  7.396  -37.442 0.5555555820
90223  -28.363  7.084  -37.487 0.5555555820
89201  -28.922  6.365  -37.609 0.4444444478
90222  -27.557  7.595  -37.313 0.5555555820
89113  -20.282  6.736  -29.945 0.3333333433
89132  -20.414  6.065  -30.668 0.3333333433
88121  -21.376  5.879  -32.429 0.5555555820
88135  -21.589  5.509  -33.092 0.6666666865
89147  -21.578  6.464  -33.115 0.5555555820
88136  -22.159  5.842  -33.679 0.7777777910
88152  -23.226  5.679  -34.726 0.7777777910
144222  -22.921  7.064  -34.530 0.6666666865
89185  -24.276  6.507  -35.842 0.6666666865
89160  -23.348  6.438  -34.876 0.6666666865
90212  -25.217  7.709  -36.606 0.6666666865
91222  -25.021  8.520  -36.507 0.6666666865
91237  -26.327  8.207  -36.813 0.6666666865
155203  -27.149  7.698  -37.236 0.5555555820
147725  -27.686  8.101  -37.125 0.5555555820
91239  -27.207  8.037  -37.024 0.6666666865
90121  -20.454  7.489  -30.701 0.4444444478
90119  -20.279  7.053  -29.915 0.4444444478
89133  -20.539  6.588  -31.046 0.4444444478
91139  -20.348  8.197  -31.092 0.5555555820
89135  -21.311  6.650  -32.217 0.5555555820
90159  -21.882  7.291  -33.318 0.6666666865
89148  -22.293  6.763  -33.806 0.6666666865
90160  -22.487  7.820  -33.961 0.6666666865
134385  -24.134  7.375  -35.653 0.6666666865
90195  -24.506  8.165  -36.026 0.6666666865
91221  -24.527  8.949  -36.099 0.6666666865
92127  -26.169  8.872  -36.639 0.6666666865
92106  -26.552  9.361  -36.607 0.5555555820
92129  -27.344  8.710  -36.852 0.6666666865
90141  -21.914  8.196  -32.989 0.6666666865
91188  -22.954  8.674  -34.584 0.6666666865
90172  -23.207  7.980  -34.827 0.6666666865
92104  -24.855  9.262  -36.388 0.6666666865
76770  -25.853  -6.963  -33.186 0.8888888955
76757  -24.399  -6.551  -31.536 1.0000000000
77685  -25.105  -5.895  -32.949 1.0000000000
77703  -26.501  -5.318  -34.379 1.0000000000
77712  -27.720  -4.996  -35.317 1.0000000000
82196  -22.634  -0.374  -32.757 0.5555555820
85135  -21.974  1.689  -32.545 0.5555555820
85133  -21.093  2.960  -31.608 0.5555555820
142288  -24.347  3.193  -35.382 1.0000000000
131769  -27.385  4.352  -37.502 0.8888888955
84082  -20.578  2.861  -30.532 0.2222222239
89200  -27.950  6.540  -37.567 0.6666666865
88170  -23.715  5.827  -35.360 0.7777777910
155784  -29.313  6.886  -37.736 0.4444444478
90140  -21.505  7.339  -32.636 0.6666666865
91153  -21.297  8.963  -32.634 0.6666666865
148980  -21.823  0.898  -32.322 0.4444444478
92130  -28.373  8.489  -37.091 0.5555555820
90107  -18.626  7.845  -30.251 0.2222222239
90108  -18.976  7.804  -30.238 0.3333333433
92108  -27.905  9.279  -36.726 0.5555555820
73687  -25.065  -9.743  -30.608 0.5555555820
73700  -26.216  -9.642  -31.866 0.5555555820
140705  -25.650  -9.057  -31.648 0.6666666865
74783  -27.068  -8.583  -33.138 0.5555555820
75822  -28.652  -7.348  -34.529 0.7777777910
76786  -29.200  -6.696  -35.096 0.8888888955
141803  -24.576  -9.845  -30.085 0.5555555820
74796  -26.983  -7.948  -33.371 0.6666666865
75821  -27.890  -7.025  -34.135 0.8888888955
76796  -29.705  -5.941  -35.453 0.7777777910
78633  -29.476  -4.610  -35.903 0.8888888955
73674  -24.310  -8.929  -29.186 0.4444444478
75775  -23.877  -7.535  -30.039 0.5555555820
148997  -28.870  -4.345  -36.046 1.0000000000
76743  -23.608  -6.249  -30.310 0.2222222239
77670  -24.095  -5.879  -31.601 0.6666666865
133812  -29.518  -3.424  -36.479 0.8888888955
80469  -30.012  -2.841  -36.676 0.6666666865
81372  -29.633  -1.420  -37.419 0.7777777910
81373  -30.300  -1.252  -37.349 0.6666666865
78585  -23.390  -4.641  -31.166 0.5555555820
154500  -30.860  -0.126  -37.326 0.6666666865
79464  -22.942  -3.360  -31.169 0.4444444478
85213  -31.421  1.908  -37.073 0.5555555820
81283  -22.558  -1.961  -31.548 0.2222222239
82195  -22.384  -0.400  -32.122 0.4444444478
85214  -31.966  3.388  -37.489 0.5555555820
83111  -21.553  1.130  -30.283 0.3333333433
87194  -32.113  4.260  -37.758 0.5555555820
85134  -21.544  2.312  -32.125 0.4444444478
143937  -32.270  5.157  -38.081 0.4444444478
84083  -21.117  2.330  -30.634 0.3333333433
88191  -30.762  5.824  -37.918 0.5555555820
89202  -29.943  6.396  -37.869 0.4444444478
88104  -20.176  5.963  -30.068 0.3333333433
88105  -20.194  5.604  -30.421 0.3333333433
87124  -20.482  4.809  -30.973 0.4444444478
129894  -29.186  7.450  -37.661 0.4444444478
149748  -29.088  8.024  -37.488 0.4444444478
92109  -28.857  9.151  -36.860 0.2222222239
91129  -18.460  8.572  -30.076 0.3333333433
91152  -20.616  8.880  -32.142 0.6666666865
91176  -22.357  8.777  -33.745 0.6666666865
91189  -23.547  8.770  -35.228 0.6666666865
92077  -23.843  9.331  -35.492 0.6666666865
93032  -24.723  9.860  -36.289 0.6666666865
92105  -25.563  9.555  -36.505 0.6666666865
92107  -27.151  9.513  -36.621 0.4444444478
74768  -25.123  -8.200  -31.439 0.6666666865
73699  -25.000  -8.932  -30.945 0.5555555820
73712  -26.439  -8.988  -32.477 0.6666666865
75803  -25.384  -7.628  -32.106 0.7777777910
74782  -26.423  -8.133  -32.968 0.7777777910
155184  -25.500  -7.172  -32.596 0.8888888955
77696  -26.127  -5.789  -33.841 1.0000000000
76774  -25.685  -6.256  -33.385 1.0000000000
77705  -28.113  -5.754  -35.067 1.0000000000
76784  -27.605  -6.300  -34.408 0.8888888955
73685  -24.328  -8.746  -29.796 0.4444444478
74754  -24.272  -8.206  -30.136 0.5555555820
75776  -24.221  -7.648  -30.498 0.6666666865
142843  -24.588  -7.774  -31.010 0.6666666865
75789  -24.355  -7.155  -31.078 0.8888888955
76769  -25.335  -6.599  -32.747 0.8888888955
76776  -27.129  -6.774  -33.793 0.8888888955
78624  -26.897  -4.804  -34.882 1.0000000000
77714  -29.436  -5.284  -35.647 1.0000000000
78632  -28.156  -4.368  -35.867 1.0000000000
75788  -23.797  -7.005  -30.429 0.6666666865
76768  -24.759  -6.226  -32.197 1.0000000000
77694  -24.887  -5.243  -33.138 1.0000000000
153254  -24.070  -4.839  -32.259 0.8888888955
78614  -25.871  -5.046  -34.100 1.0000000000
79497  -25.120  -3.926  -33.991 1.0000000000
79521  -29.178  -3.945  -36.289 0.8888888955
135657  -26.486  -2.876  -35.697 1.0000000000
80436  -26.133  -3.111  -35.121 1.0000000000
80451  -27.113  -2.874  -36.181 1.0000000000
79531  -27.982  -3.018  -36.665 1.0000000000
80468  -29.334  -2.682  -36.926 0.8888888955
81359  -29.814  -2.075  -37.225 0.7777777910
79480  -23.302  -3.324  -32.091 0.5555555820
78600  -23.602  -4.341  -32.080 0.6666666865
79496  -24.586  -3.926  -33.439 1.0000000000
79465  -23.221  -3.956  -31.424 0.5555555820
150945  -24.205  -3.301  -33.374 0.8888888955
80434  -24.806  -2.538  -34.279 1.0000000000
80450  -26.493  -2.308  -36.130 1.0000000000
81355  -26.541  -1.576  -36.506 1.0000000000
81356  -27.424  -1.362  -36.914 1.0000000000
82261  -28.968  -0.230  -37.398 0.8888888955
82262  -29.762  -0.513  -37.423 0.7777777910
80402  -22.869  -2.554  -31.742 0.5555555820
79495  -23.695  -2.904  -32.994 0.7777777910
80421  -24.196  -2.604  -33.658 0.7777777910
81318  -24.208  -1.596  -33.944 0.8888888955
82214  -24.421  -0.697  -34.396 0.8888888955
82226  -25.322  -0.979  -34.679 0.8888888955
82238  -25.736  -0.872  -35.397 1.0000000000
83196  -27.574  0.697  -37.259 0.8888888955
83207  -28.890  0.536  -37.308 0.8888888955
83208  -29.532  0.383  -37.325 0.7777777910
83209  -30.146  0.362  -37.333 0.7777777910
130885  -29.941  1.905  -37.358 0.6666666865
83197  -31.305  0.797  -37.010 0.5555555820
85212  -30.658  1.932  -37.192 0.6666666865
81298  -22.420  -1.133  -31.862 0.3333333433
81316  -23.021  -1.005  -32.733 0.4444444478
81300  -23.283  -1.633  -32.776 0.6666666865
83152  -23.481  0.297  -33.834 0.6666666865
83168  -23.854  -0.056  -34.368 0.7777777910
82249  -26.041  -0.329  -36.026 1.0000000000
84181  -27.708  1.535  -37.410 0.7777777910
131026  -29.120  2.841  -37.647 0.7777777910
131161  -31.204  2.822  -37.360 0.5555555820
139275  -25.816  1.929  -36.396 1.0000000000
146868  -28.613  3.488  -37.614 0.7777777910
131667  -29.779  3.149  -37.573 0.7777777910
86233  -30.608  3.480  -37.602 0.6666666865
83133  -22.044  0.221  -31.950 0.4444444478
85169  -23.677  1.831  -34.412 0.8888888955
85197  -25.354  2.641  -36.141 1.0000000000
137526  -29.001  4.258  -37.651 0.6666666865
88192  -31.408  5.137  -38.101 0.5555555820
87193  -31.714  4.563  -38.013 0.5555555820
85148  -22.858  2.639  -33.569 0.6666666865
86204  -24.856  3.292  -35.948 1.0000000000
88188  -27.670  5.226  -37.676 0.8888888955
87191  -29.507  5.010  -37.737 0.6666666865
88190  -29.907  5.697  -37.769 0.5555555820
86163  -21.552  3.016  -32.174 0.5555555820
86190  -23.154  3.514  -34.048 0.7777777910
86191  -23.431  3.978  -34.843 0.7777777910
89203  -30.912  6.605  -37.960 0.5555555820
87125  -21.193  4.588  -31.801 0.5555555820
87139  -21.583  4.329  -32.430 0.5555555820
88120  -21.086  5.420  -31.768 0.4444444478
87140  -22.059  4.259  -33.076 0.6666666865
87141  -22.632  4.309  -33.740 0.7777777910
86162  -21.272  3.715  -31.831 0.6666666865
135147  -22.702  5.164  -34.268 0.7777777910
87158  -23.075  4.379  -34.384 0.7777777910
155537  -24.871  5.482  -36.549 0.7777777910
89198  -26.186  6.734  -37.326 0.6666666865
89193  -25.430  6.858  -36.772 0.6666666865
91223  -25.781  8.009  -36.770 0.6666666865
90220  -26.439  7.516  -37.191 0.6666666865
130884  -27.582  7.093  -37.502 0.5555555820
91240  -28.303  7.778  -37.364 0.4444444478
88119  -20.624  5.385  -31.240 0.4444444478
137351  -21.124  6.130  -31.870 0.5555555820
136925  -22.739  6.139  -34.364 0.7777777910
91236  -25.609  8.746  -36.596 0.6666666865
92128  -26.775  8.465  -36.788 0.6666666865
90139  -21.156  7.386  -31.844 0.5555555820
133481  -21.317  8.148  -32.235 0.6666666865
90194  -23.800  8.163  -35.433 0.6666666865
91203  -24.091  8.895  -35.632 0.6666666865
92093  -24.318  9.484  -35.889 0.6666666865
84099  -21.499  1.503  -32.008 0.4444444478
85132  -20.579  3.216  -31.189 0.3333333433
142765  -21.584  0.823  -31.860 0.4444444478
92131  -29.731  8.689  -37.407 0.3333333433
93036  -28.550  9.881  -36.149 0.3333333433
153118  -25.379  -9.404  -31.084 0.5555555820
75823  -29.448  -7.386  -34.825 0.6666666865
73675  -24.423  -9.470  -29.683 0.4444444478
78642  -29.716  -4.057  -36.081 0.7777777910
75762  -23.748  -7.424  -29.573 0.4444444478
132277  -30.388  -2.070  -37.083 0.6666666865
77683  -23.809  -5.100  -31.712 0.7777777910
81299  -22.762  -1.657  -32.183 0.3333333433
80387  -22.576  -2.465  -31.026 0.1111111119
81282  -22.418  -1.278  -31.485 0.1111111119
83120  -21.796  0.317  -31.646 0.4444444478
83110  -21.501  1.202  -31.703 0.3333333433
86160  -20.374  4.214  -30.679 0.3333333433
93034  -26.771  10.245  -36.532 0.6666666865
93035  -27.487  10.058  -36.361 0.4444444478
71605  -30.333  -11.232  -32.912 0.4444444478
72617  -31.739  -10.755  -31.962 0.2222222239
138651  -26.484  -11.120  -31.329 0.4444444478
72616  -27.246  -10.866  -31.929 0.4444444478
72627  -26.876  -9.900  -32.228 0.4444444478
72628  -27.670  -10.219  -32.576 0.4444444478
71614  -29.632  -10.797  -33.276 0.4444444478
73731  -29.717  -9.886  -33.791 0.4444444478
73715  -31.936  -9.939  -33.189 0.2222222239
73729  -27.862  -8.942  -33.382 0.4444444478
73730  -28.731  -9.357  -33.606 0.4444444478
74784  -32.845  -8.713  -33.291 0.1111111119
74785  -33.347  -8.759  -32.488 0.1111111119
74799  -29.397  -8.895  -34.061 0.4444444478
73747  -31.118  -9.227  -34.668 0.3333333433
74800  -30.306  -9.179  -34.300 0.3333333433
74812  -31.495  -8.683  -35.128 0.3333333433
145232  -29.976  -8.531  -34.447 0.4444444478
74811  -30.759  -8.714  -34.918 0.3333333433
74797  -27.622  -8.171  -33.581 0.5555555820
74798  -28.471  -8.407  -33.883 0.4444444478
75825  -32.537  -7.634  -35.010 0.2222222239
75826  -33.058  -6.989  -34.504 0.1111111119
77706  -33.180  -5.576  -34.190 0.1111111119
143310  -31.763  -7.906  -35.301 0.3333333433
75833  -31.853  -6.938  -35.304 0.3333333433
76797  -30.473  -5.891  -35.548 0.4444444478
130255  -30.366  -5.080  -35.787 0.6666666865
78625  -32.246  -4.413  -35.197 0.4444444478
78634  -30.024  -4.606  -35.899 0.6666666865
79524  -31.817  -3.601  -35.531 0.3333333433
79522  -30.156  -4.057  -35.930 0.6666666865
80452  -31.089  -3.077  -35.905 0.5555555820
79533  -29.939  -3.597  -36.248 0.6666666865
80470  -30.811  -2.461  -36.553 0.5555555820
80471  -31.493  -2.387  -36.200 0.5555555820
80453  -31.938  -2.656  -35.685 0.4444444478
81345  -32.192  -1.870  -36.159 0.3333333433
82253  -32.062  -0.325  -36.735 0.4444444478
82252  -31.351  -0.046  -37.127 0.5555555820
81361  -31.649  -1.756  -36.731 0.4444444478
136438  -31.876  0.485  -36.706 0.4444444478
92076  -23.419  9.266  -34.987 0.5555555820
92057  -22.748  9.385  -34.362 0.5555555820
155771  -23.649  9.678  -35.295 0.5555555820
141055  -23.983  9.818  -35.625 0.5555555820
142748  -25.303  10.235  -36.375 0.5555555820
93998  -25.635  10.888  -36.288 0.5555555820
71603  -28.733  -11.687  -32.484 0.4444444478
72632  -31.570  -10.622  -32.826 0.2222222239
74801  -31.815  -8.989  -34.641 0.2222222239
75814  -33.021  -7.722  -34.049 0.1111111119
76799  -31.787  -5.997  -35.208 0.4444444478
140229  -32.499  -5.794  -34.806 0.3333333433
76798  -31.198  -6.196  -35.416 0.4444444478
78635  -30.520  -4.597  -35.798 0.6666666865
78636  -31.302  -4.521  -35.596 0.4444444478
135575  -32.250  -1.133  -36.577 0.3333333433
148845  -32.347  0.197  -36.325 0.4444444478
148191  -31.897  2.631  -37.257 0.4444444478
92993  -22.482  10.214  -34.065 0.5555555820
145012  -22.514  10.988  -34.109 0.5555555820
93033  -26.028  10.270  -36.496 0.5555555820
70585  -27.616  -12.467  -31.410 0.4444444478
70598  -28.663  -12.280  -32.064 0.4444444478
70599  -29.396  -12.137  -32.208 0.4444444478
71596  -31.292  -11.375  -31.564 0.2222222239
72606  -31.954  -10.880  -31.039 0.2222222239
72607  -32.789  -10.557  -30.726 0.1111111119
72605  -25.918  -11.257  -30.799 0.4444444478
71593  -27.145  -11.714  -31.387 0.4444444478
72633  -32.189  -10.154  -32.358 0.1111111119
73717  -33.299  -9.314  -31.869 0.1111111119
72618  -32.403  -10.292  -31.492 0.1111111119
74786  -33.953  -8.201  -32.268 0.1111111119
75815  -33.710  -7.299  -33.248 0.1111111119
76778  -34.021  -6.492  -33.255 0.1111111119
77697  -33.812  -5.740  -33.526 0.1111111119
151112  -33.591  -5.074  -33.630 0.1111111119
79509  -33.351  -3.898  -34.179 0.2222222239
80437  -32.675  -2.830  -35.080 0.1111111119
79508  -32.781  -3.702  -34.901 0.2222222239
81346  -32.612  -1.172  -35.760 0.2222222239
82241  -32.855  -0.356  -35.279 0.2222222239
82240  -32.523  -0.417  -36.111 0.3333333433
84170  -31.846  1.340  -36.723 0.4444444478
85199  -32.132  2.211  -36.823 0.3333333433
85186  -32.616  2.696  -36.251 0.3333333433
139402  -32.316  3.001  -37.030 0.3333333433
131416  -20.680  4.149  -31.295 0.4444444478
129893  -30.172  7.187  -38.001 0.3333333433
91140  -20.139  8.882  -31.623 0.4444444478
92041  -21.468  9.662  -32.885 0.5555555820
92992  -21.695  10.308  -33.275 0.5555555820
93011  -23.617  10.320  -35.188 0.5555555820
93988  -24.546  11.141  -35.564 0.5555555820
144816  -21.943  11.018  -33.544 0.5555555820
137668  -25.982  -10.673  -31.173 0.4444444478
72614  -25.742  -9.926  -31.245 0.4444444478
72615  -26.408  -10.360  -31.643 0.4444444478
75813  -28.080  -7.716  -33.994 0.5555555820
74810  -29.217  -8.042  -34.383 0.5555555820
76787  -30.137  -6.957  -35.248 0.6666666865
131096  -29.957  -5.190  -35.779 0.6666666865
81360  -31.016  -1.573  -37.150 0.5555555820
144027  -31.659  -0.953  -37.099 0.4444444478
91241  -30.008  7.888  -37.823 0.3333333433
73713  -27.334  -9.375  -32.818 0.4444444478
75824  -30.934  -7.964  -35.250 0.3333333433
133027  -30.097  -7.920  -34.812 0.3333333433
72630  -28.858  -11.022  -32.961 0.4444444478
72631  -30.968  -10.859  -33.099 0.4444444478
153980  -30.521  -11.509  -32.469 0.3333333433
72642  -30.433  -10.535  -33.480 0.4444444478
71604  -29.523  -11.486  -32.744 0.4444444478
71594  -27.922  -11.862  -32.009 0.4444444478
71602  -28.103  -11.059  -32.530 0.4444444478
152078  -28.330  -10.460  -32.904 0.4444444478
73714  -28.123  -9.761  -33.116 0.4444444478
72643  -31.214  -10.272  -33.452 0.4444444478
73732  -30.661  -9.752  -33.943 0.4444444478
73733  -31.464  -9.514  -33.880 0.4444444478
73716  -32.665  -9.431  -32.694 0.1111111119
73734  -32.206  -9.199  -33.664 0.2222222239
74803  -33.387  -8.071  -33.075 0.1111111119
74770  -33.943  -8.812  -31.796 0.1111111119
74813  -32.209  -8.433  -35.059 0.2222222239
155386  -32.931  -8.246  -33.642 0.2222222239
76788  -32.501  -6.673  -34.939 0.2222222239
76789  -32.950  -6.306  -34.501 0.1111111119
76777  -33.405  -6.367  -33.962 0.1111111119
75832  -31.056  -6.998  -35.397 0.3333333433
77715  -31.011  -5.321  -35.606 0.4444444478
77716  -31.890  -5.175  -35.230 0.4444444478
134088  -32.644  -5.003  -34.698 0.3333333433
79534  -30.389  -3.375  -36.167 0.5555555820
79523  -30.765  -3.911  -35.811 0.5555555820
139018  -32.481  0.891  -36.271 0.4444444478
144294  -23.249  9.874  -34.723 0.5555555820
92056  -22.074  9.561  -33.582 0.5555555820
93997  -24.792  10.501  -36.028 0.5555555820
70600  -30.100  -11.818  -32.405 0.4444444478
150303  -33.490  -6.982  -33.860 0.1111111119
78626  -33.231  -4.705  -34.132 0.2222222239
70586  -28.239  -12.698  -31.697 0.4444444478
70587  -30.047  -12.420  -31.698 0.4444444478
71585  -30.796  -11.985  -31.196 0.2222222239
71595  -30.633  -11.731  -31.985 0.4444444478
71584  -26.487  -11.825  -30.870 0.4444444478
71582  -25.379  -11.275  -30.250 0.4444444478
73688  -33.188  -9.854  -31.157 0.1111111119
149858  -33.967  -7.614  -32.627 0.1111111119
65569  -29.978  -17.302  -26.878 0.1111111119
67563  -26.701  -15.823  -28.679 0.3333333433
67550  -28.349  -15.958  -27.720 0.2222222239
66596  -28.909  -16.662  -27.186 0.2222222239
66579  -29.781  -16.299  -26.876 0.1111111119
67551  -29.256  -15.699  -27.283 0.1111111119
68512  -24.814  -14.076  -28.069 0.3333333433
152408  -24.927  -14.893  -27.796 0.3333333433
67562  -25.882  -15.325  -28.338 0.3333333433
67577  -27.050  -15.595  -29.564 0.3333333433
67578  -27.616  -15.551  -29.542 0.3333333433
67565  -27.933  -15.692  -28.586 0.2222222239
68515  -28.337  -15.157  -29.108 0.2222222239
67552  -30.300  -15.517  -26.819 0.1111111119
67566  -28.707  -15.237  -28.028 0.2222222239
70552  -24.268  -11.913  -27.740 0.2222222239
70553  -24.790  -12.582  -28.314 0.2222222239
69493  -24.503  -13.371  -27.801 0.2222222239
68513  -25.606  -14.380  -28.582 0.3333333433
68514  -26.503  -14.986  -28.978 0.3333333433
68516  -29.136  -14.553  -28.520 0.1111111119
71563  -24.677  -11.546  -28.545 0.2222222239
70562  -25.417  -12.140  -29.024 0.3333333433
70554  -25.527  -12.904  -28.880 0.3333333433
71575  -25.496  -12.055  -29.935 0.3333333433
70571  -25.891  -12.664  -30.188 0.3333333433
69505  -25.830  -13.663  -29.093 0.3333333433
70564  -26.198  -13.438  -30.229 0.3333333433
68540  -27.987  -14.773  -30.652 0.3333333433
69526  -26.902  -13.687  -30.615 0.3333333433
68541  -28.622  -14.430  -30.436 0.3333333433
69528  -28.482  -14.063  -30.993 0.3333333433
68542  -29.367  -13.891  -30.010 0.3333333433
69506  -29.541  -13.804  -28.982 0.1111111119
69519  -30.048  -13.256  -29.521 0.2222222239
71573  -24.445  -10.708  -28.803 0.2222222239
71574  -25.018  -11.152  -29.453 0.3333333433
71583  -25.863  -11.985  -30.441 0.3333333433
70573  -27.331  -13.055  -30.963 0.3333333433
69527  -27.774  -13.928  -31.004 0.3333333433
69539  -28.398  -13.424  -31.354 0.3333333433
69529  -29.178  -13.807  -30.796 0.3333333433
72583  -24.021  -10.365  -28.223 0.3333333433
72594  -24.414  -9.868  -28.984 0.3333333433
72604  -25.501  -10.562  -30.667 0.3333333433
70584  -27.049  -12.321  -30.976 0.3333333433
70574  -29.621  -13.168  -31.163 0.3333333433
145902  -29.076  -12.855  -31.679 0.3333333433
83184  -32.746  0.340  -35.753 0.2222222239
84157  -32.578  1.772  -36.228 0.2222222239
84158  -33.156  1.218  -35.589 0.2222222239
87181  -32.599  4.743  -37.357 0.2222222239
67564  -27.245  -16.009  -28.772 0.3333333433
68500  -29.639  -14.849  -27.563 0.1111111119
68528  -26.661  -14.911  -30.007 0.3333333433
68529  -27.475  -15.308  -30.191 0.3333333433
68530  -28.150  -15.207  -30.114 0.3333333433
68531  -28.809  -14.502  -29.552 0.3333333433
152662  -29.104  -17.598  -27.044 0.1111111119
67549  -25.391  -15.712  -27.777 0.3333333433
66605  -26.103  -16.278  -28.051 0.3333333433
66606  -26.838  -16.604  -28.377 0.3333333433
66607  -27.229  -16.703  -28.258 0.3333333433
66595  -27.926  -16.666  -27.674 0.3333333433
66580  -30.633  -16.566  -26.678 0.1111111119
70539  -24.249  -12.645  -27.550 0.2222222239
68501  -30.581  -14.464  -27.158 0.1111111119
71550  -23.915  -11.501  -27.374 0.2222222239
68517  -30.006  -14.025  -28.021 0.1111111119
69507  -30.455  -13.206  -28.519 0.1111111119
70565  -30.563  -12.647  -29.160 0.1111111119
131498  -30.478  -12.691  -29.959 0.1111111119
73665  -24.190  -9.524  -28.555 0.1111111119
88179  -32.666  5.569  -37.655 0.2222222239
74738  -24.043  -8.072  -29.063 0.2222222239
77657  -23.549  -5.551  -30.879 0.5555555820
74739  -24.148  -8.124  -29.652 0.3333333433
72595  -24.562  -10.278  -29.566 0.4444444478
72603  -24.874  -10.508  -30.145 0.4444444478
153994  -32.707  3.436  -36.481 0.2222222239
143435  -31.032  -17.458  -26.597 0.1111111119
66608  -27.671  -16.200  -28.212 0.3333333433
69504  -25.136  -13.500  -28.483 0.3333333433
68527  -26.205  -14.363  -29.278 0.3333333433
71562  -24.051  -11.126  -28.051 0.2222222239
70563  -25.780  -13.018  -29.737 0.3333333433
69517  -26.081  -14.045  -29.939 0.3333333433
68539  -27.222  -14.562  -30.512 0.3333333433
69540  -28.974  -13.555  -31.266 0.3333333433
70572  -26.514  -12.701  -30.570 0.3333333433
148290  -29.867  -13.300  -30.439 0.3333333433
70575  -30.334  -12.683  -30.854 0.1111111119
64657  -28.662  -18.270  -26.978 0.1111111119
147445  -27.431  -17.201  -27.788 0.2222222239
66594  -25.337  -16.370  -27.519 0.3333333433
67548  -24.685  -15.764  -27.211 0.2222222239
153097  -25.807  -16.865  -27.682 0.3333333433
145658  -26.420  -17.085  -27.934 0.3333333433
68499  -24.332  -14.089  -27.407 0.2222222239
68498  -23.889  -14.087  -26.806 0.2222222239
85187  -33.248  2.248  -35.658 0.1111111119
85174  -33.766  2.767  -34.970 0.1111111119
86205  -33.293  3.336  -35.759 0.1111111119
86196  -34.007  3.715  -35.053 0.1111111119
86219  -32.447  3.858  -37.128 0.1111111119
87174  -33.663  4.203  -35.630 0.1111111119
87182  -33.066  4.263  -36.432 0.1111111119
88172  -33.623  5.001  -35.890 0.1111111119
146874  -31.612  6.823  -37.962 0.2222222239
90224  -31.082  7.359  -38.034 0.1111111119
90225  -31.766  7.482  -37.878 0.1111111119
130518  -31.391  8.088  -38.119 0.1111111119
91175  -21.739  9.022  -33.245 0.4444444478
92975  -20.165  10.399  -31.652 0.4444444478
92982  -21.128  10.373  -32.547 0.4444444478
141857  -23.409  10.973  -34.761 0.4444444478
146015  -27.932  10.494  -35.684 0.3333333433
93037  -29.691  9.750  -36.976 0.1111111119
92132  -30.906  9.544  -37.766 0.1111111119
93973  -22.876  11.406  -34.393 0.4444444478
93974  -23.470  11.642  -34.600 0.4444444478
94910  -23.636  12.518  -34.503 0.4444444478
94921  -24.938  12.115  -35.414 0.4444444478
93989  -25.336  11.396  -35.806 0.4444444478
93990  -26.032  11.683  -36.048 0.4444444478
93991  -26.713  11.793  -35.902 0.4444444478
94000  -27.210  11.090  -36.270 0.2222222239
94001  -28.131  11.244  -35.523 0.2222222239
94002  -29.126  11.414  -35.885 0.2222222239
94003  -30.049  11.394  -36.502 0.2222222239
141104  -29.479  10.631  -36.376 0.2222222239
139201  -29.609  14.791  -38.080 0.1111111119
96923  -30.395  13.486  -38.151 0.1111111119
94033  -31.087  11.366  -38.486 0.1111111119
93941  -20.268  11.861  -31.773 0.4444444478
94884  -20.908  12.612  -32.421 0.4444444478
93948  -21.132  11.871  -32.567 0.4444444478
94897  -22.021  12.533  -33.531 0.3333333433
94898  -22.714  12.415  -34.251 0.4444444478
94911  -24.471  12.675  -34.721 0.4444444478
94922  -25.747  12.333  -35.630 0.4444444478
140673  -26.214  13.290  -35.415 0.3333333433
94924  -27.121  12.567  -35.426 0.3333333433
131631  -29.099  13.038  -35.693 0.1111111119
95942  -30.001  13.005  -36.305 0.1111111119
94934  -29.646  12.246  -35.982 0.1111111119
95943  -30.418  12.728  -37.045 0.1111111119
94873  -20.458  12.532  -31.990 0.2222222239
95922  -23.043  13.174  -34.329 0.3333333433
95930  -25.305  13.070  -35.087 0.3333333433
95931  -26.845  13.126  -35.363 0.4444444478
96908  -27.120  13.873  -35.020 0.2222222239
95932  -27.593  13.377  -35.248 0.2222222239
94925  -28.073  12.829  -35.335 0.2222222239
137858  -29.406  13.838  -36.175 0.1111111119
149978  -27.767  14.066  -35.221 0.1111111119
96917  -28.735  14.606  -36.158 0.1111111119
95945  -30.205  13.601  -37.103 0.1111111119
96916  -27.993  14.646  -35.703 0.1111111119
96918  -29.396  14.556  -37.050 0.1111111119
94885  -21.469  12.566  -32.901 0.3333333433
95918  -22.528  13.323  -33.667 0.3333333433
96895  -22.900  14.294  -33.251 0.3333333433
134678  -24.579  13.443  -34.601 0.3333333433
95924  -25.775  13.715  -34.927 0.2222222239
143533  -27.485  14.719  -35.228 0.1111111119
97864  -28.720  15.111  -36.801 0.1111111119
98667  -29.387  16.245  -38.465 0.1111111119
96885  -22.555  14.571  -30.832 0.1111111119
147358  -23.414  15.003  -31.959 0.1111111119
96893  -23.373  14.954  -32.680 0.2222222239
97843  -23.965  15.380  -33.050 0.2222222239
96896  -23.568  14.696  -33.443 0.3333333433
96897  -25.067  14.664  -33.800 0.2222222239
145589  -25.072  13.951  -34.596 0.3333333433
96901  -26.408  14.933  -34.398 0.1111111119
97854  -27.304  15.606  -35.177 0.1111111119
136680  -26.975  14.743  -34.815 0.1111111119
97862  -27.668  15.509  -35.787 0.1111111119
97863  -28.168  15.290  -36.343 0.1111111119
97874  -28.506  15.769  -36.898 0.1111111119
97875  -29.066  15.282  -37.449 0.1111111119
144206  -29.519  15.026  -39.825 0.1111111119
96926  -29.879  14.567  -39.146 0.1111111119
96886  -23.312  14.865  -31.114 0.1111111119
145261  -24.360  15.449  -30.899 0.1111111119
97835  -23.872  15.457  -32.256 0.1111111119
97824  -24.560  15.524  -31.605 0.1111111119
138743  -25.805  15.569  -32.795 0.1111111119
97846  -26.257  15.544  -33.482 0.1111111119
97850  -25.870  15.079  -33.879 0.2222222239
97851  -26.588  15.638  -34.035 0.1111111119
98644  -27.263  16.411  -34.940 0.1111111119
98645  -27.439  16.576  -35.761 0.1111111119
98648  -27.858  16.166  -36.393 0.1111111119
97813  -25.296  15.480  -30.815 0.1111111119
129881  -26.427  15.594  -31.176 0.1111111119
98612  -26.927  15.194  -32.136 0.1111111119
97837  -26.983  15.349  -32.985 0.1111111119
98629  -27.044  16.076  -33.677 0.1111111119
132254  -27.352  16.689  -34.014 0.1111111119
134280  -27.052  16.330  -34.301 0.1111111119
98613  -27.908  15.056  -32.101 0.1111111119
97826  -27.411  15.520  -31.352 0.1111111119
98621  -28.017  15.768  -32.823 0.1111111119
84138  -33.681  1.808  -34.900 0.1111111119
86197  -34.260  3.221  -34.284 0.1111111119
146112  -32.853  5.959  -36.937 0.1111111119
88180  -33.027  5.249  -36.738 0.1111111119
89194  -32.639  6.276  -37.636 0.1111111119
91243  -31.720  8.756  -38.421 0.1111111119
92981  -20.605  11.136  -32.179 0.4444444478
93999  -26.362  11.066  -36.431 0.4444444478
146042  -28.591  10.685  -35.737 0.2222222239
93038  -30.405  10.519  -37.096 0.1111111119
93975  -24.223  11.805  -34.865 0.4444444478
94935  -30.342  12.119  -36.706 0.2222222239
95946  -30.562  12.758  -37.965 0.1111111119
95923  -23.802  13.408  -34.422 0.3333333433
97844  -24.848  15.370  -33.172 0.2222222239
97825  -25.615  15.583  -31.821 0.1111111119
98630  -27.766  16.415  -33.482 0.1111111119
86184  -34.776  3.688  -33.720 0.1111111119
133783  -32.508  5.912  -38.022 0.2222222239
91242  -30.996  8.501  -38.160 0.1111111119
137283  -20.576  10.230  -32.145 0.4444444478
144220  -21.378  11.081  -32.803 0.4444444478
94923  -26.409  12.460  -35.644 0.4444444478
131366  -25.388  15.493  -29.853 0.1111111119
149774  -27.650  15.353  -32.628 0.1111111119
85156  -34.703  2.764  -33.647 0.1111111119
138749  -33.592  1.051  -34.789 0.1111111119
85175  -34.177  2.277  -34.240 0.1111111119
86185  -35.344  3.258  -33.071 0.1111111119
87147  -34.840  4.530  -33.843 0.1111111119
87175  -34.270  4.684  -35.130 0.1111111119
88159  -34.567  5.430  -34.648 0.1111111119
89195  -32.967  6.702  -36.739 0.1111111119
88181  -33.512  5.965  -36.139 0.1111111119
90214  -32.528  7.041  -37.480 0.1111111119
91224  -32.372  7.970  -37.520 0.1111111119
146881  -32.283  8.712  -38.040 0.1111111119
92034  -20.341  9.619  -31.873 0.4444444478
131726  -32.086  9.161  -38.591 0.1111111119
92133  -31.787  9.253  -38.565 0.1111111119
93056  -31.137  10.354  -37.749 0.1111111119
93057  -31.718  9.986  -38.553 0.1111111119
144175  -19.973  11.164  -31.519 0.4444444478
94034  -31.590  11.219  -38.750 0.1111111119
94956  -30.719  11.952  -38.852 0.1111111119
143689  -20.315  12.940  -31.716 0.2222222239
95911  -20.703  13.151  -32.113 0.2222222239
95913  -22.268  13.751  -32.851 0.2222222239
95949  -30.429  12.805  -39.107 0.1111111119
96884  -21.621  14.415  -30.555 0.1111111119
96892  -22.705  14.423  -32.557 0.2222222239
96935  -29.572  13.936  -40.151 0.1111111119
96878  -21.504  14.488  -29.677 0.1111111119
97797  -22.700  15.384  -29.417 0.1111111119
97812  -24.582  15.479  -30.168 0.1111111119
97799  -24.770  15.492  -29.479 0.1111111119
97780  -25.426  15.511  -28.962 0.1111111119
129888  -26.167  15.541  -29.519 0.1111111119
98656  -27.567  17.154  -36.496 0.1111111119
99555  -27.911  17.571  -37.148 0.1111111119
99564  -29.310  17.114  -38.646 0.1111111119
143510  -29.403  17.150  -39.406 0.1111111119
149620  -26.719  15.549  -29.943 0.1111111119
130101  -26.968  15.602  -30.612 0.1111111119
99546  -27.432  18.028  -35.690 0.1111111119
140341  -28.009  16.178  -33.150 0.1111111119
89204  -31.808  5.993  -38.169 0.1111111119
146246  -30.759  7.789  -38.075 0.2222222239
93957  -21.644  11.802  -33.205 0.4444444478
87166  -34.481  4.104  -34.420 0.1111111119
89205  -32.304  6.661  -37.863 0.1111111119
91244  -31.943  8.331  -38.061 0.1111111119
90226  -32.158  7.496  -37.683 0.1111111119
94932  -27.540  11.907  -35.514 0.2222222239
94933  -28.612  12.140  -35.558 0.2222222239
94017  -30.811  11.168  -37.411 0.1111111119
153581  -30.005  14.388  -38.534 0.1111111119
97879  -29.468  15.403  -38.306 0.1111111119
96922  -30.092  14.189  -37.933 0.1111111119
96927  -30.219  13.837  -38.783 0.1111111119
94044  -30.964  11.723  -39.208 0.1111111119
94941  -30.645  11.962  -37.708 0.2222222239
130147  -23.304  13.896  -33.891 0.3333333433
95941  -28.435  13.807  -35.525 0.2222222239
95912  -21.421  13.356  -32.542 0.3333333433
96891  -21.898  14.173  -32.230 0.1111111119
96899  -24.126  14.265  -34.219 0.3333333433
96907  -26.455  14.087  -34.766 0.2222222239
98658  -28.973  16.072  -37.592 0.1111111119
97889  -29.654  15.520  -39.110 0.1111111119
96879  -22.292  14.697  -29.969 0.1111111119
97810  -23.031  15.289  -30.261 0.1111111119
154165  -23.136  14.723  -32.262 0.1111111119
131176  -24.259  14.901  -33.520 0.3333333433
96900  -25.794  14.335  -34.372 0.2222222239
97853  -26.930  15.639  -34.587 0.1111111119
98657  -28.205  16.626  -37.010 0.1111111119
97823  -23.830  15.394  -31.438 0.1111111119
97811  -23.746  15.431  -30.467 0.1111111119
97836  -24.732  15.542  -32.437 0.1111111119
97845  -25.535  15.309  -33.377 0.1111111119
99545  -27.363  17.208  -35.353 0.1111111119
129882  -26.154  15.553  -30.293 0.1111111119
142038  -27.605  15.813  -33.130 0.1111111119
98638  -27.361  16.923  -34.573 0.1111111119
84139  -34.179  1.288  -34.193 0.1111111119
94972  -30.572  12.193  -39.720 0.1111111119
99553  -27.350  17.589  -36.131 0.1111111119
98639  -27.769  17.071  -34.059 0.1111111119
93070  -31.523  10.741  -38.388 0.1111111119
95965  -29.952  12.442  -40.103 0.1111111119
131956  -21.764  14.355  -31.449 0.1111111119
95878  -20.713  14.160  -29.873 0.1111111119
95964  -29.869  13.278  -39.756 0.1111111119
97798  -23.379  15.493  -29.599 0.1111111119
98666  -28.774  16.945  -37.773 0.1111111119
99536  -27.586  17.569  -34.839 0.1111111119
149123  -25.869  -17.506  -27.593 0.2222222239
78584  -23.189  -4.106  -30.724 0.2222222239
76724  -23.582  -6.827  -29.925 0.3333333433
78567  -23.466  -4.800  -30.347 0.3333333433
92033  -19.783  9.661  -31.382 0.3333333433
92027  -19.374  9.787  -30.781 0.2222222239
93932  -18.699  11.804  -30.074 0.1111111119
94863  -19.561  12.392  -30.951 0.1111111119
93940  -19.760  11.803  -31.334 0.2222222239
133233  -19.669  4.472  -29.835 0.2222222239
85119  -20.148  3.328  -29.753 0.1111111119
77656  -23.540  -5.511  -30.237 0.2222222239
86139  -19.647  3.948  -29.508 0.1111111119
89071  -19.452  7.849  -29.076 0.1111111119
128528  -17.414  7.735  -28.500 0.1111111119
137709  -16.888  9.997  -28.882 0.1111111119
93922  -18.251  11.677  -29.417 0.1111111119
94862  -18.891  12.554  -30.270 0.1111111119
95892  -19.339  13.168  -30.260 0.1111111119
136409  -19.650  8.934  -31.142 0.2222222239
90095  -17.462  7.841  -29.264 0.1111111119
82180  -22.234  -0.433  -31.640 0.2222222239
91130  -19.352  9.209  -30.763 0.1111111119
82168  -22.184  -0.430  -31.574 0.1111111119
153168  -21.848  0.474  -30.373 0.3333333433
92974  -19.558  10.515  -31.074 0.3333333433
92966  -19.155  11.064  -30.570 0.1111111119
92020  -17.879  9.343  -29.552 0.1111111119
92026  -18.828  10.097  -30.349 0.1111111119
91114  -18.679  8.009  -28.812 0.1111111119
92965  -18.564  10.883  -29.965 0.1111111119
92944  -17.040  9.509  -27.719 0.1111111119
92950  -17.162  9.989  -27.833 0.1111111119
92957  -17.259  10.267  -28.596 0.1111111119
92010  -16.872  8.960  -28.182 0.1111111119
65581  -26.556  -17.767  -27.728 0.1111111119
134346  -27.247  -17.791  -27.605 0.1111111119
65567  -24.225  -16.924  -25.990 0.1111111119
66578  -24.391  -16.351  -26.581 0.1111111119
66593  -24.827  -16.575  -27.109 0.1111111119
68488  -24.196  -14.852  -26.925 0.1111111119
75740  -23.518  -7.158  -28.712 0.1111111119
80372  -22.830  -3.154  -30.700 0.1111111119
79450  -23.080  -3.677  -30.503 0.1111111119
84098  -21.355  2.162  -31.592 0.2222222239
136549  -21.358  2.123  -30.183 0.2222222239
155513  -21.481  2.528  -29.384 0.2222222239
65568  -24.694  -17.269  -26.751 0.1111111119
80388  -22.696  -2.688  -31.207 0.1111111119
65553  -24.348  -17.750  -26.063 0.1111111119
65580  -25.263  -17.866  -27.210 0.1111111119
64654  -25.979  -18.285  -27.516 0.1111111119
67537  -23.660  -15.277  -26.074 0.1111111119
155415  -23.840  -15.064  -26.467 0.1111111119
69492  -23.941  -13.267  -27.045 0.1111111119
74719  -23.702  -7.999  -28.492 0.1111111119
76703  -23.487  -6.310  -29.048 0.1111111119
78552  -23.581  -4.956  -30.033 0.1111111119
79449  -23.162  -3.606  -30.148 0.1111111119
84072  -21.606  1.706  -29.878 0.2222222239
85102  -21.351  2.916  -28.888 0.2222222239
85100  -20.556  2.887  -29.061 0.1111111119
65583  -28.123  -17.465  -27.271 0.1111111119
64637  -25.365  -18.709  -27.068 0.1111111119
84071  -20.780  2.622  -30.066 0.2222222239
84070  -19.293  2.932  -29.938 0.1111111119
76742  -23.532  -6.126  -29.945 0.1111111119
69491  -23.878  -12.305  -27.113 0.1111111119
71561  -23.885  -11.025  -27.727 0.1111111119
67538  -24.075  -15.558  -26.527 0.1111111119
65579  -25.267  -17.080  -27.330 0.1111111119
78566  -23.416  -4.173  -30.145 0.1111111119
76723  -23.530  -6.694  -29.401 0.1111111119
77619  -23.544  -4.650  -29.774 0.1111111119
64636  -24.744  -18.231  -26.676 0.1111111119
75712  -23.424  -7.017  -28.516 0.1111111119
85110  -21.367  2.321  -29.666 0.1111111119
68487  -23.673  -14.577  -26.312 0.1111111119
138391  -23.518  -7.817  -27.859 0.1111111119
131650  -23.502  -6.041  -29.595 0.1111111119
86133  -21.486  3.627  -28.950 0.1111111119
86118  -20.705  4.075  -28.486 0.1111111119
87083  -19.598  5.241  -29.703 0.1111111119
83103  -21.941  0.978  -29.737 0.1111111119
87085  -19.598  4.480  -28.652 0.1111111119
88056  -19.452  5.656  -28.738 0.1111111119
89086  -19.626  6.140  -29.112 0.1111111119
65582  -26.947  -17.259  -28.074 0.3333333433
69518  -26.545  -14.198  -30.290 0.3333333433
69538  -27.894  -13.176  -31.356 0.3333333433
71606  -31.063  -11.230  -32.468 0.3333333433
72629  -28.904  -10.259  -33.328 0.4444444478
74802  -32.468  -8.477  -34.167 0.2222222239
75761  -23.690  -7.434  -29.056 0.1111111119
79437  -23.230  -3.660  -29.919 0.1111111119
84060  -19.099  2.971  -29.743 0.1111111119
84061  -19.332  2.915  -29.960 0.1111111119
84062  -20.899  2.539  -29.575 0.2222222239
84069  -19.878  3.174  -29.692 0.1111111119
84155  -24.697  1.472  -35.409 1.0000000000
84180  -27.238  1.975  -37.319 0.8888888955
84182  -29.729  1.433  -37.314 0.6666666865
85090  -21.030  3.101  -28.615 0.1111111119
85101  -21.100  2.628  -28.914 0.2222222239
85108  -19.851  3.306  -29.289 0.1111111119
85109  -20.325  3.444  -30.427 0.1111111119
85120  -20.313  3.279  -30.535 0.3333333433
86116  -19.523  4.066  -28.908 0.1111111119
86119  -21.167  3.400  -28.648 0.1111111119
86130  -19.584  4.161  -29.482 0.1111111119
86132  -20.554  3.279  -28.749 0.1111111119
86147  -19.993  3.833  -29.699 0.1111111119
86148  -20.302  3.766  -30.254 0.3333333433
86161  -20.416  3.580  -30.906 0.4444444478
87064  -19.453  5.207  -28.863 0.1111111119
87067  -21.035  4.094  -28.517 0.1111111119
87084  -19.526  4.826  -29.526 0.1111111119
87086  -19.882  4.561  -27.994 0.1111111119
87099  -20.009  5.725  -30.217 0.3333333433
87100  -19.580  4.540  -29.632 0.2222222239
87111  -19.778  5.169  -30.217 0.3333333433
87112  -20.153  4.914  -30.573 0.4444444478
87113  -20.777  4.864  -31.414 0.4444444478
87180  -26.571  4.455  -37.374 0.8888888955
87188  -27.006  5.014  -37.558 0.8888888955
88071  -19.609  5.550  -29.342 0.1111111119
88088  -19.769  5.953  -29.493 0.3333333433
88103  -20.015  6.415  -29.720 0.3333333433
88118  -20.422  5.378  -30.866 0.3333333433
89098  -19.735  6.613  -29.353 0.1111111119
89099  -20.043  6.969  -29.659 0.4444444478
89114  -20.329  6.343  -30.181 0.3333333433
89115  -20.426  6.842  -30.386 0.3333333433
89134  -20.887  6.677  -31.598 0.4444444478
89184  -23.754  6.680  -35.388 0.6666666865
90072  -17.102  7.963  -28.694 0.1111111119
90087  -19.945  8.135  -28.990 0.1111111119
90094  -19.525  7.971  -29.495 0.1111111119
90120  -20.371  7.375  -30.223 0.4444444478
90138  -20.663  7.401  -31.280 0.5555555820
90213  -25.863  7.381  -36.963 0.6666666865
91122  -16.818  8.297  -28.742 0.1111111119
91123  -17.431  8.364  -29.430 0.1111111119
91138  -20.148  8.218  -30.570 0.3333333433
91151  -20.758  8.148  -31.642 0.5555555820
92011  -17.190  9.028  -27.767 0.1111111119
92012  -18.185  9.764  -28.467 0.1111111119
92019  -16.826  9.181  -28.855 0.1111111119
92021  -18.398  10.512  -29.755 0.1111111119
92040  -20.851  9.630  -32.391 0.4444444478
92956  -16.836  9.701  -28.358 0.1111111119
92958  -18.002  11.087  -29.353 0.1111111119
93010  -23.086  10.592  -34.533 0.5555555820
93028  -24.158  10.400  -35.677 0.5555555820
93933  -19.328  11.751  -30.733 0.1111111119
93947  -20.625  12.029  -32.215 0.4444444478
93958  -22.265  11.736  -33.795 0.4444444478
93987  -23.806  11.059  -35.280 0.4444444478
94872  -20.039  12.442  -31.534 0.2222222239
95917  -21.829  13.155  -33.215 0.3333333433
96889  -22.719  14.541  -31.799 0.1111111119
128529  -16.883  7.961  -28.172 0.1111111119
129072  -17.215  7.697  -28.741 0.1111111119
130664  -19.686  7.643  -28.851 0.1111111119
130932  -20.105  3.069  -29.533 0.1111111119
132538  -17.995  7.762  -28.649 0.1111111119
133866  -24.082  15.526  -29.602 0.1111111119
135499  -32.714  -9.765  -31.881 0.1111111119
136079  -20.065  4.343  -30.186 0.2222222239
137621  -20.738  6.015  -31.448 0.4444444478
137834  -19.451  3.310  -29.458 0.1111111119
139603  -26.814  6.392  -37.643 0.6666666865
139823  -20.514  5.868  -31.063 0.3333333433
140186  -25.593  -0.075  -35.436 0.8888888955
141978  -21.627  4.829  -32.999 0.6666666865
142344  -23.509  7.299  -35.134 0.6666666865
143834  -19.548  11.243  -31.073 0.4444444478
144509  -30.975  -0.723  -37.335 0.6666666865
150095  -20.339  6.973  -30.017 0.3333333433
151028  -20.708  3.471  -31.347 0.3333333433
151048  -19.560  4.874  -30.180 0.1111111119
151417  -24.337  9.980  -35.950 0.5555555820
152587  -32.869  -4.343  -34.647 0.2222222239
152929  -28.560  -7.871  -34.217 0.5555555820
154139  -31.332  1.310  -36.979 0.5555555820
154311  -29.271  3.540  -37.627 0.7777777910
154363  -19.086  10.423  -30.516 0.3333333433
155279  -32.574  -8.105  -34.765 0.2222222239
