#!ascii label  , from subject sub125 vox2ras=TkReg
1734
146380  -36.365  -42.525  -27.465 0.5000000000
39054  -35.841  -42.227  -27.874 0.4000000060
39053  -35.050  -42.436  -28.155 0.6000000238
40141  -35.237  -41.924  -28.813 0.6000000238
41329  -36.057  -40.867  -29.810 0.6000000238
40142  -36.247  -41.546  -28.329 0.5000000000
42378  -36.388  -40.125  -30.241 0.6000000238
40140  -34.792  -41.796  -28.869 0.6999999881
39038  -34.962  -42.786  -27.462 0.6999999881
41341  -34.875  -41.282  -30.274 0.6999999881
41328  -35.364  -41.401  -30.075 0.6999999881
42389  -35.746  -39.914  -30.546 0.6999999881
136436  -36.693  -39.444  -30.650 0.5000000000
42379  -37.449  -39.652  -30.109 0.5000000000
144554  -30.681  -46.110  -27.318 0.5000000000
40153  -34.325  -41.351  -29.767 0.6999999881
41342  -35.535  -40.774  -30.341 0.6999999881
41327  -33.886  -40.542  -29.964 0.6999999881
137195  -35.096  -39.523  -30.532 0.6999999881
41340  -34.318  -41.001  -30.258 0.6999999881
42387  -34.385  -39.575  -30.390 0.6999999881
43405  -36.983  -38.760  -30.802 0.6000000238
41266  -35.523  -41.117  -24.472 0.6999999881
41282  -35.359  -41.021  -25.645 0.6999999881
40128  -34.477  -41.925  -28.084 0.6999999881
139601  -34.430  -41.251  -27.470 0.6999999881
35749  -30.384  -45.217  -26.956 0.6000000238
33614  -29.616  -47.309  -28.283 0.4000000060
40139  -33.941  -40.948  -29.449 0.6999999881
43404  -35.860  -38.965  -30.724 0.6999999881
142530  -34.789  -37.173  -30.471 0.6999999881
44450  -37.249  -37.999  -30.665 0.6000000238
41247  -36.029  -40.323  -23.689 0.6999999881
40079  -35.620  -41.268  -23.283 0.6999999881
42318  -35.812  -40.276  -24.787 0.6999999881
37958  -29.770  -43.848  -25.395 0.6000000238
139986  -35.255  -40.322  -26.253 0.6999999881
42365  -34.062  -39.759  -28.083 0.6999999881
41293  -34.646  -40.416  -27.000 0.6999999881
139501  -35.621  -40.094  -25.523 0.6999999881
42330  -36.092  -39.460  -25.056 0.6999999881
36939  -30.070  -44.557  -28.100 0.5000000000
34686  -30.181  -46.542  -28.204 0.5000000000
42386  -33.994  -39.605  -30.101 0.6999999881
41311  -33.791  -40.337  -29.308 0.6999999881
43348  -35.930  -38.699  -25.576 0.6999999881
34677  -29.241  -46.734  -28.228 0.4000000060
43403  -34.710  -38.628  -30.444 0.6999999881
42364  -33.827  -39.837  -28.764 0.6999999881
42339  -35.061  -39.551  -26.679 0.6999999881
43359  -35.382  -38.732  -26.355 0.6999999881
33607  -27.374  -47.460  -27.594 0.4000000060
144328  -33.898  -38.583  -29.726 0.6999999881
43358  -34.760  -38.730  -27.117 0.6999999881
144249  -35.126  -38.111  -26.705 0.6999999881
44448  -35.248  -37.986  -30.524 0.6999999881
143104  -34.118  -37.945  -30.217 0.6999999881
45555  -33.008  -37.103  -28.072 0.6999999881
44422  -33.910  -37.578  -27.708 0.6999999881
140630  -35.713  -37.234  -30.317 0.6999999881
43388  -33.745  -37.949  -28.370 0.6999999881
45576  -37.079  -36.364  -29.761 0.6000000238
45575  -36.087  -36.377  -30.269 0.6999999881
45574  -35.027  -36.444  -30.489 0.6999999881
47443  -37.801  -34.152  -29.914 0.5000000000
145032  -40.075  -34.840  -30.032 0.4000000060
149834  -39.286  -34.773  -29.745 0.5000000000
43338  -36.648  -39.007  -23.987 0.6999999881
131508  -29.850  -42.120  -25.799 0.6000000238
42349  -34.510  -39.652  -27.381 0.6999999881
36925  -30.279  -44.250  -27.670 0.5000000000
43396  -33.782  -37.779  -29.907 0.6999999881
156211  -33.775  -38.484  -29.089 0.6999999881
44447  -34.349  -37.579  -30.391 0.6999999881
45566  -32.789  -36.624  -28.988 0.6999999881
145907  -36.092  -33.994  -30.655 0.6999999881
141934  -36.747  -34.547  -30.213 0.6999999881
140627  -36.430  -35.483  -30.174 0.6999999881
133766  -36.940  -33.704  -30.513 0.6999999881
145851  -31.553  -39.964  -22.667 0.6999999881
42278  -33.316  -39.220  -22.032 0.6999999881
43283  -34.276  -38.576  -21.847 0.8000000119
43284  -34.975  -38.349  -21.730 0.8000000119
41246  -30.999  -40.251  -23.077 0.6000000238
42302  -31.348  -39.529  -23.225 0.6000000238
43301  -33.019  -38.628  -22.394 0.6000000238
144091  -35.410  -38.999  -21.887 0.8000000119
42301  -30.532  -39.711  -23.762 0.6000000238
135359  -31.088  -39.022  -23.685 0.6000000238
151720  -36.422  -38.956  -23.170 0.6999999881
40077  -29.760  -41.050  -24.037 0.6000000238
152468  -29.933  -40.283  -24.128 0.6000000238
39015  -29.959  -42.649  -26.861 0.6000000238
40106  -29.999  -41.246  -25.881 0.6000000238
43349  -36.483  -38.661  -24.739 0.6999999881
150571  -30.128  -43.801  -28.134 0.5000000000
37983  -30.172  -43.263  -27.860 0.6000000238
150069  -36.887  -38.369  -24.122 0.6999999881
44390  -35.627  -37.966  -26.074 0.6999999881
44446  -33.666  -37.181  -30.104 0.6999999881
44430  -33.456  -37.587  -29.168 0.6999999881
44403  -34.563  -37.818  -27.226 0.6999999881
47442  -35.199  -34.136  -30.593 0.8000000119
140628  -35.423  -35.615  -30.473 0.6999999881
45572  -32.962  -36.486  -29.866 0.6999999881
45529  -34.139  -36.948  -27.302 0.6999999881
45573  -33.904  -36.619  -30.328 0.6999999881
45567  -32.556  -35.839  -29.186 0.6999999881
48449  -38.678  -33.420  -30.087 0.5000000000
47446  -40.267  -33.790  -30.119 0.5000000000
48450  -39.628  -33.139  -30.197 0.5000000000
134227  -41.074  -33.659  -30.367 0.4000000060
43300  -32.327  -38.242  -22.866 0.6000000238
44333  -33.672  -38.110  -22.130 0.6999999881
44334  -34.426  -37.690  -21.988 0.8000000119
44335  -35.236  -37.549  -21.869 0.8999999762
43299  -31.790  -38.797  -23.278 0.6000000238
44352  -36.007  -37.496  -22.205 0.8000000119
43303  -36.398  -38.160  -22.733 0.8000000119
44368  -36.921  -37.578  -23.219 0.8000000119
42317  -30.081  -39.622  -24.789 0.6000000238
42316  -30.009  -39.799  -25.713 0.6000000238
43327  -37.201  -37.768  -23.897 0.8000000119
37994  -29.986  -43.118  -28.171 0.6000000238
130799  -30.091  -41.747  -26.846 0.6000000238
138926  -30.339  -40.884  -26.877 0.6000000238
44381  -36.915  -37.901  -24.671 0.6999999881
140033  -29.812  -44.905  -28.191 0.5000000000
45531  -36.387  -36.640  -26.098 0.6999999881
44392  -36.953  -37.267  -25.414 0.6999999881
138020  -28.324  -45.068  -27.636 0.5000000000
36937  -28.737  -44.189  -27.875 0.5000000000
44405  -35.893  -37.273  -25.991 0.6999999881
44404  -35.153  -37.434  -26.696 0.6999999881
47441  -34.827  -34.931  -30.436 0.8000000119
46517  -33.146  -35.781  -30.048 0.6999999881
138731  -33.217  -36.463  -27.752 0.6999999881
47440  -33.855  -35.032  -29.997 0.6999999881
47445  -39.455  -33.954  -29.705 0.5000000000
43325  -31.753  -37.993  -23.288 0.6999999881
44367  -32.094  -37.269  -22.903 0.6999999881
44350  -32.969  -37.717  -22.552 0.6999999881
44351  -33.709  -37.326  -22.336 0.8000000119
139780  -34.727  -36.791  -21.974 0.8000000119
43324  -31.199  -38.240  -23.892 0.6999999881
45473  -33.006  -36.708  -22.653 0.8000000119
45463  -36.059  -36.193  -21.914 0.8000000119
43337  -30.579  -38.174  -24.673 0.6000000238
44353  -36.558  -37.380  -22.636 0.8000000119
141708  -30.260  -38.852  -25.188 0.6000000238
44369  -37.496  -36.939  -23.605 0.6999999881
148479  -29.935  -42.280  -27.716 0.6000000238
40115  -30.183  -41.324  -27.644 0.6000000238
45511  -37.785  -36.627  -25.055 0.8000000119
45499  -37.891  -36.654  -24.237 0.6999999881
39036  -29.410  -42.339  -28.047 0.6000000238
135319  -37.722  -36.128  -25.633 0.8000000119
36924  -27.842  -44.378  -27.232 0.4000000060
156402  -34.691  -36.354  -27.158 0.6999999881
45530  -35.356  -36.641  -26.735 0.6999999881
34663  -26.362  -46.195  -26.901 0.4000000060
131950  -36.046  -36.088  -26.567 0.6999999881
45548  -34.064  -36.059  -27.397 0.6999999881
46505  -32.766  -35.665  -28.527 0.6999999881
48456  -36.074  -32.876  -31.085 0.8000000119
48457  -36.891  -33.056  -31.030 0.6999999881
48448  -37.787  -33.168  -30.640 0.5000000000
49470  -39.838  -32.286  -30.762 0.5000000000
49459  -39.003  -32.742  -30.578 0.5000000000
49461  -41.436  -32.813  -30.577 0.4000000060
45487  -32.230  -36.272  -23.059 0.6000000238
155488  -32.776  -35.851  -22.854 0.6999999881
46431  -35.290  -35.895  -21.878 0.8000000119
44380  -30.998  -37.416  -24.371 0.6999999881
45477  -37.451  -36.158  -23.106 0.8000000119
43347  -30.043  -38.142  -25.462 0.6000000238
46444  -37.247  -35.346  -22.792 0.8000000119
148688  -29.620  -37.975  -26.285 0.6000000238
46453  -37.913  -35.493  -23.419 0.8000000119
45488  -38.048  -36.187  -23.757 0.8000000119
40127  -29.776  -41.595  -28.079 0.6000000238
144424  -30.294  -39.811  -27.883 0.6000000238
45532  -37.066  -35.968  -26.234 0.8999999762
46465  -38.414  -35.474  -24.825 0.8000000119
46489  -36.276  -35.453  -26.740 0.8000000119
46490  -37.157  -35.250  -26.436 0.8000000119
37993  -28.630  -43.419  -27.961 0.5000000000
48421  -35.021  -33.565  -27.587 0.8000000119
46488  -35.190  -35.798  -27.082 0.6999999881
49457  -34.969  -32.737  -30.987 0.8000000119
144472  -34.389  -34.257  -30.193 0.8000000119
136669  -34.005  -34.499  -29.486 0.8000000119
46512  -33.014  -35.176  -28.844 0.8000000119
46498  -34.286  -35.104  -27.466 0.6999999881
154177  -35.503  -32.797  -31.064 0.8000000119
47434  -33.158  -35.191  -29.417 0.8000000119
47428  -33.430  -35.050  -28.204 0.6999999881
47427  -33.781  -34.549  -28.965 0.8000000119
48455  -35.637  -32.317  -31.383 0.8000000119
48439  -34.182  -33.647  -29.419 0.8000000119
150461  -38.009  -32.097  -31.818 0.6000000238
130649  -37.487  -32.570  -31.370 0.6000000238
49469  -39.047  -32.266  -31.141 0.5000000000
46452  -31.687  -35.632  -23.533 0.6000000238
45475  -34.310  -35.871  -22.166 0.6999999881
45497  -30.621  -36.752  -24.686 0.6000000238
46430  -34.682  -35.011  -22.058 0.6999999881
46443  -36.598  -35.181  -22.289 0.6999999881
44389  -30.251  -37.402  -24.945 0.6000000238
46464  -31.158  -35.358  -24.293 0.6000000238
46451  -31.467  -34.708  -23.788 0.6000000238
45510  -29.928  -36.485  -25.385 0.6000000238
42338  -30.064  -39.084  -27.652 0.6000000238
44388  -29.641  -37.350  -25.734 0.6000000238
47375  -37.696  -34.583  -23.169 0.6999999881
41310  -29.347  -40.964  -28.389 0.5000000000
46454  -38.342  -35.558  -24.042 0.8000000119
40138  -28.068  -40.995  -28.421 0.3000000119
47409  -37.542  -34.585  -26.365 0.8000000119
46474  -37.993  -35.374  -25.761 0.8000000119
47408  -36.575  -34.725  -26.862 0.8000000119
48412  -36.923  -33.981  -26.934 0.8000000119
48444  -34.262  -33.605  -29.939 0.8000000119
138617  -33.571  -34.574  -28.486 0.8000000119
47418  -34.886  -34.333  -27.399 0.8000000119
48431  -34.152  -33.385  -28.980 0.8000000119
49451  -34.123  -32.633  -29.527 0.8000000119
49468  -36.598  -32.466  -31.477 0.6999999881
50598  -38.546  -31.608  -32.093 0.6000000238
50600  -41.371  -31.362  -31.282 0.3000000119
47374  -31.957  -34.490  -23.413 0.6000000238
46441  -32.874  -34.874  -22.895 0.6999999881
153699  -34.248  -34.176  -22.359 0.6999999881
47363  -35.029  -33.993  -21.997 0.6999999881
44400  -26.621  -36.851  -26.288 0.5000000000
141099  -30.634  -35.911  -24.830 0.6000000238
46463  -30.605  -34.860  -24.990 0.6000000238
47365  -36.862  -34.522  -22.549 0.6999999881
43373  -29.451  -38.492  -28.325 0.5000000000
45509  -29.413  -36.662  -26.242 0.5000000000
46473  -30.031  -35.378  -25.587 0.6000000238
48373  -37.922  -33.604  -23.195 0.6999999881
42361  -27.977  -39.371  -28.273 0.3000000119
42363  -29.251  -39.613  -28.739 0.5000000000
47376  -38.345  -34.237  -23.720 0.8000000119
48397  -38.751  -33.999  -25.032 0.8000000119
155316  -38.490  -34.733  -24.388 0.8000000119
136528  -37.921  -33.818  -26.396 0.8999999762
47410  -38.319  -34.377  -25.719 0.8000000119
48413  -38.730  -33.564  -25.815 0.8000000119
39025  -27.082  -42.771  -27.733 0.4000000060
132782  -35.425  -32.910  -27.755 0.8999999762
47419  -35.857  -34.148  -27.301 0.8999999762
49418  -37.400  -33.295  -27.144 0.8999999762
49467  -34.947  -32.019  -31.277 0.8000000119
132818  -34.416  -32.906  -30.353 0.8000000119
48432  -34.099  -33.940  -28.482 0.8000000119
47417  -34.141  -34.210  -27.832 0.8000000119
50596  -36.279  -31.851  -31.853 0.6999999881
50597  -37.753  -31.544  -32.298 0.6000000238
50614  -39.148  -31.107  -32.333 0.6000000238
50615  -39.940  -30.996  -32.095 0.6000000238
47373  -31.576  -33.680  -24.036 0.6000000238
47361  -32.596  -33.755  -23.401 0.6000000238
47362  -33.488  -33.671  -23.087 0.6999999881
47385  -31.119  -34.264  -24.468 0.6000000238
48361  -34.974  -32.885  -22.513 0.6999999881
47384  -30.624  -33.653  -25.179 0.6000000238
155810  -35.603  -33.604  -22.359 0.8000000119
139099  -28.934  -36.745  -27.513 0.6000000238
45528  -29.149  -36.400  -27.185 0.5000000000
47393  -30.164  -34.288  -25.810 0.6000000238
132399  -36.316  -33.709  -22.552 0.6999999881
43371  -27.944  -38.525  -28.181 0.4000000060
48374  -38.510  -33.422  -23.790 0.6999999881
41308  -28.186  -40.110  -28.361 0.4000000060
139386  -38.624  -33.940  -24.298 0.8000000119
49431  -37.887  -32.605  -27.384 0.8000000119
48414  -39.145  -32.816  -26.094 0.8000000119
49445  -35.354  -32.219  -28.060 0.8999999762
149767  -36.846  -32.624  -27.577 0.8000000119
49430  -36.005  -32.606  -27.754 0.8000000119
49443  -34.185  -32.338  -28.908 0.8000000119
48420  -34.428  -33.513  -28.037 0.6999999881
49456  -34.485  -32.084  -30.715 0.8000000119
49428  -34.379  -33.076  -28.492 0.8000000119
50595  -35.309  -31.542  -31.748 0.8000000119
50575  -34.151  -31.835  -30.069 0.8000000119
50612  -37.456  -30.771  -32.521 0.6999999881
52890  -39.043  -29.596  -32.904 0.6000000238
52891  -39.822  -30.186  -33.181 0.6000000238
48383  -31.129  -32.948  -24.695 0.6000000238
48360  -34.291  -31.900  -23.235 0.8000000119
130115  -34.326  -33.154  -22.769 0.6999999881
46471  -26.952  -34.465  -25.978 0.5000000000
47406  -29.692  -33.765  -26.471 0.5000000000
48362  -36.564  -33.018  -22.856 0.8000000119
48363  -37.126  -33.733  -22.809 0.6999999881
47414  -27.786  -34.814  -27.015 0.5000000000
47405  -29.183  -34.271  -26.905 0.5000000000
49362  -36.285  -32.045  -23.326 0.8000000119
49377  -37.130  -31.592  -23.388 0.8000000119
46486  -27.531  -35.546  -26.733 0.5000000000
49378  -38.100  -32.652  -23.334 0.8000000119
49379  -38.737  -32.665  -23.969 0.8000000119
145078  -39.135  -31.998  -24.290 0.8000000119
48384  -38.939  -33.238  -24.522 0.8000000119
48398  -39.139  -33.118  -25.319 0.8000000119
49397  -39.307  -32.576  -24.870 0.8000000119
49419  -38.387  -33.120  -26.629 0.8000000119
49446  -36.304  -32.030  -27.971 0.8000000119
49432  -38.797  -32.371  -26.919 0.8000000119
50567  -35.069  -31.383  -28.375 0.8000000119
49444  -34.608  -32.174  -28.421 0.8999999762
50583  -34.227  -31.244  -30.725 0.8000000119
50611  -36.484  -30.821  -32.406 0.6999999881
51746  -35.600  -30.875  -32.136 0.6999999881
51760  -38.300  -30.232  -32.566 0.6999999881
51758  -36.053  -30.238  -32.316 0.6999999881
147465  -36.828  -30.222  -32.463 0.6999999881
51759  -37.531  -29.866  -32.497 0.6999999881
52889  -38.239  -29.471  -32.569 0.6999999881
49374  -32.240  -30.706  -24.028 0.8000000119
133358  -32.131  -31.610  -24.096 0.6000000238
48372  -32.893  -31.144  -24.205 0.6000000238
49359  -33.517  -30.922  -23.828 0.8000000119
44365  -28.870  -36.893  -23.499 0.6000000238
46449  -28.322  -35.248  -24.287 0.5000000000
48382  -30.580  -32.179  -25.372 0.6000000238
49395  -30.940  -30.954  -24.462 0.6000000238
152844  -34.888  -31.971  -23.134 0.8000000119
42257  -29.135  -39.787  -22.135 0.6000000238
44348  -29.384  -37.551  -22.657 0.6000000238
45471  -29.524  -36.478  -22.793 0.6000000238
47383  -28.838  -32.993  -24.323 0.5000000000
49409  -29.079  -31.071  -25.725 0.5000000000
40009  -30.863  -41.256  -19.131 0.5000000000
41205  -30.077  -40.604  -20.355 0.5000000000
43280  -30.178  -38.590  -21.618 0.6000000238
154006  -27.167  -33.790  -26.046 0.5000000000
132331  -28.481  -32.009  -25.177 0.5000000000
142844  -38.325  -31.805  -23.656 0.8000000119
41206  -30.912  -40.222  -20.060 0.5000000000
48410  -28.587  -32.534  -26.442 0.5000000000
39994  -30.104  -42.121  -18.201 0.4000000060
48419  -28.522  -33.686  -26.893 0.5000000000
50558  -39.177  -31.550  -27.273 0.8000000119
49411  -39.458  -32.337  -25.569 0.8000000119
50526  -39.576  -31.790  -25.034 0.6999999881
50556  -37.271  -31.938  -27.822 0.8000000119
50545  -39.775  -31.259  -26.614 0.8000000119
155517  -38.546  -31.238  -27.845 0.8000000119
51744  -34.031  -30.795  -31.143 0.8999999762
50566  -34.481  -31.242  -28.897 0.8000000119
50568  -35.788  -31.539  -28.222 0.8000000119
50576  -34.319  -30.924  -29.844 1.0000000000
51720  -34.963  -30.528  -28.657 0.8000000119
51757  -35.253  -30.369  -32.014 0.6999999881
50506  -32.107  -30.685  -23.613 0.8000000119
49375  -32.748  -30.571  -23.901 0.8000000119
149987  -33.938  -30.637  -23.417 0.8000000119
44349  -30.121  -36.825  -22.002 0.6000000238
50487  -30.883  -30.939  -23.856 0.6000000238
50505  -31.444  -30.887  -24.064 0.6000000238
49360  -34.355  -30.869  -23.623 0.8000000119
50492  -34.899  -30.468  -23.790 0.8000000119
42250  -30.342  -39.845  -20.839 0.5000000000
44330  -30.109  -37.840  -21.850 0.6000000238
147539  -29.620  -35.683  -22.988 0.6000000238
49371  -29.603  -31.005  -24.483 0.6000000238
49361  -35.324  -31.418  -23.607 0.8000000119
49376  -35.810  -30.888  -23.802 0.8000000119
50507  -36.438  -30.603  -23.647 0.6999999881
43277  -31.063  -38.715  -20.517 0.5000000000
47359  -30.050  -33.700  -22.754 0.6000000238
50504  -30.252  -30.851  -24.624 0.6000000238
39984  -30.285  -41.508  -17.944 0.4000000060
42224  -31.642  -39.292  -19.045 0.4000000060
42251  -31.031  -39.435  -20.312 0.4000000060
44318  -31.404  -38.005  -20.411 0.4000000060
143232  -38.548  -31.100  -23.930 0.6999999881
42223  -31.201  -39.607  -18.687 0.4000000060
43248  -32.039  -38.466  -18.951 0.4000000060
144662  -30.736  -35.514  -21.286 0.4000000060
50509  -39.355  -31.109  -24.446 0.6999999881
44295  -32.116  -37.574  -18.621 0.4000000060
44320  -32.507  -36.866  -19.457 0.5000000000
50531  -39.799  -31.550  -25.787 0.6999999881
43233  -30.940  -38.279  -17.897 0.3000000119
134201  -32.577  -36.916  -18.854 0.5000000000
45447  -31.796  -36.383  -20.676 0.5000000000
50569  -36.638  -31.196  -28.202 0.8000000119
150528  -37.736  -31.259  -28.101 0.8000000119
50532  -40.161  -30.806  -26.013 0.8000000119
141943  -39.626  -30.875  -27.249 0.8000000119
52848  -34.687  -29.762  -28.795 0.8000000119
51721  -35.700  -30.812  -28.396 0.8000000119
51722  -36.357  -30.270  -28.445 0.8000000119
146216  -37.350  -30.487  -28.377 0.8000000119
51736  -34.129  -30.388  -30.230 1.0000000000
52850  -35.989  -29.492  -28.598 0.8000000119
51745  -34.612  -30.853  -31.647 0.8000000119
52860  -34.205  -29.780  -29.435 0.8000000119
143258  -35.487  -30.019  -28.594 0.8000000119
52879  -34.522  -29.992  -31.725 0.8999999762
52886  -35.544  -29.827  -32.110 0.6999999881
52887  -36.578  -29.365  -32.260 0.6999999881
52888  -37.688  -29.060  -32.407 0.6999999881
53964  -38.458  -28.520  -32.704 0.6999999881
53965  -39.325  -28.534  -33.272 0.6000000238
53963  -37.412  -28.060  -32.279 0.6999999881
53976  -39.981  -28.470  -33.694 0.6000000238
50490  -33.524  -30.712  -23.445 0.8000000119
45472  -30.024  -35.860  -22.242 0.5000000000
49349  -30.886  -32.421  -22.343 0.8000000119
50477  -31.817  -31.124  -22.537 0.8000000119
50489  -32.549  -30.652  -23.097 0.8000000119
50491  -34.295  -30.254  -23.469 0.8000000119
43281  -30.677  -38.177  -21.112 0.5000000000
46440  -30.401  -35.255  -21.727 0.6000000238
47360  -30.434  -34.399  -21.886 0.5000000000
50488  -31.418  -30.990  -23.355 0.8000000119
152975  -35.759  -30.338  -23.748 0.6999999881
131864  -31.910  -38.041  -19.611 0.4000000060
45462  -31.019  -36.146  -21.161 0.5000000000
48351  -31.119  -33.142  -21.565 0.6999999881
48370  -30.267  -32.397  -23.035 0.6999999881
51661  -34.757  -29.941  -23.551 0.6999999881
51673  -36.918  -30.220  -23.299 0.6999999881
137702  -31.615  -38.960  -18.652 0.3000000119
50508  -37.542  -30.921  -23.613 0.6999999881
51675  -38.936  -30.510  -23.823 0.6999999881
45430  -32.974  -36.354  -19.219 0.5000000000
51684  -40.098  -30.054  -24.924 0.6999999881
46391  -31.518  -36.352  -17.621 0.4000000060
45417  -32.859  -36.262  -18.550 0.4000000060
51723  -38.900  -29.973  -28.173 0.8000000119
51694  -40.221  -30.282  -25.535 0.6999999881
50570  -38.292  -30.624  -28.222 0.8000000119
141303  -38.001  -29.844  -28.510 0.8000000119
52852  -38.630  -29.156  -28.444 0.6999999881
136640  -37.009  -29.656  -28.606 0.8000000119
52878  -33.738  -30.188  -31.129 0.8999999762
51735  -33.611  -30.032  -30.604 0.8999999762
52870  -32.875  -29.676  -29.601 0.8000000119
53934  -33.933  -28.898  -28.689 0.8000000119
53953  -33.272  -29.650  -31.420 0.8000000119
55007  -34.885  -28.501  -31.828 0.8000000119
146931  -40.437  -29.804  -33.629 0.4000000060
53962  -36.126  -28.317  -31.938 0.8000000119
55032  -39.029  -26.163  -34.397 0.5000000000
50478  -33.308  -31.026  -22.270 0.6999999881
49340  -32.397  -32.233  -20.914 0.6999999881
50480  -34.878  -30.138  -22.107 0.6999999881
44307  -32.271  -37.547  -19.223 0.4000000060
138124  -33.183  -34.046  -20.076 0.6000000238
50469  -34.124  -31.346  -21.316 0.6999999881
145343  -35.874  -29.922  -23.427 0.6999999881
52798  -36.563  -29.613  -22.883 0.6999999881
52799  -37.605  -29.877  -22.929 0.6999999881
51674  -38.003  -30.461  -23.437 0.6999999881
47334  -33.384  -35.056  -19.264 0.5000000000
52800  -38.601  -29.957  -23.274 0.6999999881
46404  -33.019  -35.670  -18.272 0.4000000060
51683  -39.583  -30.344  -24.410 0.6999999881
137613  -31.803  -35.368  -17.483 0.3000000119
47327  -32.715  -35.177  -17.826 0.3000000119
142492  -33.434  -34.281  -18.464 0.5000000000
51706  -40.110  -30.502  -26.793 0.6999999881
52811  -40.219  -29.456  -24.780 0.6999999881
47316  -33.011  -34.385  -17.902 0.4000000060
51707  -40.345  -30.039  -26.173 0.6999999881
51712  -39.749  -30.059  -27.548 0.6999999881
52851  -37.705  -28.979  -28.704 0.6999999881
53921  -33.714  -29.355  -29.017 0.8000000119
52849  -35.202  -29.445  -28.654 0.8000000119
53923  -35.313  -28.825  -28.746 0.8000000119
131681  -36.628  -28.780  -28.796 0.8000000119
53944  -31.530  -29.684  -29.785 0.8000000119
55006  -33.340  -28.947  -32.087 0.8000000119
52868  -32.139  -29.559  -31.071 0.8000000119
52869  -32.411  -29.861  -30.321 0.8999999762
53954  -34.160  -29.377  -31.897 0.8999999762
55016  -35.630  -27.482  -31.871 0.8000000119
55028  -38.596  -26.787  -33.902 0.6999999881
55029  -39.452  -27.452  -33.934 0.6000000238
147881  -36.655  -27.274  -32.255 0.6999999881
55018  -37.419  -26.869  -32.762 0.6999999881
56042  -35.423  -25.923  -32.654 0.6999999881
50479  -34.181  -30.447  -22.640 0.6999999881
49329  -34.044  -32.716  -19.713 0.6000000238
133315  -34.284  -32.054  -20.307 0.6000000238
51646  -35.660  -30.181  -21.557 0.6999999881
51653  -35.279  -29.666  -22.499 0.6999999881
52786  -35.806  -29.522  -22.920 0.6999999881
47343  -33.197  -34.891  -20.001 0.5000000000
48341  -32.366  -33.449  -20.581 0.6000000238
51654  -36.018  -29.585  -21.911 0.6999999881
52778  -35.631  -29.538  -22.616 0.6999999881
48342  -33.145  -32.871  -20.155 0.6000000238
149574  -33.394  -34.437  -19.561 0.5000000000
48335  -33.692  -33.678  -19.430 0.5000000000
49331  -35.333  -32.085  -19.691 0.6000000238
48318  -33.454  -33.690  -18.137 0.4000000060
48326  -33.810  -33.769  -18.786 0.5000000000
49319  -34.701  -32.715  -18.882 0.6000000238
52789  -39.345  -29.359  -23.039 0.6999999881
130309  -40.408  -28.879  -24.943 0.6999999881
149764  -39.719  -29.311  -23.811 0.6999999881
52831  -40.447  -29.255  -26.275 0.6999999881
142639  -32.421  -32.530  -17.208 0.3000000119
52839  -40.110  -29.156  -27.443 0.6999999881
53924  -37.478  -27.992  -28.845 0.6999999881
53925  -38.377  -28.318  -28.596 0.6999999881
53914  -39.765  -28.478  -27.774 0.6999999881
152675  -33.265  -28.635  -28.835 0.8000000119
54980  -36.197  -27.581  -28.924 0.8000000119
53943  -31.268  -29.051  -30.539 0.8000000119
154403  -31.870  -29.887  -29.299 0.8000000119
149051  -32.624  -29.417  -28.862 0.8000000119
53945  -33.922  -27.734  -29.675 0.8000000119
130869  -32.221  -28.510  -31.450 0.8000000119
56010  -31.085  -26.953  -28.642 0.8000000119
56021  -33.057  -27.257  -29.014 0.8000000119
56012  -33.492  -26.610  -28.753 0.8000000119
56956  -32.265  -25.739  -28.189 0.8000000119
55027  -37.810  -26.365  -33.805 0.6999999881
134930  -35.254  -26.749  -32.058 0.8000000119
155152  -36.877  -26.617  -32.707 0.6000000238
130753  -34.993  -24.793  -32.691 0.6999999881
57014  -35.573  -25.161  -33.132 0.6000000238
56044  -36.997  -25.975  -33.486 0.6000000238
49342  -34.963  -31.740  -20.466 0.6000000238
49330  -34.804  -32.487  -19.563 0.6000000238
135310  -36.959  -29.743  -21.266 0.6999999881
52779  -36.425  -29.479  -22.240 0.6999999881
50460  -35.694  -31.593  -20.120 0.6000000238
52780  -37.527  -29.473  -21.459 0.6999999881
52787  -37.411  -29.521  -22.291 0.6999999881
52788  -38.450  -29.564  -22.521 0.6999999881
139691  -33.970  -32.456  -17.682 0.4000000060
49313  -34.632  -32.228  -18.174 0.4000000060
156516  -36.172  -31.256  -19.572 0.5000000000
147928  -35.214  -31.772  -18.274 0.5000000000
51627  -35.556  -31.151  -17.958 0.5000000000
144253  -33.261  -32.057  -17.149 0.3000000119
50446  -33.975  -31.645  -17.325 0.3000000119
52853  -39.477  -29.230  -28.035 0.6999999881
53879  -40.076  -28.649  -23.493 0.6999999881
50445  -33.097  -31.123  -17.326 0.3000000119
51607  -33.023  -30.420  -17.529 0.3000000119
53900  -40.484  -28.713  -25.660 0.6999999881
53915  -40.205  -28.410  -27.135 0.6999999881
131028  -40.536  -28.239  -25.120 0.6999999881
53935  -34.822  -27.888  -29.424 0.8000000119
129808  -38.187  -27.566  -28.622 0.6999999881
53926  -39.156  -28.458  -28.273 0.6999999881
139089  -40.457  -27.800  -25.721 0.6999999881
54972  -39.202  -27.004  -27.785 0.6999999881
55981  -39.756  -26.683  -26.400 0.6999999881
54996  -31.616  -29.239  -28.988 0.8000000119
54981  -37.522  -27.022  -28.668 0.6999999881
55980  -39.107  -26.147  -26.940 0.6999999881
54997  -32.872  -28.102  -28.969 0.8000000119
54998  -33.862  -26.956  -29.656 0.8000000119
54990  -34.684  -27.261  -28.955 0.8000000119
55999  -35.733  -26.426  -28.664 0.8000000119
55989  -37.621  -26.080  -27.937 0.8000000119
56929  -38.437  -25.223  -26.020 0.6999999881
150226  -30.942  -28.312  -30.273 0.8000000119
132327  -34.554  -26.329  -28.791 0.8000000119
56960  -36.414  -25.822  -27.403 0.8000000119
55005  -31.331  -28.045  -30.978 0.8000000119
56029  -30.812  -27.542  -30.437 0.8000000119
56011  -32.144  -27.004  -28.539 0.8000000119
55998  -33.797  -25.812  -28.002 0.8000000119
56941  -36.087  -25.298  -26.508 0.8000000119
56032  -33.413  -27.711  -31.780 0.8000000119
56009  -30.536  -26.503  -29.251 0.8000000119
55997  -32.867  -25.978  -27.932 0.8000000119
56957  -33.825  -25.204  -27.512 0.8000000119
56940  -35.292  -25.026  -26.763 0.8000000119
56031  -32.267  -27.386  -31.447 0.8000000119
145821  -33.274  -25.367  -27.878 0.8000000119
149415  -33.325  -26.601  -31.660 0.8000000119
56056  -38.636  -25.310  -34.378 0.5000000000
56052  -37.614  -25.471  -34.237 0.6000000238
56995  -33.344  -25.534  -31.828 0.8000000119
154193  -34.089  -26.085  -31.817 0.8000000119
56053  -38.231  -25.798  -34.359 0.6000000238
57025  -37.664  -24.910  -34.229 0.6000000238
57015  -36.294  -24.854  -33.593 0.6000000238
56051  -36.983  -25.149  -33.963 0.6000000238
50461  -36.118  -30.924  -20.506 0.6999999881
50455  -35.687  -31.649  -19.021 0.6000000238
52771  -37.224  -29.862  -20.036 0.6999999881
52773  -38.234  -28.982  -20.741 0.6999999881
52781  -38.327  -29.287  -21.654 0.6999999881
51637  -36.723  -30.558  -19.478 0.5000000000
52772  -37.664  -29.371  -20.423 0.6999999881
51609  -34.645  -31.166  -17.551 0.4000000060
143385  -35.021  -30.426  -17.453 0.4000000060
52744  -35.727  -30.306  -17.747 0.5000000000
52782  -39.140  -29.062  -22.037 0.6999999881
53869  -39.784  -28.583  -22.499 0.6999999881
52725  -33.310  -29.791  -17.583 0.3000000119
129610  -34.892  -29.500  -17.360 0.3000000119
149633  -35.816  -29.502  -17.571 0.5000000000
53864  -39.560  -28.424  -21.607 0.6999999881
52724  -32.647  -29.996  -17.733 0.3000000119
54887  -34.383  -27.632  -17.839 0.3000000119
152632  -40.511  -27.883  -23.606 0.6999999881
54886  -33.430  -27.924  -18.336 0.3000000119
135533  -40.634  -26.752  -24.524 0.6999999881
56000  -36.791  -26.485  -28.514 0.8000000119
54971  -38.527  -26.320  -27.649 0.6999999881
55974  -40.222  -27.098  -25.962 0.6999999881
56930  -39.320  -25.800  -25.987 0.6999999881
56020  -31.366  -27.950  -29.073 0.8000000119
56943  -38.063  -25.617  -26.891 0.8000000119
54995  -31.083  -28.690  -29.571 0.8000000119
56928  -37.351  -25.077  -26.080 0.8000000119
56018  -30.493  -27.237  -29.813 0.8000000119
56958  -34.461  -25.325  -27.297 0.8000000119
57981  -36.056  -24.835  -26.392 0.8000000119
56982  -30.807  -26.505  -30.440 0.8000000119
56030  -31.236  -27.152  -31.082 0.8000000119
55995  -31.204  -26.107  -28.589 0.8000000119
131108  -33.797  -24.926  -27.465 0.8000000119
59153  -34.464  -24.554  -27.430 0.8000000119
59138  -36.320  -24.403  -26.676 0.8000000119
132058  -31.864  -26.227  -31.423 0.8000000119
56994  -31.448  -25.249  -30.984 0.8000000119
57994  -31.579  -25.380  -28.712 0.8000000119
57995  -32.849  -25.011  -28.195 0.8000000119
59154  -36.208  -24.181  -27.887 0.8000000119
140767  -34.132  -24.720  -32.191 0.8000000119
51608  -33.694  -30.674  -17.313 0.3000000119
52765  -37.606  -29.181  -19.310 0.6000000238
51629  -36.398  -30.032  -18.172 0.5000000000
53855  -38.119  -28.772  -19.792 0.6999999881
53863  -38.968  -28.749  -21.132 0.6999999881
53843  -37.212  -28.775  -18.475 0.6000000238
53856  -38.722  -28.281  -20.202 0.6999999881
53857  -39.354  -28.047  -20.800 0.6999999881
53822  -33.328  -28.890  -17.957 0.3000000119
134263  -35.326  -28.520  -17.467 0.3000000119
156237  -38.719  -27.797  -19.697 0.6999999881
53821  -32.714  -28.469  -18.487 0.3000000119
55906  -35.366  -26.288  -18.719 0.3000000119
54931  -39.786  -27.784  -21.308 0.6999999881
54937  -40.110  -27.895  -21.989 0.6999999881
55918  -33.051  -26.295  -20.264 0.3000000119
55904  -33.453  -26.541  -19.779 0.3000000119
138744  -34.616  -26.230  -19.136 0.3000000119
56863  -35.111  -25.810  -19.644 0.3000000119
56871  -32.659  -25.845  -20.794 0.3000000119
55963  -40.450  -26.930  -25.291 0.6999999881
55973  -39.941  -26.413  -25.642 0.6999999881
57982  -36.575  -24.968  -26.112 0.8000000119
150783  -36.553  -24.552  -26.176 0.8000000119
56983  -30.797  -25.642  -29.865 0.8000000119
56973  -30.776  -25.684  -29.073 0.8000000119
142578  -31.185  -25.163  -29.533 0.8000000119
58012  -32.058  -24.669  -29.319 0.8000000119
59173  -33.791  -23.756  -29.145 0.8000000119
59174  -34.662  -23.644  -28.498 0.8000000119
130533  -35.278  -24.141  -27.811 0.8000000119
139869  -32.088  -25.110  -31.797 0.8000000119
58013  -33.129  -24.392  -28.826 0.8000000119
151679  -33.639  -24.040  -32.448 0.6999999881
58056  -34.594  -24.090  -32.590 0.6000000238
53845  -38.336  -28.062  -19.408 0.6000000238
55886  -35.621  -26.859  -18.143 0.4000000060
145244  -37.972  -26.828  -18.700 0.6000000238
54919  -39.169  -27.487  -19.997 0.6999999881
54920  -39.705  -27.276  -20.734 0.6999999881
55908  -37.717  -26.126  -18.582 0.4000000060
54932  -40.196  -27.156  -21.447 0.6999999881
134711  -40.622  -27.249  -23.233 0.6999999881
57898  -35.974  -24.790  -19.809 0.3000000119
134954  -38.321  -25.757  -18.842 0.4000000060
55921  -40.117  -26.381  -20.707 0.6000000238
139025  -40.614  -25.795  -22.497 0.6999999881
55954  -40.671  -26.601  -23.727 0.6999999881
56920  -40.190  -26.092  -24.811 0.6999999881
138385  -40.531  -25.754  -23.343 0.6999999881
56919  -39.451  -25.237  -24.649 0.6999999881
56942  -36.887  -25.600  -26.491 0.8000000119
57970  -37.172  -24.461  -25.950 0.8000000119
57997  -35.331  -24.733  -26.913 0.8000000119
59139  -36.986  -24.012  -26.477 0.8000000119
59152  -33.805  -24.417  -28.069 0.8000000119
59175  -35.866  -23.412  -28.704 0.8000000119
58036  -31.632  -24.347  -31.133 0.8000000119
58022  -32.102  -24.152  -30.482 0.8000000119
59189  -33.390  -23.330  -30.488 0.8000000119
57012  -32.827  -24.541  -32.177 0.8000000119
59226  -34.880  -23.497  -32.754 0.6000000238
59225  -33.798  -23.283  -32.772 0.6999999881
54904  -37.197  -27.884  -18.376 0.6000000238
54905  -37.868  -27.573  -18.770 0.6000000238
54906  -38.558  -27.282  -19.254 0.6000000238
131195  -36.889  -25.939  -18.500 0.3000000119
144651  -39.572  -26.776  -20.151 0.6000000238
56864  -36.489  -25.309  -19.145 0.3000000119
56865  -37.536  -25.287  -18.872 0.3000000119
56875  -39.052  -25.875  -19.246 0.5000000000
56866  -38.610  -25.141  -19.164 0.3000000119
55937  -40.515  -26.287  -21.765 0.6999999881
59086  -34.930  -23.924  -20.928 0.3000000119
57916  -36.233  -23.982  -20.052 0.3000000119
57919  -40.211  -24.707  -20.466 0.4000000060
147658  -34.479  -23.659  -21.389 0.3000000119
135777  -40.469  -25.083  -22.688 0.6000000238
57954  -39.665  -24.498  -24.103 0.6000000238
57962  -38.477  -24.574  -25.502 0.8000000119
57963  -39.007  -24.513  -24.863 0.6999999881
59128  -40.195  -23.493  -23.968 0.6000000238
57971  -37.897  -24.663  -25.954 0.8000000119
59133  -38.810  -23.978  -25.224 0.6999999881
59127  -39.419  -23.787  -24.639 0.6999999881
59132  -38.290  -24.210  -25.969 0.8000000119
59140  -38.818  -23.384  -26.705 0.6999999881
59136  -39.093  -23.451  -25.869 0.6999999881
137852  -39.420  -23.365  -25.241 0.6999999881
59155  -36.971  -23.677  -27.586 0.8000000119
130177  -37.860  -23.915  -26.555 0.8000000119
60330  -39.389  -22.834  -26.377 0.6999999881
60345  -36.703  -23.101  -28.497 0.8000000119
60335  -38.655  -22.794  -27.429 0.6999999881
60336  -39.338  -22.471  -27.073 0.6999999881
148573  -31.333  -25.027  -30.364 0.8000000119
58021  -31.670  -24.561  -30.384 0.8000000119
60346  -37.483  -22.718  -28.281 0.8000000119
59188  -32.418  -23.485  -30.806 0.8000000119
59190  -34.464  -23.203  -29.998 0.8000000119
150204  -36.492  -22.435  -29.462 0.8000000119
59187  -31.892  -23.696  -31.250 0.8000000119
60370  -33.711  -22.459  -30.814 0.8000000119
60372  -35.960  -22.164  -30.443 0.8000000119
57011  -31.891  -24.199  -31.820 0.8000000119
58054  -32.034  -23.301  -32.132 0.8000000119
60404  -32.789  -22.027  -32.200 0.6999999881
147479  -35.615  -23.780  -32.741 0.6000000238
59227  -36.123  -23.449  -32.559 0.6000000238
58055  -32.742  -23.661  -32.283 0.8000000119
130592  -33.443  -22.371  -33.043 0.6999999881
56877  -40.095  -25.563  -20.279 0.5000000000
56885  -40.423  -25.519  -20.998 0.5000000000
57899  -36.844  -24.549  -19.427 0.3000000119
56876  -39.591  -25.152  -19.694 0.4000000060
56899  -40.568  -25.320  -21.869 0.6000000238
59072  -37.198  -23.851  -19.856 0.3000000119
137759  -40.450  -24.781  -21.267 0.5000000000
57939  -40.459  -24.413  -22.060 0.6000000238
59088  -36.644  -23.348  -20.468 0.3000000119
59090  -38.540  -23.207  -20.185 0.3000000119
57948  -40.392  -24.325  -22.912 0.6000000238
59100  -35.030  -23.255  -21.373 0.3000000119
60271  -36.292  -22.976  -21.026 0.3000000119
60274  -38.913  -22.594  -20.531 0.3000000119
60288  -35.699  -22.803  -21.442 0.3000000119
149102  -40.164  -24.172  -23.514 0.6000000238
60304  -34.252  -22.401  -22.323 0.3000000119
60321  -40.186  -22.847  -24.814 0.6999999881
60326  -39.715  -22.729  -25.704 0.6999999881
129794  -38.272  -22.300  -28.076 0.6999999881
61437  -39.050  -21.933  -27.797 0.6999999881
60357  -37.055  -22.165  -28.826 0.6999999881
147355  -36.604  -21.722  -30.238 0.6999999881
60369  -32.722  -22.718  -31.448 0.8000000119
61474  -34.067  -21.720  -31.146 0.6999999881
60371  -34.907  -22.373  -30.564 0.8000000119
61476  -36.115  -21.353  -30.791 0.6000000238
59208  -36.968  -23.320  -31.822 0.6000000238
59223  -32.324  -22.771  -31.774 0.6999999881
60384  -32.611  -22.178  -31.938 0.6999999881
131132  -34.317  -22.658  -33.235 0.6999999881
60406  -34.708  -22.201  -33.290 0.6999999881
149095  -33.171  -21.558  -33.028 0.6999999881
64728  -33.695  -17.731  -33.975 0.5000000000
145887  -34.591  -18.681  -34.258 0.5000000000
133048  -40.407  -23.803  -22.526 0.6000000238
59120  -40.428  -23.601  -23.148 0.6000000238
135612  -40.426  -23.016  -22.479 0.6000000238
151646  -40.599  -22.622  -24.076 0.6000000238
135730  -40.827  -21.946  -24.508 0.6999999881
61429  -39.866  -22.106  -26.403 0.6999999881
135182  -32.760  -21.746  -23.326 0.3000000119
61421  -40.457  -21.888  -25.516 0.6999999881
61475  -35.211  -21.612  -30.985 0.6999999881
61449  -37.829  -21.664  -28.750 0.6999999881
61450  -38.618  -21.422  -28.362 0.6000000238
61464  -37.244  -21.520  -29.573 0.6999999881
59207  -32.188  -23.001  -31.671 0.6999999881
60385  -33.074  -21.932  -31.686 0.6999999881
61492  -34.405  -21.105  -31.454 0.6999999881
62597  -35.275  -20.898  -31.386 0.6000000238
132110  -32.743  -21.379  -32.093 0.6999999881
60407  -35.714  -22.674  -32.559 0.6000000238
152790  -36.352  -22.953  -32.172 0.5000000000
61506  -33.618  -21.162  -33.565 0.6999999881
62625  -33.503  -20.284  -33.648 0.6999999881
62608  -34.119  -20.725  -33.716 0.6999999881
62626  -34.235  -19.661  -33.975 0.6000000238
60293  -40.280  -22.272  -21.974 0.4000000060
131299  -40.584  -22.793  -23.368 0.6000000238
60305  -40.581  -22.020  -22.831 0.5000000000
135707  -40.810  -21.965  -23.683 0.6000000238
61397  -33.543  -21.369  -23.364 0.3000000119
61430  -40.371  -21.282  -26.356 0.6999999881
61438  -39.762  -21.439  -27.229 0.6000000238
61451  -39.252  -21.069  -28.025 0.6000000238
61477  -36.903  -21.007  -30.409 0.6000000238
130827  -38.352  -20.874  -28.849 0.6000000238
61491  -33.291  -21.138  -31.742 0.6999999881
62584  -36.191  -20.431  -30.887 0.6000000238
62575  -37.727  -20.682  -30.163 0.6000000238
62596  -33.900  -20.313  -31.729 0.6999999881
62598  -35.249  -19.970  -31.376 0.6000000238
61517  -33.050  -20.613  -32.984 0.6999999881
129628  -35.636  -21.922  -32.653 0.6000000238
60386  -36.557  -22.332  -32.010 0.5000000000
61507  -34.966  -21.095  -32.918 0.6000000238
130194  -36.262  -21.283  -32.454 0.6000000238
62611  -37.042  -20.541  -32.666 0.5000000000
62624  -33.228  -19.887  -33.343 0.6000000238
62609  -34.889  -20.234  -33.291 0.5000000000
140091  -35.178  -19.125  -34.076 0.5000000000
63747  -36.580  -19.754  -33.227 0.5000000000
64714  -35.671  -18.587  -34.450 0.5000000000
64730  -35.023  -17.772  -34.556 0.5000000000
61372  -40.297  -21.541  -22.229 0.4000000060
61385  -39.972  -20.837  -22.164 0.4000000060
62457  -37.700  -21.098  -21.631 0.4000000060
61410  -41.190  -21.114  -23.977 0.6000000238
62496  -34.583  -20.528  -23.653 0.3000000119
62476  -35.670  -20.874  -22.932 0.3000000119
148434  -40.784  -21.045  -25.671 0.6000000238
62516  -34.220  -19.949  -24.315 0.3000000119
61439  -40.321  -20.613  -26.926 0.6000000238
62563  -39.219  -20.280  -28.231 0.5000000000
62553  -39.809  -20.502  -27.649 0.6000000238
62585  -36.959  -20.120  -30.431 0.6000000238
62576  -38.238  -20.261  -29.586 0.6000000238
62562  -38.621  -20.195  -28.679 0.6000000238
63726  -37.039  -19.226  -30.472 0.6000000238
62595  -33.410  -19.618  -32.372 0.6999999881
63737  -35.502  -19.106  -31.515 0.6000000238
62607  -33.089  -19.818  -32.877 0.6999999881
64713  -33.905  -18.891  -34.162 0.5000000000
65637  -34.399  -16.957  -34.437 0.5000000000
136998  -39.002  -21.272  -21.423 0.4000000060
61386  -40.474  -21.110  -22.766 0.4000000060
61399  -40.770  -21.376  -23.345 0.5000000000
62480  -39.504  -20.105  -22.363 0.4000000060
62517  -41.044  -21.135  -24.923 0.5000000000
63619  -35.911  -19.588  -23.886 0.3000000119
62497  -35.799  -20.202  -23.386 0.4000000060
62534  -41.138  -20.378  -25.346 0.4000000060
63637  -35.337  -19.261  -24.494 0.3000000119
63620  -36.599  -19.301  -23.621 0.4000000060
135756  -40.304  -19.891  -27.286 0.5000000000
62545  -40.755  -20.493  -26.148 0.6000000238
63692  -39.773  -19.711  -27.943 0.5000000000
63705  -39.024  -19.459  -28.453 0.5000000000
62586  -37.852  -19.789  -30.216 0.6000000238
64667  -39.181  -18.550  -28.427 0.5000000000
63725  -36.250  -19.637  -30.895 0.6000000238
64682  -37.148  -18.285  -30.588 0.6000000238
64688  -33.775  -18.650  -32.341 0.6000000238
64690  -35.717  -18.176  -31.743 0.6000000238
63745  -33.308  -18.864  -32.807 0.5000000000
64712  -33.613  -18.407  -33.822 0.5000000000
65623  -33.570  -17.517  -33.671 0.5000000000
66659  -34.075  -16.482  -34.029 0.5000000000
66660  -34.833  -16.203  -34.438 0.5000000000
65638  -35.405  -16.788  -34.857 0.5000000000
62459  -39.286  -20.708  -21.789 0.4000000060
62499  -40.782  -20.685  -23.375 0.4000000060
62481  -40.234  -20.324  -22.826 0.4000000060
63623  -40.650  -19.777  -23.523 0.4000000060
62500  -41.154  -20.387  -23.909 0.4000000060
63613  -39.834  -19.519  -22.947 0.4000000060
63624  -41.144  -19.685  -24.283 0.4000000060
62535  -41.279  -19.632  -24.986 0.4000000060
63680  -40.589  -19.351  -26.688 0.4000000060
63663  -41.039  -19.637  -25.882 0.5000000000
64623  -34.242  -18.443  -25.357 0.3000000119
144829  -39.680  -19.040  -28.128 0.4000000060
64666  -38.509  -18.832  -28.820 0.5000000000
64658  -39.873  -18.384  -27.960 0.4000000060
63727  -37.763  -18.839  -30.167 0.6000000238
63718  -38.230  -19.267  -29.537 0.5000000000
133662  -38.608  -17.952  -28.712 0.5000000000
64681  -36.430  -18.722  -31.074 0.6000000238
64675  -38.093  -18.236  -29.400 0.5000000000
65625  -33.921  -17.118  -32.657 0.5000000000
65613  -34.900  -17.606  -32.358 0.6000000238
65606  -36.556  -17.699  -31.246 0.6000000238
65614  -35.777  -17.146  -31.925 0.6000000238
66643  -34.129  -16.523  -33.347 0.5000000000
66650  -34.576  -16.047  -33.875 0.5000000000
65639  -36.482  -16.809  -35.274 0.5000000000
65626  -34.908  -16.677  -32.689 0.5000000000
66583  -33.166  -16.565  -26.353 0.3000000119
149779  -34.246  -16.639  -25.677 0.4000000060
67527  -35.151  -15.666  -25.297 0.4000000060
65615  -36.521  -16.606  -31.325 0.5000000000
68489  -33.110  -14.813  -26.465 0.4000000060
67579  -38.338  -15.747  -29.751 0.5000000000
66618  -38.232  -16.565  -29.190 0.5000000000
66633  -35.978  -16.393  -32.272 0.5000000000
66625  -37.835  -16.345  -30.261 0.5000000000
66644  -35.189  -15.962  -33.223 0.5000000000
66662  -36.919  -16.138  -35.153 0.5000000000
66651  -35.348  -15.808  -34.200 0.6000000238
67614  -36.353  -15.753  -34.671 0.5000000000
67624  -37.343  -15.710  -35.033 0.4000000060
67526  -34.439  -15.363  -25.874 0.4000000060
67510  -36.043  -15.643  -24.829 0.4000000060
66634  -36.689  -15.934  -31.550 0.5000000000
67595  -37.053  -15.502  -31.870 0.5000000000
66645  -36.305  -15.873  -32.490 0.5000000000
67596  -37.941  -15.253  -31.467 0.5000000000
67604  -36.133  -15.747  -33.564 0.5000000000
67625  -38.172  -15.418  -35.271 0.4000000060
67615  -37.084  -15.644  -33.904 0.5000000000
68475  -35.517  -14.263  -25.400 0.4000000060
68490  -33.767  -14.317  -26.518 0.4000000060
66635  -37.391  -15.692  -31.055 0.5000000000
67605  -36.844  -15.655  -32.829 0.4000000060
67607  -38.837  -15.337  -33.294 0.4000000060
67616  -37.969  -15.506  -34.273 0.5000000000
67617  -38.499  -15.002  -34.769 0.3000000119
68543  -38.479  -14.783  -30.968 0.4000000060
67606  -37.880  -15.518  -32.740 0.4000000060
68560  -39.253  -14.732  -33.852 0.5000000000
68569  -39.460  -14.150  -34.197 0.4000000060
68553  -39.467  -14.842  -32.573 0.4000000060
70639  -39.005  -12.880  -36.219 0.4000000060
68554  -40.022  -14.143  -32.041 0.4000000060
70615  -39.389  -12.757  -34.534 0.4000000060
70614  -38.960  -12.916  -35.601 0.4000000060
70627  -39.312  -12.243  -35.586 0.4000000060
70640  -39.506  -12.335  -36.448 0.4000000060
69551  -40.271  -13.538  -32.634 0.4000000060
68561  -39.865  -14.277  -33.127 0.3000000119
69559  -39.801  -13.552  -33.761 0.4000000060
70601  -40.645  -12.781  -32.196 0.4000000060
69541  -40.423  -13.412  -31.613 0.4000000060
130274  -40.176  -12.778  -33.286 0.3000000119
71615  -39.718  -11.883  -33.967 0.4000000060
71624  -39.743  -11.502  -36.127 0.4000000060
151407  -39.689  -11.321  -34.859 0.5000000000
70602  -40.534  -12.018  -32.743 0.4000000060
41312  -33.967  -40.594  -28.649 0.6999999881
42280  -35.998  -38.973  -22.466 0.6999999881
37971  -30.033  -43.556  -26.738 0.6000000238
44382  -37.502  -37.266  -24.470 0.8000000119
141709  -36.366  -36.799  -22.239 0.8000000119
45498  -31.287  -36.470  -24.176 0.6000000238
134147  -32.283  -35.452  -23.129 0.6000000238
46442  -33.810  -34.927  -22.410 0.6999999881
153386  -38.507  -34.827  -25.142 0.8000000119
43356  -27.388  -38.250  -27.081 0.4000000060
49455  -34.156  -32.491  -30.074 0.8000000119
48358  -32.835  -32.482  -23.892 0.6000000238
46461  -27.129  -34.688  -25.607 0.5000000000
49433  -39.439  -32.018  -26.390 0.8000000119
41198  -31.060  -40.453  -19.339 0.4000000060
49357  -30.838  -31.496  -23.167 0.6000000238
44331  -30.613  -37.383  -21.385 0.5000000000
47351  -30.936  -34.077  -21.428 0.6000000238
51652  -34.651  -29.772  -23.038 0.6999999881
51647  -36.573  -30.275  -20.921 0.6999999881
57996  -34.449  -24.941  -27.039 0.8000000119
145409  -39.546  -25.731  -25.259 0.6999999881
56918  -38.925  -25.144  -25.287 0.6999999881
55920  -39.656  -26.068  -19.874 0.6000000238
56912  -40.139  -25.419  -24.067 0.6999999881
59102  -40.227  -23.072  -21.569 0.4000000060
66661  -35.816  -16.088  -34.910 0.5000000000
67597  -38.864  -15.299  -32.020 0.4000000060
40143  -37.156  -40.997  -28.054 0.5000000000
41330  -37.069  -40.055  -29.245 0.5000000000
147470  -34.816  -43.020  -27.037 0.6999999881
35738  -30.476  -45.981  -26.099 0.5000000000
140629  -36.719  -37.227  -30.167 0.6999999881
42303  -36.365  -39.542  -23.589 0.6999999881
149194  -36.420  -39.206  -24.509 0.6999999881
43389  -34.026  -38.964  -28.478 0.6999999881
43374  -34.199  -38.329  -27.732 0.6999999881
45556  -32.605  -36.286  -28.331 0.6999999881
47444  -38.733  -34.241  -29.616 0.5000000000
46519  -37.417  -35.304  -29.636 0.6000000238
148863  -38.458  -32.949  -30.572 0.5000000000
41265  -29.841  -40.576  -24.992 0.6000000238
44391  -36.300  -37.965  -25.388 0.6999999881
142680  -35.786  -34.782  -30.516 0.6999999881
41245  -30.367  -40.641  -23.530 0.6000000238
43326  -36.760  -38.315  -23.524 0.8000000119
49460  -40.545  -32.922  -30.360 0.4000000060
45476  -35.638  -36.794  -21.891 0.8000000119
43346  -30.008  -38.878  -26.295 0.6000000238
41292  -30.380  -39.923  -26.946 0.6000000238
48445  -34.734  -33.507  -30.549 0.8000000119
44366  -31.525  -37.346  -23.687 0.6999999881
44354  -36.972  -36.835  -22.827 0.6999999881
39051  -28.768  -41.732  -28.338 0.5000000000
147339  -38.658  -32.049  -31.601 0.5000000000
47353  -35.431  -34.998  -21.883 0.6999999881
43357  -29.598  -38.115  -27.501 0.6000000238
152086  -38.256  -34.952  -23.728 0.8000000119
47407  -35.518  -34.923  -27.182 0.8000000119
137648  -37.182  -32.028  -31.927 0.6999999881
50599  -39.357  -31.683  -31.642 0.6000000238
47364  -36.010  -34.495  -22.060 0.6999999881
46472  -29.545  -35.783  -26.402 0.6000000238
49429  -34.806  -32.898  -27.999 0.8999999762
50565  -34.158  -31.715  -29.438 0.8000000119
50613  -38.381  -31.010  -32.492 0.6000000238
51747  -40.869  -30.771  -31.935 0.4000000060
142494  -27.196  -37.504  -26.821 0.3000000119
44421  -29.134  -37.308  -27.664 0.5000000000
43372  -28.704  -38.104  -28.301 0.5000000000
43386  -28.466  -38.839  -28.568 0.5000000000
42347  -27.490  -39.282  -27.396 0.4000000060
48422  -36.209  -33.308  -27.465 0.8999999762
50594  -34.546  -31.444  -31.293 0.8000000119
135844  -32.061  -33.059  -23.884 0.6000000238
48359  -33.569  -32.132  -23.643 0.6000000238
149278  -35.704  -32.709  -22.899 0.8000000119
48396  -30.207  -33.006  -26.015 0.5000000000
44419  -28.458  -37.212  -27.651 0.4000000060
46495  -28.322  -35.685  -27.221 0.5000000000
46496  -28.471  -35.065  -27.266 0.5000000000
50557  -38.277  -31.867  -27.609 0.8000000119
48371  -31.537  -32.046  -24.381 0.6000000238
45508  -26.916  -35.422  -25.657 0.5000000000
149851  -27.231  -34.805  -26.398 0.5000000000
48411  -29.457  -32.572  -26.443 0.5000000000
47404  -27.969  -33.291  -26.477 0.5000000000
49373  -31.642  -30.915  -24.159 0.6000000238
45485  -29.033  -35.969  -23.579 0.5000000000
47371  -28.542  -34.192  -24.314 0.6000000238
46462  -27.593  -34.409  -25.015 0.5000000000
46450  -29.249  -35.045  -23.613 0.6000000238
45496  -27.389  -35.529  -24.947 0.5000000000
49410  -29.357  -30.934  -25.563 0.5000000000
41214  -29.452  -40.312  -21.348 0.6000000238
42258  -29.804  -39.343  -21.691 0.6000000238
48380  -27.832  -32.758  -25.701 0.5000000000
48381  -29.224  -31.766  -24.395 0.6000000238
48409  -28.138  -32.397  -26.089 0.5000000000
50525  -29.355  -30.742  -25.097 0.5000000000
42202  -30.686  -39.952  -18.297 0.4000000060
51693  -39.906  -30.875  -25.161 0.6999999881
51729  -34.458  -30.291  -29.204 0.8999999762
45461  -30.484  -36.015  -21.603 0.5000000000
46439  -29.922  -34.876  -22.635 0.6000000238
47372  -29.424  -33.991  -23.548 0.6000000238
48357  -29.616  -32.769  -23.615 0.6000000238
48350  -30.585  -33.422  -22.086 0.6000000238
44319  -32.035  -37.197  -20.063 0.4000000060
44332  -31.294  -37.105  -20.912 0.4000000060
47352  -31.295  -34.544  -21.003 0.5000000000
46429  -31.280  -35.437  -20.967 0.5000000000
45403  -32.262  -36.753  -18.261 0.4000000060
46410  -33.117  -35.652  -19.638 0.5000000000
46422  -32.760  -35.404  -20.336 0.5000000000
55019  -38.199  -27.337  -32.942 0.6999999881
138038  -31.863  -31.809  -21.543 0.6999999881
49351  -32.460  -31.337  -21.824 0.6999999881
49339  -31.679  -32.722  -21.125 0.6000000238
52801  -39.311  -29.863  -23.801 0.6999999881
45418  -33.272  -35.736  -18.863 0.5000000000
46392  -32.433  -35.963  -17.957 0.4000000060
49341  -33.287  -31.798  -20.776 0.6000000238
130416  -34.635  -30.914  -21.480 0.6999999881
48340  -31.489  -33.710  -21.031 0.6000000238
46421  -32.112  -35.013  -20.825 0.5000000000
48317  -32.517  -33.533  -17.490 0.3000000119
51713  -40.310  -29.687  -26.907 0.6999999881
52802  -40.146  -29.033  -24.292 0.6999999881
49311  -33.366  -32.951  -17.615 0.3000000119
55015  -34.463  -27.712  -31.925 0.8000000119
55017  -36.171  -26.413  -32.598 0.6000000238
56043  -36.226  -25.497  -33.410 0.6000000238
57013  -34.692  -25.544  -32.352 0.8000000119
48327  -34.299  -33.148  -19.138 0.6000000238
50470  -35.314  -30.911  -21.018 0.6999999881
53907  -40.403  -28.470  -26.406 0.6999999881
54973  -39.771  -27.724  -27.422 0.6999999881
56041  -34.454  -26.639  -31.994 0.8000000119
53880  -40.482  -28.224  -24.358 0.6999999881
54963  -40.135  -27.606  -26.610 0.6999999881
54951  -40.622  -27.540  -24.877 0.6999999881
56959  -35.424  -25.567  -27.387 0.8000000119
52743  -34.225  -30.105  -17.216 0.3000000119
53823  -34.145  -28.570  -17.618 0.3000000119
53824  -36.479  -29.001  -17.813 0.5000000000
53870  -40.356  -27.937  -22.845 0.6999999881
54944  -40.679  -27.362  -24.072 0.6999999881
147570  -40.531  -26.110  -24.132 0.6999999881
53844  -37.768  -28.422  -18.982 0.6000000238
55907  -36.247  -26.520  -18.353 0.3000000119
143934  -35.986  -25.890  -18.971 0.3000000119
54938  -40.462  -27.192  -22.335 0.6999999881
145444  -35.722  -25.422  -19.596 0.3000000119
55909  -38.478  -26.420  -18.964 0.6000000238
55919  -39.143  -26.669  -19.507 0.6000000238
55948  -40.626  -26.485  -22.817 0.6999999881
57955  -40.213  -24.859  -23.447 0.6000000238
60334  -37.826  -23.295  -27.414 0.8000000119
60356  -35.538  -23.000  -29.802 0.8000000119
144267  -35.176  -23.068  -32.831 0.6000000238
132624  -37.201  -26.839  -18.273 0.5000000000
57927  -40.317  -23.933  -21.162 0.5000000000
147122  -34.168  -21.571  -33.661 0.6999999881
59073  -38.176  -23.845  -19.863 0.3000000119
59091  -39.490  -23.318  -20.285 0.3000000119
60287  -35.024  -22.631  -21.964 0.3000000119
60289  -36.399  -22.350  -21.370 0.3000000119
61505  -32.812  -21.300  -32.178 0.6999999881
147727  -38.011  -21.037  -29.538 0.6000000238
61490  -32.950  -20.608  -32.300 0.6999999881
61371  -39.750  -21.566  -21.651 0.4000000060
63736  -34.322  -19.358  -31.849 0.6000000238
64689  -34.705  -18.505  -32.074 0.6000000238
62610  -35.848  -20.361  -32.852 0.6000000238
63759  -36.148  -19.176  -33.997 0.4000000060
62478  -37.571  -20.380  -22.227 0.4000000060
149088  -35.229  -20.539  -23.412 0.3000000119
155213  -34.804  -19.593  -24.443 0.3000000119
150684  -40.611  -19.997  -26.594 0.5000000000
62518  -41.239  -20.380  -24.545 0.4000000060
63638  -36.152  -18.989  -24.239 0.4000000060
63640  -41.117  -18.913  -24.712 0.4000000060
63693  -40.244  -19.061  -27.513 0.4000000060
66624  -37.061  -16.233  -30.879 0.5000000000
67528  -35.728  -14.883  -25.113 0.4000000060
70589  -41.128  -12.093  -31.765 0.4000000060
72654  -39.976  -10.634  -35.444 0.3000000119
34617  -36.634  -46.426  -22.070 0.5000000000
34645  -37.060  -46.050  -23.749 0.5000000000
33585  -34.563  -48.536  -23.145 0.4000000060
34615  -35.092  -46.393  -21.517 0.5000000000
33553  -35.682  -47.243  -21.963 0.5000000000
35696  -36.106  -45.912  -21.761 0.5000000000
35706  -36.487  -45.650  -22.254 0.6000000238
36885  -36.232  -44.594  -23.820 0.6000000238
34614  -34.185  -46.206  -21.605 0.5000000000
34630  -33.751  -46.811  -22.235 0.5000000000
35694  -34.621  -45.649  -21.453 0.5000000000
139280  -35.408  -44.337  -22.226 0.5000000000
34629  -32.823  -46.629  -22.589 0.5000000000
36884  -35.791  -44.028  -23.159 0.6000000238
37946  -35.502  -43.321  -23.594 0.6000000238
36871  -36.169  -44.825  -22.658 0.6000000238
36897  -35.805  -43.922  -24.121 0.6000000238
37972  -35.090  -43.520  -25.609 0.6000000238
39000  -35.255  -42.735  -24.959 0.6000000238
37984  -34.941  -43.408  -26.444 0.6000000238
39026  -34.680  -42.728  -26.738 0.6000000238
35693  -33.708  -45.408  -21.514 0.5000000000
36854  -35.044  -45.042  -21.588 0.5000000000
35704  -32.278  -45.877  -22.182 0.5000000000
35692  -32.733  -45.237  -21.627 0.5000000000
35717  -31.177  -46.104  -23.372 0.5000000000
35703  -31.485  -45.660  -22.614 0.5000000000
38977  -35.365  -42.649  -23.965 0.6000000238
39016  -34.760  -42.053  -26.247 0.6000000238
39037  -34.669  -42.545  -27.425 0.6000000238
36853  -34.188  -44.860  -21.472 0.5000000000
37927  -34.747  -43.536  -22.200 0.5000000000
36851  -32.293  -44.430  -21.575 0.5000000000
37909  -32.741  -43.757  -21.410 0.5000000000
36852  -33.282  -44.518  -21.416 0.5000000000
37911  -34.126  -43.582  -21.705 0.5000000000
38958  -35.339  -42.639  -23.050 0.6000000238
35716  -30.792  -45.366  -23.066 0.5000000000
36869  -31.365  -44.248  -22.091 0.5000000000
142054  -35.346  -41.941  -24.216 0.6000000238
149052  -30.581  -45.723  -23.801 0.5000000000
36896  -30.159  -44.903  -23.790 0.5000000000
40098  -35.188  -41.971  -25.275 0.6000000238
40116  -34.507  -42.067  -27.134 0.6000000238
37908  -31.932  -43.612  -21.623 0.5000000000
143781  -33.936  -42.200  -21.540 0.5000000000
38941  -34.330  -42.816  -21.928 0.6000000238
141973  -35.422  -41.037  -22.384 0.6000000238
149844  -31.783  -42.920  -21.661 0.5000000000
38957  -34.900  -42.677  -22.468 0.6000000238
139230  -35.216  -41.837  -22.566 0.6000000238
35728  -30.043  -45.298  -25.741 0.5000000000
40117  -34.779  -41.235  -26.642 0.6000000238
40041  -31.781  -41.773  -21.726 0.5000000000
38938  -32.130  -42.359  -21.533 0.5000000000
141180  -34.259  -41.417  -21.594 0.5000000000
40044  -34.995  -41.243  -21.901 0.6000000238
140437  -30.442  -43.081  -22.841 0.5000000000
137035  -30.221  -43.891  -23.310 0.5000000000
38976  -30.245  -42.260  -23.166 0.6000000238
41216  -32.725  -40.780  -21.518 0.6000000238
40042  -32.461  -41.634  -21.465 0.5000000000
41218  -34.537  -40.654  -21.621 0.5000000000
41219  -35.267  -40.387  -21.870 0.6000000238
40060  -30.639  -41.734  -22.806 0.6000000238
41215  -31.873  -41.016  -21.756 0.6000000238
41232  -35.775  -40.422  -22.652 0.6000000238
38999  -29.692  -42.489  -24.761 0.5000000000
38975  -29.779  -41.963  -23.939 0.5000000000
41229  -30.855  -41.061  -22.941 0.6000000238
36911  -30.055  -44.473  -26.289 0.4000000060
41230  -31.428  -40.649  -22.436 0.6000000238
41231  -32.102  -40.097  -21.972 0.6000000238
42260  -33.191  -39.936  -21.736 0.6000000238
143632  -34.017  -40.121  -21.585 0.5000000000
152615  -35.198  -39.620  -21.719 0.6000000238
42279  -36.140  -39.676  -22.887 0.6000000238
145745  -34.775  -39.129  -21.661 0.6999999881
51761  -39.059  -30.481  -32.668 0.5000000000
52764  -37.110  -29.661  -18.692 0.5000000000
58057  -35.555  -24.387  -32.938 0.5000000000
58058  -36.318  -24.277  -33.133 0.5000000000
73735  -40.310  -9.898  -35.386 0.3000000119
74814  -40.915  -8.598  -35.224 0.3000000119
32626  -34.372  -49.024  -23.564 0.4000000060
137265  -35.802  -48.385  -22.263 0.5000000000
33554  -36.341  -47.014  -21.985 0.5000000000
35730  -36.516  -45.376  -24.340 0.5000000000
33570  -34.294  -47.677  -22.808 0.4000000060
152951  -35.936  -44.326  -24.472 0.6000000238
149908  -36.081  -44.731  -24.851 0.5000000000
36912  -35.303  -44.294  -26.157 0.5000000000
33592  -33.622  -48.815  -24.341 0.4000000060
34643  -32.644  -47.101  -23.538 0.5000000000
34642  -31.843  -46.736  -23.956 0.5000000000
34628  -31.935  -46.427  -22.932 0.5000000000
150686  -30.955  -46.361  -24.320 0.3000000119
34664  -31.157  -46.770  -26.683 0.4000000060
34678  -30.816  -47.108  -28.123 0.4000000060
51762  -40.317  -30.538  -32.725 0.4000000060
137622  -39.640  -30.655  -32.625 0.4000000060
133646  -36.703  -28.229  -18.011 0.5000000000
54889  -36.393  -27.382  -17.916 0.4000000060
58071  -37.047  -24.769  -33.777 0.5000000000
58059  -37.103  -24.474  -33.130 0.5000000000
59228  -36.784  -23.940  -32.470 0.5000000000
136191  -40.346  -23.648  -21.947 0.4000000060
73736  -40.732  -9.558  -34.226 0.3000000119
33584  -34.001  -48.504  -23.744 0.4000000060
136256  -35.381  -42.064  -23.371 0.6000000238
147199  -29.757  -42.988  -25.695 0.5000000000
36895  -29.784  -44.782  -24.972 0.5000000000
37945  -29.856  -42.994  -23.812 0.6000000238
34653  -30.968  -46.561  -25.425 0.4000000060
35718  -36.669  -45.396  -23.197 0.6000000238
33571  -35.102  -47.982  -22.552 0.4000000060
35695  -35.442  -45.814  -21.523 0.5000000000
35705  -35.817  -45.275  -21.906 0.6000000238
34644  -33.497  -47.408  -23.206 0.5000000000
38940  -33.678  -42.976  -21.519 0.5000000000
139632  -33.069  -43.180  -21.357 0.5000000000
37925  -30.716  -43.802  -22.568 0.5000000000
38956  -31.426  -42.362  -21.897 0.5000000000
156378  -40.314  -10.143  -34.451 0.4000000060
33583  -33.298  -47.965  -24.152 0.4000000060
36913  -35.680  -44.776  -25.682 0.4000000060
36926  -35.412  -43.967  -26.639 0.4000000060
34655  -32.494  -47.528  -24.508 0.4000000060
45495  -26.749  -36.204  -25.184 0.4000000060
45507  -26.607  -36.209  -25.535 0.3000000119
46470  -26.823  -35.505  -26.032 0.4000000060
44401  -27.624  -37.022  -26.955 0.4000000060
44364  -27.379  -37.504  -24.064 0.4000000060
44379  -27.386  -36.573  -24.569 0.4000000060
38937  -28.091  -42.143  -21.383 0.4000000060
41213  -28.628  -40.410  -22.086 0.4000000060
43322  -27.944  -38.476  -23.395 0.4000000060
44347  -28.484  -37.724  -23.461 0.4000000060
37874  -28.785  -44.144  -19.102 0.3000000119
38918  -28.825  -42.587  -20.755 0.3000000119
37875  -29.378  -43.354  -19.167 0.4000000060
42275  -29.189  -39.178  -22.376 0.4000000060
37890  -29.019  -43.740  -19.744 0.4000000060
40039  -28.773  -41.718  -21.197 0.5000000000
38901  -30.037  -42.725  -19.080 0.4000000060
136011  -29.960  -42.313  -19.513 0.4000000060
40040  -29.373  -41.116  -20.702 0.5000000000
38893  -30.249  -42.281  -18.705 0.4000000060
54888  -35.436  -27.509  -17.753 0.3000000119
57917  -39.002  -23.756  -19.851 0.3000000119
57918  -39.633  -24.195  -19.986 0.3000000119
57926  -40.029  -23.855  -20.495 0.3000000119
59101  -40.049  -23.178  -20.825 0.3000000119
65607  -37.267  -17.201  -30.579 0.4000000060
60291  -39.157  -21.988  -21.053 0.3000000119
62458  -38.419  -20.782  -21.659 0.3000000119
65608  -37.932  -17.328  -29.801 0.4000000060
62477  -36.503  -20.516  -22.776 0.3000000119
62498  -36.358  -19.851  -23.332 0.3000000119
65592  -38.679  -17.069  -28.619 0.3000000119
67587  -38.103  -15.443  -30.566 0.4000000060
62479  -38.600  -20.079  -22.135 0.3000000119
63612  -38.862  -19.394  -22.659 0.3000000119
63610  -37.039  -19.729  -22.959 0.3000000119
63611  -37.918  -19.483  -22.633 0.3000000119
64592  -39.228  -18.827  -23.244 0.3000000119
63622  -38.247  -18.833  -23.157 0.3000000119
136178  -39.626  -18.272  -23.649 0.3000000119
63639  -40.732  -18.963  -24.066 0.3000000119
63664  -41.193  -18.861  -25.338 0.3000000119
64590  -36.841  -18.666  -23.862 0.3000000119
63621  -37.359  -19.037  -23.302 0.3000000119
64600  -36.378  -18.296  -24.366 0.3000000119
135057  -40.563  -18.704  -26.797 0.3000000119
65536  -35.876  -17.826  -24.729 0.3000000119
65556  -35.325  -17.247  -25.017 0.3000000119
64659  -40.374  -18.227  -27.306 0.3000000119
151785  -40.053  -17.761  -27.748 0.3000000119
65584  -39.913  -17.134  -27.742 0.3000000119
66584  -33.865  -16.084  -26.085 0.3000000119
66565  -34.482  -16.061  -25.616 0.3000000119
65593  -39.382  -17.644  -28.240 0.3000000119
68491  -34.399  -14.475  -26.202 0.3000000119
136053  -39.250  -14.422  -31.265 0.3000000119
64593  -40.154  -18.911  -23.478 0.3000000119
64591  -37.634  -18.396  -23.633 0.3000000119
135323  -38.623  -18.210  -23.664 0.3000000119
64601  -40.841  -18.217  -24.523 0.3000000119
64625  -40.878  -18.793  -26.109 0.3000000119
65529  -37.885  -17.751  -23.909 0.3000000119
65530  -39.297  -17.676  -23.931 0.3000000119
65532  -40.424  -17.586  -24.332 0.3000000119
65539  -40.860  -17.453  -24.874 0.3000000119
140879  -41.061  -18.213  -25.636 0.3000000119
64645  -40.755  -17.998  -26.411 0.3000000119
65528  -37.074  -17.982  -24.004 0.3000000119
65538  -37.340  -17.241  -24.147 0.3000000119
143922  -38.603  -17.554  -23.958 0.3000000119
65555  -34.442  -17.425  -25.468 0.3000000119
65537  -36.591  -17.532  -24.382 0.3000000119
65585  -40.441  -17.404  -27.140 0.3000000119
150938  -40.287  -16.901  -27.343 0.3000000119
66542  -35.618  -16.415  -24.940 0.3000000119
66610  -39.346  -16.654  -28.189 0.3000000119
68474  -35.027  -14.762  -25.607 0.3000000119
69467  -35.709  -13.594  -25.516 0.3000000119
66609  -38.773  -16.270  -28.612 0.3000000119
68492  -35.008  -13.954  -25.791 0.3000000119
67567  -38.490  -15.794  -28.974 0.3000000119
67588  -38.568  -14.965  -30.064 0.3000000119
150047  -38.904  -14.438  -30.424 0.3000000119
65531  -39.961  -17.766  -23.953 0.3000000119
66536  -39.864  -17.145  -24.166 0.3000000119
66547  -40.434  -16.819  -24.639 0.3000000119
66567  -40.715  -16.689  -25.264 0.3000000119
66544  -37.663  -16.447  -24.373 0.3000000119
66535  -39.078  -16.953  -24.057 0.3000000119
65557  -40.966  -17.428  -25.575 0.3000000119
135442  -36.096  -17.025  -24.691 0.3000000119
67511  -36.984  -15.769  -24.555 0.3000000119
66598  -40.525  -16.594  -26.833 0.3000000119
67556  -40.296  -15.703  -27.128 0.3000000119
68476  -36.159  -14.143  -25.048 0.3000000119
67555  -39.581  -15.918  -27.941 0.3000000119
67568  -39.053  -15.542  -28.490 0.3000000119
69483  -35.132  -13.138  -25.994 0.3000000119
70513  -35.961  -12.768  -25.749 0.3000000119
68518  -39.349  -14.631  -28.506 0.3000000119
67580  -38.649  -15.107  -29.133 0.3000000119
68532  -39.113  -14.382  -29.521 0.3000000119
68544  -39.476  -14.024  -30.337 0.3000000119
67514  -40.358  -16.022  -25.031 0.3000000119
67512  -38.088  -15.609  -24.512 0.3000000119
67513  -39.141  -15.520  -24.553 0.3000000119
149556  -39.955  -15.497  -24.800 0.3000000119
66585  -40.810  -16.590  -25.961 0.3000000119
68459  -40.240  -15.068  -25.471 0.3000000119
134286  -40.615  -15.974  -26.343 0.3000000119
68455  -36.561  -14.866  -24.742 0.3000000119
68456  -37.561  -14.829  -24.578 0.3000000119
68457  -38.645  -14.822  -24.574 0.3000000119
69453  -37.040  -13.998  -24.682 0.3000000119
69468  -36.508  -13.303  -25.148 0.3000000119
70516  -37.906  -12.277  -25.124 0.3000000119
151826  -39.949  -14.517  -27.783 0.3000000119
67569  -39.734  -15.172  -27.836 0.3000000119
70514  -36.200  -11.995  -26.125 0.3000000119
70515  -36.859  -12.317  -25.391 0.3000000119
68519  -39.683  -14.014  -28.888 0.3000000119
68533  -39.910  -13.820  -29.585 0.3000000119
68545  -39.981  -13.828  -31.024 0.3000000119
67542  -40.468  -15.172  -26.267 0.3000000119
68477  -39.193  -14.256  -24.717 0.3000000119
68478  -39.894  -14.184  -25.173 0.3000000119
69469  -37.457  -13.083  -24.782 0.3000000119
146839  -38.505  -12.966  -24.723 0.3000000119
131279  -40.260  -14.793  -27.103 0.3000000119
71541  -36.452  -11.331  -26.473 0.3000000119
70517  -38.843  -12.246  -25.012 0.3000000119
71516  -36.825  -11.635  -25.921 0.3000000119
71517  -37.512  -11.591  -25.556 0.3000000119
71518  -38.400  -11.581  -25.387 0.3000000119
140910  -40.042  -13.996  -28.176 0.3000000119
144771  -40.141  -13.664  -30.274 0.3000000119
69530  -40.561  -13.290  -30.705 0.3000000119
152713  -40.401  -14.650  -25.969 0.3000000119
69470  -39.281  -13.577  -24.801 0.3000000119
138841  -40.244  -14.150  -25.799 0.3000000119
142644  -39.325  -12.888  -24.922 0.3000000119
69471  -40.005  -13.314  -25.412 0.3000000119
69484  -40.538  -13.369  -26.969 0.3000000119
71542  -37.177  -11.097  -26.153 0.3000000119
69498  -40.587  -13.354  -27.800 0.3000000119
72538  -38.010  -10.930  -25.787 0.3000000119
72539  -38.914  -10.939  -25.645 0.3000000119
71519  -39.264  -11.680  -25.398 0.3000000119
149379  -39.651  -12.420  -25.327 0.3000000119
69509  -40.480  -13.447  -28.776 0.3000000119
69510  -41.028  -12.816  -29.059 0.3000000119
69520  -40.658  -13.214  -29.771 0.3000000119
71597  -40.956  -11.310  -32.249 0.3000000119
70588  -40.926  -12.765  -31.250 0.3000000119
69472  -40.351  -13.375  -26.238 0.3000000119
72559  -37.542  -10.474  -26.375 0.3000000119
70518  -40.231  -12.593  -25.974 0.3000000119
70533  -40.624  -12.634  -26.684 0.3000000119
72560  -38.509  -10.229  -26.178 0.3000000119
71520  -40.514  -11.795  -26.345 0.3000000119
70545  -40.888  -12.680  -27.379 0.3000000119
70558  -41.083  -12.655  -28.233 0.3000000119
129548  -41.383  -12.114  -28.901 0.3000000119
72609  -41.611  -10.916  -30.311 0.3000000119
145250  -41.533  -11.575  -29.642 0.3000000119
147662  -41.073  -12.696  -30.393 0.3000000119
71588  -41.449  -11.311  -31.187 0.3000000119
70577  -41.356  -12.116  -30.861 0.3000000119
72578  -37.142  -10.075  -26.947 0.3000000119
73629  -37.811  -9.887  -26.569 0.3000000119
72562  -40.419  -10.825  -26.363 0.3000000119
70534  -41.076  -12.009  -27.022 0.3000000119
152456  -41.234  -12.140  -27.634 0.3000000119
72579  -40.921  -10.368  -26.954 0.3000000119
71555  -41.335  -11.495  -27.503 0.3000000119
72599  -41.620  -10.610  -29.407 0.3000000119
71568  -41.575  -11.257  -28.728 0.3000000119
70546  -41.411  -11.799  -28.156 0.3000000119
72619  -41.286  -10.597  -31.776 0.3000000119
71607  -40.254  -11.249  -33.222 0.3000000119
72644  -40.051  -10.681  -33.949 0.3000000119
73630  -38.433  -9.438  -26.608 0.3000000119
73631  -39.316  -9.681  -26.398 0.3000000119
73656  -39.938  -9.325  -26.653 0.3000000119
73657  -40.599  -9.582  -27.084 0.3000000119
72580  -41.370  -10.732  -27.512 0.3000000119
72587  -41.547  -10.366  -28.365 0.3000000119
131729  -41.515  -11.119  -28.024 0.3000000119
154889  -41.566  -10.533  -30.977 0.3000000119
72634  -40.666  -10.600  -32.761 0.3000000119
72645  -40.644  -10.023  -33.398 0.3000000119
37995  -35.299  -43.383  -27.010 0.4000000060
37889  -28.324  -43.746  -20.264 0.3000000119
43297  -28.861  -38.531  -22.851 0.4000000060
45484  -28.236  -36.253  -24.175 0.4000000060
138947  -28.844  -40.958  -21.487 0.4000000060
40021  -30.727  -40.825  -19.697 0.4000000060
40019  -29.410  -42.013  -20.306 0.4000000060
137973  -36.136  -28.106  -17.578 0.3000000119
65602  -38.162  -17.414  -29.006 0.4000000060
66566  -34.851  -16.574  -25.302 0.3000000119
136946  -33.839  -15.151  -26.345 0.3000000119
150961  -36.312  -16.313  -24.668 0.3000000119
153510  -34.144  -14.001  -26.478 0.3000000119
38917  -28.071  -42.914  -20.741 0.4000000060
38936  -27.022  -42.413  -21.163 0.4000000060
41228  -27.796  -40.446  -22.530 0.4000000060
42274  -28.334  -39.507  -22.781 0.4000000060
36817  -28.478  -44.522  -18.437 0.3000000119
38919  -29.446  -42.970  -19.827 0.4000000060
66597  -40.037  -16.472  -27.570 0.3000000119
66534  -38.189  -17.041  -24.133 0.3000000119
65572  -40.754  -17.197  -26.366 0.3000000119
66543  -36.813  -16.715  -24.411 0.3000000119
69482  -34.502  -13.648  -26.327 0.3000000119
66545  -38.642  -16.281  -24.323 0.3000000119
66546  -39.721  -16.269  -24.431 0.3000000119
68458  -39.607  -14.858  -24.856 0.3000000119
67529  -40.581  -15.919  -25.690 0.3000000119
69454  -38.229  -13.900  -24.463 0.3000000119
68505  -40.295  -14.016  -27.345 0.3000000119
68493  -40.374  -14.218  -26.485 0.3000000119
155504  -39.937  -11.931  -25.720 0.3000000119
70567  -41.232  -12.448  -29.649 0.3000000119
72561  -39.558  -10.421  -26.038 0.3000000119
71543  -39.788  -11.225  -25.842 0.3000000119
73632  -40.208  -9.992  -26.477 0.3000000119
71544  -41.082  -11.211  -26.875 0.3000000119
73658  -41.265  -9.902  -27.620 0.3000000119
73669  -41.371  -9.391  -28.354 0.3000000119
130391  -27.600  -44.414  -20.194 0.4000000060
134419  -40.391  -31.507  -31.363 0.4000000060
35748  -27.808  -45.855  -27.343 0.3000000119
34670  -27.180  -46.585  -27.318 0.3000000119
129263  -27.499  -45.134  -26.819 0.3000000119
35758  -28.751  -45.830  -27.911 0.3000000119
38892  -28.761  -43.119  -18.253 0.3000000119
37864  -29.655  -42.789  -18.661 0.3000000119
38881  -29.217  -42.382  -18.068 0.3000000119
42299  -26.619  -38.921  -23.339 0.3000000119
40059  -27.352  -41.002  -22.285 0.3000000119
42300  -27.452  -39.033  -23.291 0.3000000119
41212  -28.138  -41.263  -21.951 0.3000000119
44363  -26.108  -37.392  -24.135 0.3000000119
43321  -26.923  -38.262  -23.705 0.3000000119
40037  -26.238  -41.698  -21.694 0.3000000119
41227  -26.821  -40.351  -22.588 0.3000000119
50584  -40.944  -32.122  -30.738 0.3000000119
32606  -35.060  -48.870  -22.908 0.4000000060
33609  -29.223  -47.874  -27.968 0.4000000060
33615  -30.255  -47.230  -28.298 0.4000000060
34613  -33.211  -46.029  -21.856 0.5000000000
34616  -35.891  -46.434  -21.721 0.5000000000
34631  -34.711  -46.991  -22.002 0.5000000000
34654  -31.646  -47.118  -24.921 0.5000000000
34676  -28.136  -46.734  -27.614 0.4000000060
34685  -29.846  -46.774  -28.352 0.4000000060
35691  -31.829  -45.106  -21.965 0.5000000000
35707  -37.072  -46.120  -22.697 0.6000000238
35729  -30.230  -45.727  -24.801 0.4000000060
35747  -27.128  -45.680  -26.659 0.3000000119
35750  -30.312  -45.295  -27.795 0.5000000000
35759  -29.607  -45.676  -28.243 0.3000000119
35760  -30.007  -45.612  -28.085 0.5000000000
35761  -30.539  -46.294  -27.930 0.4000000060
35768  -29.801  -46.246  -28.319 0.4000000060
36868  -30.683  -44.553  -22.820 0.5000000000
36870  -34.579  -44.265  -21.746 0.5000000000
36898  -35.543  -44.144  -25.123 0.6000000238
36938  -29.740  -43.944  -28.298 0.5000000000
37863  -28.841  -43.628  -18.670 0.4000000060
37910  -33.473  -43.703  -21.422 0.5000000000
37926  -31.149  -43.199  -22.087 0.5000000000
37928  -35.306  -43.417  -22.766 0.6000000238
37944  -29.761  -43.980  -24.283 0.5000000000
37959  -35.441  -43.373  -24.575 0.6000000238
37992  -27.907  -43.468  -27.596 0.5000000000
38005  -29.002  -42.977  -28.081 0.6000000238
38902  -30.494  -42.060  -19.050 0.4000000060
38939  -33.029  -42.416  -21.333 0.5000000000
38955  -30.788  -42.356  -22.448 0.6000000238
39017  -34.755  -42.841  -25.920 0.6000000238
39035  -27.571  -42.705  -28.158 0.4000000060
39050  -27.440  -41.943  -28.394 0.3000000119
39052  -34.808  -42.353  -28.037 0.6999999881
39983  -29.577  -41.641  -17.740 0.4000000060
39995  -30.538  -41.589  -18.517 0.5000000000
40020  -30.125  -41.435  -19.773 0.4000000060
40038  -27.194  -41.572  -21.683 0.3000000119
40043  -33.370  -41.527  -21.395 0.5000000000
40061  -31.231  -41.563  -22.270 0.6000000238
40062  -34.661  -42.027  -21.965 0.6000000238
40078  -30.256  -41.458  -23.387 0.6000000238
40097  -29.742  -41.573  -24.842 0.6000000238
40129  -36.972  -41.762  -27.623 0.5000000000
40154  -34.898  -41.684  -29.794 0.6999999881
40155  -35.618  -41.443  -29.360 0.6999999881
40164  -34.559  -41.411  -30.098 0.6999999881
41171  -30.536  -40.865  -18.083 0.4000000060
41188  -31.216  -39.916  -19.052 0.4000000060
41217  -33.691  -40.738  -21.494 0.5000000000
41281  -30.054  -40.479  -26.015 0.6000000238
41301  -34.283  -40.468  -27.771 0.6999999881
41309  -28.932  -40.235  -28.670 0.5000000000
41313  -36.621  -40.740  -28.719 0.6000000238
41339  -34.149  -40.307  -30.315 0.6999999881
42243  -31.327  -39.729  -19.571 0.4000000060
42252  -31.631  -38.877  -19.716 0.4000000060
42259  -30.530  -39.027  -21.042 0.6000000238
42261  -34.008  -39.383  -21.748 0.6000000238
42262  -34.665  -39.888  -21.594 0.6000000238
42263  -35.654  -39.687  -22.182 0.6999999881
42272  -26.265  -39.568  -22.947 0.3000000119
42273  -27.261  -39.737  -23.028 0.3000000119
42276  -32.000  -39.430  -22.727 0.6999999881
42277  -32.678  -39.364  -22.279 0.6999999881
42319  -36.303  -39.660  -24.284 0.6999999881
42340  -35.579  -39.470  -25.902 0.6999999881
42348  -29.709  -39.342  -28.367 0.5000000000
42362  -28.651  -39.473  -28.695 0.4000000060
42377  -33.786  -39.495  -29.425 0.6999999881
42388  -34.806  -40.416  -30.461 0.6999999881
43234  -31.591  -38.239  -18.336 0.3000000119
43247  -31.059  -39.045  -18.158 0.3000000119
43282  -33.657  -38.780  -21.995 0.6999999881
43298  -29.607  -38.513  -22.191 0.6000000238
43302  -35.674  -38.252  -22.142 0.8000000119
43323  -30.644  -38.929  -24.333 0.6000000238
43355  -26.411  -37.671  -26.204 0.3000000119
43387  -29.043  -38.919  -28.742 0.5000000000
43402  -34.164  -38.697  -30.118 0.6999999881
44378  -26.380  -36.790  -24.636 0.4000000060
44402  -29.357  -37.308  -26.816 0.5000000000
44420  -28.938  -37.319  -27.837 0.5000000000
44439  -33.279  -37.008  -29.673 0.6999999881
44449  -36.306  -38.069  -30.501 0.6999999881
45448  -32.554  -36.268  -20.010 0.5000000000
45464  -36.705  -36.009  -22.387 0.8000000119
45474  -33.922  -36.621  -22.357 0.8000000119
45486  -31.748  -36.611  -23.425 0.6000000238
45500  -38.239  -36.128  -24.479 0.8000000119
45512  -38.165  -35.997  -25.168 0.8000000119
45527  -27.120  -36.261  -26.463 0.5000000000
45545  -28.062  -36.367  -27.115 0.5000000000
45546  -28.733  -36.565  -27.452 0.6000000238
45547  -28.829  -35.980  -27.317 0.6000000238
46428  -30.793  -34.878  -21.291 0.5000000000
46432  -36.071  -35.471  -21.877 0.8000000119
46487  -29.113  -35.273  -27.067 0.5000000000
46497  -33.230  -35.772  -27.881 0.6999999881
46518  -34.323  -35.731  -30.373 0.6999999881
47328  -33.311  -35.007  -18.414 0.5000000000
47341  -31.970  -34.235  -20.795 0.6000000238
47342  -32.747  -34.554  -20.535 0.5000000000
47382  -27.932  -33.291  -25.125 0.5000000000
47391  -27.267  -33.736  -25.777 0.5000000000
47392  -29.629  -34.812  -26.432 0.6000000238
47403  -27.380  -33.985  -26.415 0.5000000000
47415  -28.049  -34.204  -27.052 0.5000000000
47416  -28.662  -34.515  -27.137 0.5000000000
48369  -29.813  -31.686  -23.890 0.6000000238
48395  -28.323  -31.919  -25.769 0.5000000000
48408  -27.572  -33.084  -26.016 0.5000000000
48446  -35.511  -33.347  -30.846 0.8000000119
48447  -36.309  -33.397  -30.834 0.8000000119
49312  -34.140  -33.078  -18.444 0.5000000000
49320  -35.184  -32.287  -18.937 0.5000000000
49350  -31.360  -32.113  -21.849 0.6999999881
49358  -31.225  -31.604  -22.609 0.8000000119
49363  -37.244  -32.772  -23.002 0.8000000119
49372  -30.307  -31.243  -23.897 0.6000000238
49392  -28.924  -31.125  -25.436 0.5000000000
49393  -29.101  -31.096  -24.947 0.5000000000
49394  -30.234  -30.849  -25.189 0.6000000238
49396  -39.061  -32.656  -24.422 0.8000000119
49408  -28.914  -31.205  -25.675 0.5000000000
49416  -28.664  -31.618  -25.941 0.5000000000
49417  -29.069  -31.504  -26.093 0.5000000000
49458  -38.358  -32.561  -31.136 0.5000000000
50524  -29.183  -30.877  -25.471 0.5000000000
50530  -29.545  -30.734  -25.245 0.5000000000
51628  -36.191  -30.950  -18.590 0.5000000000
51662  -35.202  -29.587  -23.206 0.6999999881
51711  -39.098  -30.761  -27.785 0.8000000119
52810  -39.845  -29.675  -24.340 0.6999999881
52823  -40.366  -29.549  -25.453 0.6999999881
52840  -40.386  -29.007  -26.886 0.6999999881
52900  -39.898  -29.361  -33.446 0.6000000238
53922  -34.536  -29.271  -28.714 0.8000000119
53942  -30.691  -27.922  -29.827 0.8000000119
53961  -35.302  -29.221  -31.963 0.8000000119
53975  -38.856  -27.728  -33.249 0.6000000238
54982  -38.403  -26.871  -28.319 0.6999999881
54983  -38.865  -27.666  -28.351 0.6999999881
55996  -31.860  -26.350  -28.359 0.8000000119
56019  -30.770  -27.569  -29.291 0.8000000119
56055  -38.050  -25.147  -34.448 0.6000000238
59172  -32.978  -24.178  -30.043 0.8000000119
59206  -32.068  -23.225  -31.680 0.8000000119
59224  -32.803  -22.838  -32.307 0.6999999881
60405  -33.927  -21.991  -33.717 0.6999999881
63704  -38.449  -19.595  -28.902 0.5000000000
63746  -35.457  -19.649  -33.432 0.5000000000
63757  -33.349  -19.136  -33.320 0.5000000000
63758  -33.571  -19.438  -33.787 0.6000000238
64594  -40.332  -18.278  -23.967 0.3000000119
64602  -41.136  -18.139  -25.045 0.3000000119
64683  -37.702  -18.004  -30.167 0.5000000000
64699  -33.368  -18.118  -33.230 0.5000000000
64700  -33.579  -17.868  -32.704 0.5000000000
64701  -33.991  -17.858  -32.341 0.6000000238
64729  -34.017  -17.944  -34.263 0.5000000000
65624  -33.526  -17.197  -33.144 0.5000000000
65631  -33.706  -16.889  -33.681 0.5000000000
65636  -33.762  -17.172  -34.076 0.5000000000
71578  -41.504  -11.592  -30.419 0.3000000119
133081  -39.413  -27.856  -27.999 0.6999999881
133241  -37.250  -36.555  -25.739 0.6999999881
135179  -29.680  -43.265  -24.733 0.6000000238
135240  -38.803  -20.758  -28.434 0.6000000238
135952  -30.900  -40.569  -18.727 0.4000000060
136160  -29.848  -31.628  -25.900 0.5000000000
137306  -33.603  -34.423  -18.976 0.5000000000
137378  -33.465  -35.837  -22.573 0.6999999881
137385  -30.329  -40.535  -27.704 0.6000000238
137741  -33.923  -44.190  -21.496 0.5000000000
137878  -40.654  -9.296  -35.284 0.3000000119
137909  -29.207  -37.841  -28.102 0.5000000000
138871  -29.352  -44.917  -28.129 0.5000000000
139849  -27.899  -37.724  -27.745 0.4000000060
140213  -32.412  -38.913  -22.789 0.6000000238
141931  -29.825  -40.225  -28.399 0.6000000238
142129  -30.945  -31.616  -24.836 0.6000000238
142443  -34.312  -41.355  -28.947 0.6999999881
142455  -32.152  -35.767  -20.629 0.5000000000
142619  -36.880  -31.433  -32.311 0.6999999881
142736  -34.307  -39.064  -27.734 0.6999999881
143378  -32.437  -43.045  -21.429 0.5000000000
143868  -34.292  -41.154  -28.206 0.6999999881
144612  -30.682  -36.691  -21.428 0.5000000000
145374  -29.100  -33.360  -26.767 0.5000000000
145744  -28.162  -37.054  -24.039 0.4000000060
145841  -34.157  -33.026  -29.835 0.8000000119
147147  -28.326  -42.382  -28.305 0.5000000000
148280  -31.915  -23.661  -31.613 0.8000000119
148484  -31.198  -44.993  -22.469 0.5000000000
148671  -36.099  -31.308  -32.152 0.6999999881
148693  -32.647  -16.117  -26.447 0.3000000119
149852  -30.081  -40.961  -28.169 0.6000000238
149909  -28.871  -43.297  -20.381 0.3000000119
151139  -38.355  -23.390  -27.086 0.8000000119
151386  -35.286  -30.135  -23.718 0.6999999881
152671  -39.624  -27.027  -27.055 0.6999999881
153011  -39.791  -11.204  -33.930 0.3000000119
153027  -41.391  -12.095  -30.181 0.3000000119
153371  -33.946  -29.328  -17.463 0.3000000119
154273  -30.118  -39.317  -25.513 0.6000000238
154743  -39.175  -16.088  -28.333 0.3000000119
155052  -34.210  -37.113  -22.195 0.8000000119
155283  -30.959  -37.678  -20.941 0.4000000060
156134  -32.171  -27.930  -28.859 0.8000000119
