#!ascii label  , from subject sub125 vox2ras=TkReg
919
23836  -48.924  -57.284  -32.067 0.5000000000
23825  -46.655  -57.825  -30.777 0.8000000119
24854  -43.584  -57.672  -31.837 0.8000000119
24838  -44.831  -57.602  -30.851 0.8000000119
24839  -45.756  -57.776  -30.862 0.8000000119
24841  -50.094  -56.089  -31.483 0.5000000000
23826  -47.618  -57.797  -30.779 0.5000000000
23834  -47.352  -57.915  -31.724 0.6000000238
146292  -41.296  -58.140  -33.060 0.6999999881
23844  -43.198  -58.018  -32.702 0.6999999881
23832  -45.480  -58.200  -31.929 0.8000000119
23847  -46.098  -58.131  -32.764 0.6999999881
24842  -50.552  -55.491  -30.994 0.6000000238
24856  -49.209  -56.726  -32.168 0.5000000000
136158  -48.542  -57.007  -32.497 0.6000000238
23855  -39.287  -57.637  -33.290 0.6999999881
23849  -47.875  -57.693  -32.369 0.6000000238
24855  -47.806  -57.089  -32.600 0.6000000238
23856  -40.014  -57.959  -33.542 0.6999999881
23842  -40.534  -58.078  -32.933 0.6999999881
23845  -44.145  -58.161  -32.699 0.6999999881
23863  -47.759  -57.430  -32.604 0.6000000238
25823  -46.898  -56.568  -32.252 0.6000000238
23846  -45.067  -58.279  -32.792 0.8000000119
23869  -45.287  -57.938  -33.170 0.8000000119
137097  -46.209  -57.732  -33.112 0.6999999881
26790  -49.987  -54.943  -31.278 0.4000000060
25812  -48.677  -55.880  -31.822 0.6000000238
25834  -38.810  -56.500  -33.402 0.6999999881
25811  -47.264  -55.958  -31.487 0.6000000238
24867  -39.415  -57.346  -33.608 0.6999999881
23857  -40.730  -58.102  -33.480 0.6999999881
23843  -42.178  -58.030  -32.839 0.6999999881
23859  -42.745  -58.076  -33.259 0.6999999881
23868  -44.280  -57.808  -33.323 0.6000000238
24864  -45.611  -57.351  -33.251 0.6999999881
25831  -44.834  -55.862  -33.048 0.5000000000
23866  -42.263  -57.704  -33.567 0.6000000238
23867  -43.316  -57.684  -33.448 0.6000000238
25840  -44.429  -56.466  -33.449 0.6000000238
132328  -44.202  -55.428  -33.394 0.6000000238
25839  -43.653  -56.295  -33.651 0.6000000238
144749  -44.030  -54.439  -33.529 0.5000000000
26779  -49.459  -54.587  -30.392 0.4000000060
25800  -49.075  -55.158  -31.197 0.5000000000
26800  -37.680  -54.572  -32.782 0.6999999881
25799  -47.734  -55.441  -30.737 0.6000000238
24868  -40.184  -57.477  -33.879 0.6999999881
25810  -46.219  -55.606  -31.491 0.6000000238
24869  -40.974  -57.493  -33.862 0.6999999881
26796  -45.515  -55.233  -31.697 0.5000000000
149189  -45.024  -54.707  -32.169 0.6000000238
25837  -42.303  -56.548  -33.752 0.6999999881
25838  -43.016  -56.191  -33.713 0.6000000238
26802  -44.601  -54.517  -33.030 0.5000000000
27808  -44.778  -53.843  -32.361 0.5000000000
140775  -43.489  -55.372  -33.583 0.5000000000
132025  -35.492  -52.869  -32.453 0.6000000238
137595  -36.888  -52.007  -32.910 0.6000000238
27794  -48.925  -54.047  -28.290 0.5000000000
26765  -48.649  -54.615  -28.975 0.5000000000
27811  -37.108  -53.683  -32.691 0.6999999881
26799  -36.940  -54.590  -32.436 0.6999999881
26778  -48.188  -55.005  -29.869 0.5000000000
26777  -46.988  -55.104  -29.505 0.5000000000
26763  -46.511  -54.393  -28.666 0.4000000060
26804  -38.240  -55.521  -33.027 0.6999999881
26776  -46.031  -54.504  -29.526 0.5000000000
26805  -39.175  -55.310  -33.299 0.6999999881
26806  -40.237  -55.018  -33.399 0.6999999881
26788  -45.547  -54.431  -30.388 0.5000000000
144273  -40.784  -55.769  -33.575 0.6999999881
141887  -41.702  -55.875  -33.637 0.6000000238
26795  -45.171  -54.370  -31.315 0.5000000000
141316  -42.718  -55.532  -33.641 0.6000000238
136536  -42.344  -54.680  -33.571 0.5000000000
134959  -43.322  -54.517  -33.630 0.5000000000
27820  -43.991  -53.524  -33.855 0.5000000000
27815  -44.549  -53.342  -33.370 0.5000000000
132697  -44.314  -53.623  -33.525 0.5000000000
28764  -44.591  -52.403  -33.144 0.3000000119
142121  -45.671  -52.508  -27.682 0.3000000119
139331  -34.777  -51.961  -32.534 0.6000000238
138347  -35.890  -52.035  -32.763 0.6000000238
27792  -47.055  -53.997  -28.122 0.4000000060
27781  -46.222  -53.428  -27.979 0.4000000060
28761  -38.345  -52.567  -32.868 0.6000000238
27801  -45.249  -53.945  -29.668 0.5000000000
26801  -38.594  -54.349  -32.992 0.6999999881
27816  -39.724  -53.969  -33.118 0.6999999881
26787  -44.932  -53.833  -30.521 0.5000000000
137758  -40.735  -54.078  -33.247 0.5000000000
27805  -44.722  -53.695  -31.325 0.5000000000
26807  -41.270  -54.817  -33.424 0.5000000000
27807  -44.459  -53.218  -31.822 0.4000000060
28758  -44.589  -53.014  -32.933 0.3000000119
29678  -43.842  -51.405  -32.327 0.4000000060
27821  -44.440  -53.035  -33.797 0.5000000000
28765  -44.636  -52.431  -33.783 0.4000000060
30700  -34.879  -50.421  -32.688 0.6000000238
149238  -35.609  -50.625  -32.870 0.6000000238
29681  -36.259  -51.269  -32.904 0.6000000238
29682  -37.215  -51.216  -32.859 0.6000000238
138201  -37.788  -51.911  -32.829 0.6000000238
27790  -44.815  -53.503  -29.028 0.3000000119
148320  -44.648  -53.557  -29.818 0.4000000060
27799  -43.474  -52.987  -29.734 0.3000000119
27814  -39.705  -52.944  -33.098 0.6000000238
134864  -43.261  -52.860  -30.417 0.3000000119
27804  -44.115  -53.329  -30.552 0.3000000119
149503  -42.726  -51.716  -31.018 0.3000000119
28752  -43.622  -52.812  -31.281 0.3000000119
28766  -41.121  -52.089  -33.328 0.5000000000
27817  -40.667  -53.077  -33.254 0.5000000000
147099  -41.653  -52.759  -33.478 0.5000000000
30699  -43.535  -50.683  -32.164 0.3000000119
28756  -43.480  -52.032  -31.682 0.3000000119
134109  -42.623  -52.933  -33.726 0.5000000000
28768  -43.336  -52.328  -34.025 0.5000000000
140649  -44.410  -50.924  -32.777 0.3000000119
28767  -42.205  -52.123  -33.653 0.5000000000
29691  -45.035  -51.486  -34.044 0.4000000060
30706  -44.926  -51.139  -33.515 0.3000000119
31710  -35.228  -48.842  -32.555 0.5000000000
134108  -35.247  -49.733  -32.708 0.6000000238
30701  -36.454  -50.441  -32.866 0.5000000000
29683  -38.605  -51.719  -32.850 0.6000000238
140383  -38.753  -50.800  -32.850 0.5000000000
31706  -42.518  -49.510  -31.386 0.3000000119
28762  -39.182  -52.349  -32.988 0.6000000238
32684  -42.559  -48.595  -31.291 0.3000000119
30698  -42.678  -50.398  -31.472 0.3000000119
28763  -40.070  -52.182  -33.205 0.6000000238
30709  -43.161  -50.647  -34.266 0.5000000000
145168  -44.700  -51.956  -34.156 0.4000000060
140124  -45.274  -50.070  -34.265 0.4000000060
32687  -35.767  -48.405  -32.560 0.5000000000
31711  -36.450  -49.371  -32.752 0.5000000000
31712  -37.737  -49.304  -32.804 0.5000000000
30702  -37.639  -50.353  -32.794 0.5000000000
31713  -38.817  -49.146  -32.830 0.5000000000
142513  -41.391  -48.392  -29.972 0.3000000119
32682  -41.911  -48.206  -30.652 0.3000000119
151489  -39.640  -50.771  -33.005 0.6000000238
29685  -40.477  -51.222  -33.204 0.6000000238
30707  -41.225  -50.485  -33.365 0.5000000000
30708  -42.231  -50.637  -33.796 0.5000000000
31716  -45.374  -49.774  -33.524 0.4000000060
150262  -45.927  -48.698  -34.031 0.4000000060
143501  -36.997  -47.519  -32.657 0.5000000000
32689  -37.894  -48.406  -32.754 0.5000000000
32690  -38.689  -48.281  -32.734 0.5000000000
154708  -41.402  -47.768  -29.695 0.4000000060
34702  -41.736  -46.514  -29.805 0.4000000060
30704  -39.317  -50.060  -32.885 0.5000000000
31714  -39.915  -49.396  -32.900 0.5000000000
34703  -42.279  -46.685  -30.591 0.4000000060
33627  -42.595  -47.598  -31.130 0.3000000119
136769  -40.836  -47.957  -33.311 0.4000000060
33630  -43.757  -47.466  -31.688 0.3000000119
31717  -40.861  -49.657  -33.256 0.5000000000
151913  -41.420  -49.211  -33.541 0.4000000060
31718  -41.783  -49.886  -33.655 0.4000000060
155948  -44.995  -49.666  -34.500 0.4000000060
33636  -37.242  -46.700  -32.659 0.5000000000
133759  -38.282  -46.739  -32.764 0.5000000000
33643  -39.422  -46.964  -32.782 0.5000000000
33621  -41.481  -47.218  -29.365 0.4000000060
32691  -39.533  -48.521  -32.820 0.5000000000
34722  -40.524  -46.206  -33.204 0.4000000060
35782  -42.187  -45.878  -30.167 0.4000000060
147202  -42.742  -46.041  -30.885 0.4000000060
33644  -40.496  -47.102  -33.139 0.4000000060
32694  -40.579  -48.731  -33.203 0.4000000060
155033  -43.353  -46.181  -31.338 0.4000000060
32695  -41.546  -48.509  -33.592 0.4000000060
32696  -42.446  -48.326  -33.960 0.4000000060
32698  -43.097  -48.174  -34.388 0.4000000060
31719  -43.415  -49.883  -34.451 0.4000000060
32699  -43.933  -48.450  -34.625 0.4000000060
131495  -45.796  -48.140  -34.304 0.4000000060
33641  -46.398  -47.644  -33.217 0.4000000060
33647  -46.365  -47.813  -34.021 0.4000000060
141884  -39.111  -44.745  -32.676 0.5000000000
34717  -38.789  -45.988  -32.700 0.4000000060
36958  -42.010  -44.879  -28.905 0.4000000060
35777  -42.195  -45.157  -29.798 0.4000000060
35804  -39.746  -45.655  -32.960 0.5000000000
35805  -40.535  -45.420  -33.334 0.4000000060
35790  -43.251  -45.517  -31.114 0.4000000060
33645  -41.610  -47.547  -33.556 0.4000000060
33646  -42.611  -47.518  -33.967 0.4000000060
32700  -44.989  -48.317  -34.545 0.4000000060
35798  -39.757  -44.882  -33.074 0.5000000000
156007  -40.555  -44.821  -33.388 0.4000000060
130140  -42.470  -44.595  -30.211 0.4000000060
35806  -41.452  -45.222  -33.561 0.4000000060
34723  -41.321  -46.010  -33.477 0.4000000060
36985  -42.038  -44.666  -33.643 0.4000000060
136154  -41.196  -46.710  -33.418 0.4000000060
135842  -42.018  -46.734  -33.624 0.4000000060
34724  -42.884  -46.772  -33.995 0.4000000060
33648  -43.361  -47.571  -34.370 0.4000000060
33649  -44.166  -47.605  -34.565 0.4000000060
33642  -46.699  -47.059  -33.768 0.4000000060
33651  -46.020  -47.276  -34.527 0.4000000060
33652  -46.695  -46.938  -34.416 0.4000000060
38040  -40.834  -43.771  -33.139 0.4000000060
36984  -41.082  -44.430  -33.454 0.4000000060
38041  -41.746  -43.805  -33.498 0.4000000060
139903  -42.538  -44.227  -33.706 0.4000000060
35807  -42.560  -45.371  -33.808 0.4000000060
35808  -43.463  -45.471  -34.168 0.4000000060
35800  -46.793  -46.076  -32.982 0.4000000060
36989  -44.714  -44.804  -34.786 0.4000000060
145292  -44.313  -46.920  -34.541 0.4000000060
35811  -44.342  -45.538  -34.587 0.4000000060
34729  -45.042  -46.506  -34.697 0.4000000060
34730  -46.252  -46.458  -34.842 0.4000000060
39090  -42.013  -42.110  -33.177 0.4000000060
39100  -42.509  -42.626  -33.391 0.4000000060
38042  -42.705  -43.462  -33.622 0.4000000060
147013  -43.615  -43.576  -33.906 0.4000000060
134565  -43.341  -44.207  -33.925 0.4000000060
38043  -44.333  -43.274  -34.147 0.4000000060
38046  -44.274  -44.062  -34.460 0.4000000060
144635  -45.084  -44.214  -34.894 0.4000000060
34726  -47.118  -46.441  -34.190 0.3000000119
35814  -46.906  -45.023  -35.021 0.4000000060
34731  -47.046  -46.238  -34.695 0.4000000060
40183  -42.220  -41.298  -32.946 0.4000000060
40184  -43.063  -41.132  -32.970 0.4000000060
147856  -43.393  -40.314  -32.901 0.4000000060
40190  -43.689  -41.870  -33.211 0.4000000060
39101  -43.408  -42.762  -33.574 0.4000000060
39106  -45.090  -42.969  -34.443 0.4000000060
39107  -45.870  -42.757  -34.600 0.4000000060
36973  -46.423  -44.426  -32.659 0.4000000060
140359  -47.045  -45.269  -33.094 0.3000000119
36991  -45.991  -44.038  -35.048 0.4000000060
35810  -47.569  -44.802  -34.530 0.5000000000
36988  -47.820  -44.848  -34.169 0.4000000060
38049  -47.257  -44.189  -34.773 0.5000000000
42412  -43.190  -39.378  -32.899 0.4000000060
42420  -43.752  -38.978  -33.644 0.4000000060
42413  -43.954  -39.972  -33.261 0.4000000060
131405  -44.735  -39.562  -33.622 0.4000000060
41366  -43.944  -40.953  -33.009 0.4000000060
39108  -46.949  -42.562  -34.587 0.4000000060
148073  -47.990  -44.105  -34.264 0.5000000000
43428  -42.977  -38.347  -33.606 0.4000000060
43435  -43.445  -38.049  -34.129 0.4000000060
135486  -44.332  -38.576  -34.096 0.4000000060
39109  -48.125  -42.549  -34.534 0.4000000060
139727  -48.587  -42.220  -34.379 0.5000000000
45601  -43.029  -36.816  -34.148 0.4000000060
45602  -43.825  -36.932  -34.295 0.4000000060
44477  -44.200  -37.640  -34.381 0.4000000060
40197  -48.533  -41.841  -34.544 0.5000000000
47461  -44.569  -34.774  -33.170 0.4000000060
46542  -43.722  -36.249  -33.653 0.4000000060
46543  -44.588  -35.655  -33.531 0.4000000060
47467  -45.144  -35.086  -33.566 0.4000000060
46544  -45.360  -35.803  -33.992 0.5000000000
46537  -43.956  -35.335  -33.065 0.4000000060
30710  -44.061  -50.689  -34.524 0.5000000000
31720  -45.557  -49.822  -34.055 0.4000000060
24840  -49.476  -56.862  -31.515 0.5000000000
24837  -43.899  -57.335  -30.850 0.8000000119
136134  -43.083  -57.003  -31.043 0.8000000119
24852  -41.409  -57.519  -32.109 0.6999999881
25801  -51.136  -55.174  -30.485 0.5000000000
24851  -40.230  -57.449  -32.004 0.6999999881
25802  -51.607  -54.979  -29.889 0.5000000000
24863  -38.420  -57.234  -32.939 0.6999999881
26766  -49.829  -54.216  -29.297 0.4000000060
26780  -50.381  -54.521  -30.480 0.4000000060
25830  -38.138  -56.494  -32.925 0.6999999881
27810  -36.271  -53.682  -32.337 0.6999999881
27784  -49.531  -53.723  -27.997 0.4000000060
27783  -48.550  -53.370  -27.558 0.4000000060
28755  -34.387  -52.840  -31.825 0.6000000238
28736  -46.537  -52.523  -27.321 0.4000000060
31708  -34.462  -49.753  -32.221 0.6000000238
31705  -34.216  -49.043  -31.856 0.5000000000
32686  -34.951  -48.198  -32.212 0.5000000000
34716  -37.572  -45.993  -32.633 0.4000000060
36978  -39.272  -44.308  -32.664 0.4000000060
38031  -39.290  -43.715  -32.261 0.4000000060
150669  -39.990  -43.693  -32.735 0.4000000060
150698  -40.701  -42.986  -32.621 0.4000000060
40182  -41.502  -41.553  -32.772 0.4000000060
41365  -42.565  -40.310  -32.730 0.4000000060
42411  -42.458  -39.404  -32.615 0.4000000060
44475  -42.784  -37.591  -34.072 0.4000000060
45600  -42.447  -37.056  -33.844 0.4000000060
138747  -44.085  -34.572  -32.716 0.4000000060
138649  -45.172  -57.171  -29.942 0.8000000119
23831  -44.509  -57.957  -31.841 0.8000000119
25814  -50.093  -55.563  -31.463 0.5000000000
24853  -42.608  -57.467  -31.914 0.6999999881
23858  -41.725  -58.103  -33.389 0.6999999881
25833  -46.327  -56.789  -32.719 0.6999999881
24873  -44.795  -57.314  -33.388 0.6999999881
26789  -46.446  -55.142  -30.504 0.6000000238
25832  -45.622  -56.542  -32.920 0.6000000238
151508  -45.092  -56.746  -33.222 0.6000000238
27812  -38.000  -53.521  -32.870 0.6999999881
145786  -45.711  -54.960  -30.968 0.5000000000
28760  -37.462  -52.745  -32.800 0.6000000238
27793  -47.973  -54.053  -28.099 0.5000000000
26764  -47.506  -54.699  -28.733 0.5000000000
27791  -45.605  -53.893  -28.790 0.3000000119
28769  -44.306  -52.610  -34.080 0.5000000000
30703  -38.486  -49.953  -32.807 0.6000000238
29687  -41.675  -51.319  -33.541 0.5000000000
29689  -44.002  -51.835  -34.303 0.5000000000
135377  -44.148  -49.376  -34.637 0.4000000060
151156  -42.664  -50.065  -33.988 0.4000000060
32693  -46.049  -48.411  -33.541 0.4000000060
33650  -45.105  -47.488  -34.567 0.4000000060
34728  -43.928  -46.211  -34.410 0.4000000060
39089  -41.408  -42.478  -32.902 0.4000000060
36990  -45.709  -44.872  -35.061 0.4000000060
45603  -44.638  -36.460  -34.104 0.4000000060
16808  -39.825  -63.547  -30.159 0.4000000060
17858  -40.203  -63.189  -30.837 0.4000000060
18930  -40.826  -62.499  -29.742 0.4000000060
19988  -41.957  -61.578  -29.999 0.4000000060
18915  -40.923  -62.482  -28.841 0.4000000060
18916  -41.724  -61.740  -28.566 0.4000000060
19970  -41.870  -61.470  -29.256 0.4000000060
19937  -42.435  -60.986  -28.067 0.4000000060
20984  -44.104  -60.664  -28.324 0.5000000000
18899  -41.448  -62.483  -27.937 0.4000000060
20964  -42.889  -60.120  -27.451 0.5000000000
134285  -43.579  -59.750  -27.281 0.5000000000
17812  -41.258  -63.253  -27.372 0.4000000060
18878  -42.090  -62.747  -26.945 0.4000000060
19919  -42.597  -60.916  -27.054 0.4000000060
149248  -43.486  -60.136  -27.812 0.5000000000
26767  -50.730  -54.294  -29.693 0.3000000119
27795  -50.353  -54.019  -28.678 0.4000000060
28737  -48.181  -52.448  -26.954 0.3000000119
20965  -44.350  -60.227  -27.669 0.5000000000
24804  -51.116  -55.966  -29.564 0.5000000000
26769  -51.686  -54.902  -29.017 0.4000000060
19880  -42.693  -61.654  -24.777 0.4000000060
20948  -43.179  -59.615  -26.729 0.5000000000
139323  -43.759  -59.417  -26.748 0.5000000000
18861  -42.782  -62.407  -25.475 0.4000000060
18879  -42.664  -62.097  -26.448 0.4000000060
21968  -45.429  -59.459  -26.262 0.6000000238
21969  -46.387  -59.668  -26.293 0.6000000238
23785  -46.927  -57.916  -26.093 0.6999999881
21959  -46.870  -59.204  -26.045 0.6999999881
23800  -48.649  -57.762  -26.682 0.6999999881
24803  -49.918  -56.628  -28.547 0.6999999881
23799  -47.664  -57.746  -26.476 0.6999999881
24763  -48.299  -57.285  -26.945 0.6999999881
20936  -43.085  -59.638  -25.821 0.5000000000
21966  -43.534  -59.215  -26.171 0.6000000238
21967  -44.398  -59.192  -26.296 0.6000000238
146195  -45.563  -57.441  -25.759 0.6000000238
21955  -42.726  -59.755  -24.821 0.4000000060
22907  -43.771  -58.193  -25.422 0.6000000238
21957  -45.060  -58.846  -25.806 0.6000000238
23784  -46.239  -57.705  -25.927 0.6000000238
23798  -46.762  -57.476  -26.381 0.6000000238
22910  -46.518  -58.425  -25.883 0.6000000238
132283  -47.424  -57.221  -26.911 0.6999999881
24824  -50.181  -56.408  -30.262 0.6000000238
24825  -50.889  -55.666  -30.584 0.5000000000
154134  -41.655  -58.742  -23.983 0.6000000238
23766  -42.157  -57.358  -24.533 0.6000000238
24738  -42.713  -56.805  -24.882 0.6999999881
23781  -43.617  -57.618  -25.164 0.6000000238
23782  -44.244  -57.204  -25.398 0.6000000238
24750  -45.860  -57.129  -26.168 0.6000000238
130469  -42.195  -59.726  -24.008 0.5000000000
21942  -43.210  -58.924  -25.356 0.6000000238
146899  -46.494  -57.147  -26.677 0.6000000238
24779  -47.735  -57.095  -27.699 0.6999999881
24802  -48.273  -57.110  -28.745 0.6999999881
155516  -48.191  -57.091  -27.329 0.6999999881
24823  -48.980  -56.978  -30.069 0.6000000238
144046  -49.238  -56.819  -29.012 0.6999999881
24737  -41.948  -56.740  -24.865 0.6000000238
24747  -42.490  -56.303  -25.353 0.6999999881
25752  -42.971  -55.912  -25.852 0.6999999881
24748  -43.485  -56.964  -25.110 0.6999999881
24761  -44.965  -56.315  -26.782 0.6000000238
23827  -48.604  -57.438  -31.104 0.5000000000
24800  -46.128  -57.121  -28.273 0.6999999881
24801  -47.215  -57.303  -28.485 0.6999999881
24797  -42.548  -56.057  -28.352 0.6999999881
132358  -43.821  -56.628  -28.946 0.6999999881
25763  -42.562  -55.808  -26.481 0.6999999881
25789  -43.498  -56.099  -28.032 0.6000000238
24798  -44.400  -56.452  -28.153 0.5000000000
25776  -43.604  -55.878  -27.167 0.6999999881
25777  -44.268  -56.115  -27.368 0.6000000238
24799  -45.226  -56.733  -28.174 0.6999999881
24821  -46.714  -57.463  -29.553 0.5000000000
24777  -45.592  -56.679  -27.395 0.6000000238
24822  -47.905  -57.417  -29.743 0.6000000238
24817  -42.353  -56.259  -29.411 0.6999999881
24818  -43.250  -56.500  -30.012 0.6999999881
24836  -42.149  -56.667  -30.747 0.6999999881
152061  -45.969  -57.329  -30.040 0.6000000238
131086  -44.275  -56.887  -29.923 0.6999999881
25790  -51.527  -55.358  -29.884 0.5000000000
24819  -44.696  -56.940  -28.977 0.6000000238
145806  -40.481  -62.875  -29.256 0.4000000060
20983  -43.131  -60.541  -28.231 0.4000000060
17788  -42.579  -62.933  -26.103 0.4000000060
18900  -42.176  -61.778  -27.554 0.4000000060
19901  -42.910  -61.369  -25.821 0.4000000060
24780  -48.939  -56.997  -27.506 0.6999999881
141868  -48.676  -56.850  -27.996 0.6999999881
22908  -44.670  -58.209  -25.516 0.6000000238
139250  -44.980  -56.910  -25.720 0.6000000238
135956  -42.543  -58.910  -24.478 0.6999999881
22893  -43.051  -58.196  -24.843 0.6000000238
134203  -44.043  -56.617  -25.611 0.6000000238
135279  -42.793  -55.788  -27.348 0.6999999881
24776  -44.919  -56.370  -27.536 0.6000000238
152916  -43.065  -56.378  -28.904 0.6000000238
25762  -41.840  -55.995  -26.392 0.5000000000
21941  -41.283  -59.697  -23.820 0.4000000060
23765  -41.442  -57.387  -24.625 0.5000000000
24775  -41.342  -56.067  -27.141 0.6000000238
20919  -40.659  -60.540  -23.900 0.4000000060
21940  -40.258  -59.696  -24.134 0.5000000000
22891  -40.884  -58.155  -24.318 0.5000000000
23779  -40.675  -57.445  -25.142 0.5000000000
152961  -40.857  -56.368  -26.874 0.5000000000
24795  -40.312  -56.504  -28.464 0.5000000000
24760  -41.140  -56.303  -26.344 0.5000000000
25775  -41.926  -55.900  -27.788 0.6000000238
25788  -41.702  -56.112  -28.733 0.5000000000
25774  -41.098  -56.121  -28.101 0.5000000000
24796  -40.859  -56.291  -29.046 0.6999999881
144239  -40.146  -56.493  -29.284 0.6000000238
24834  -39.873  -57.028  -30.932 0.6000000238
20918  -39.800  -60.259  -24.075 0.5000000000
22905  -39.643  -58.226  -25.324 0.5000000000
23797  -39.693  -57.367  -26.531 0.5000000000
24773  -39.710  -56.818  -27.950 0.5000000000
24759  -40.441  -56.758  -26.570 0.5000000000
24816  -41.403  -56.271  -29.831 0.6000000238
24794  -39.460  -56.744  -28.990 0.6000000238
24815  -39.618  -56.688  -29.987 0.5000000000
24850  -39.284  -57.514  -31.913 0.6000000238
21953  -39.286  -58.667  -24.948 0.5000000000
22919  -39.361  -57.744  -25.965 0.5000000000
23807  -38.631  -57.057  -27.444 0.5000000000
23808  -39.271  -57.184  -27.357 0.5000000000
24772  -38.957  -57.024  -28.199 0.5000000000
24835  -40.919  -56.752  -30.937 0.6000000238
24814  -38.863  -56.815  -29.954 0.5000000000
131664  -38.645  -57.222  -31.699 0.6000000238
21938  -38.842  -58.994  -24.318 0.5000000000
22918  -38.820  -57.658  -25.993 0.5000000000
23795  -38.360  -57.084  -26.620 0.5000000000
23806  -37.631  -56.585  -27.418 0.5000000000
142322  -36.604  -56.278  -27.985 0.6000000238
24810  -35.134  -56.075  -28.912 0.4000000060
142984  -36.725  -56.193  -28.865 0.5000000000
24793  -37.686  -56.430  -29.071 0.5000000000
138436  -38.202  -56.748  -28.255 0.4000000060
131210  -34.432  -55.476  -29.294 0.4000000060
25798  -35.135  -55.731  -29.560 0.5000000000
24812  -36.995  -56.131  -29.783 0.5000000000
26786  -34.181  -54.443  -30.015 0.4000000060
24831  -37.306  -56.268  -30.787 0.6000000238
134089  -38.057  -56.750  -31.303 0.6000000238
24849  -38.244  -57.016  -32.253 0.6000000238
25829  -37.666  -56.012  -32.392 0.6000000238
24811  -35.872  -55.995  -29.375 0.5000000000
26793  -34.734  -54.693  -30.451 0.5000000000
150409  -35.527  -54.974  -30.730 0.5000000000
25809  -35.923  -55.683  -30.329 0.5000000000
27803  -34.094  -53.552  -30.259 0.4000000060
27806  -34.268  -53.783  -30.963 0.5000000000
26794  -36.187  -55.034  -31.309 0.6000000238
24847  -36.807  -55.909  -31.070 0.6000000238
25828  -36.968  -55.354  -32.034 0.6000000238
27809  -35.358  -53.669  -31.932 0.5000000000
30697  -34.257  -50.086  -31.506 0.3000000119
29676  -33.927  -51.278  -31.378 0.4000000060
28750  -33.857  -52.769  -30.983 0.4000000060
26798  -36.196  -54.434  -31.849 0.5000000000
35796  -37.980  -45.261  -32.522 0.3000000119
34715  -36.704  -46.213  -32.437 0.3000000119
33635  -36.221  -46.635  -32.545 0.4000000060
150673  -34.296  -48.526  -32.012 0.4000000060
39088  -39.844  -42.987  -32.036 0.3000000119
40181  -40.784  -41.987  -32.415 0.3000000119
155245  -40.378  -42.536  -32.241 0.3000000119
41354  -41.553  -39.938  -32.167 0.3000000119
41364  -41.743  -40.682  -32.639 0.3000000119
135929  -42.498  -38.594  -32.831 0.3000000119
44468  -42.284  -37.608  -33.527 0.3000000119
45593  -41.875  -36.714  -33.215 0.3000000119
45594  -42.724  -36.479  -33.597 0.3000000119
28759  -34.166  -51.780  -31.886 0.5000000000
22906  -40.169  -58.156  -25.071 0.5000000000
24813  -38.016  -56.522  -30.120 0.5000000000
24848  -37.650  -56.408  -31.677 0.6000000238
24805  -51.650  -55.700  -28.763 0.3000000119
23801  -49.576  -57.725  -27.040 0.6000000238
23811  -49.972  -56.932  -27.619 0.6000000238
153280  -49.975  -53.892  -25.539 0.3000000119
26735  -50.509  -54.020  -26.158 0.3000000119
26744  -51.184  -54.321  -26.839 0.3000000119
27785  -50.687  -53.760  -27.530 0.3000000119
26736  -51.347  -54.905  -26.348 0.3000000119
26755  -51.857  -54.754  -28.066 0.3000000119
155237  -50.917  -54.269  -29.017 0.3000000119
143658  -51.141  -56.962  -27.818 0.6000000238
24781  -51.072  -56.445  -28.458 0.5000000000
26722  -48.823  -53.893  -24.804 0.3000000119
26734  -49.902  -53.301  -25.795 0.3000000119
27760  -50.673  -53.753  -26.869 0.3000000119
137837  -50.046  -53.474  -27.583 0.3000000119
26745  -51.824  -54.740  -27.203 0.3000000119
25778  -51.992  -55.184  -28.341 0.3000000119
24783  -52.098  -56.230  -27.726 0.4000000060
133716  -42.220  -61.325  -24.124 0.4000000060
155781  -48.378  -53.615  -24.601 0.3000000119
28722  -49.213  -52.365  -25.219 0.3000000119
28724  -49.574  -52.450  -25.732 0.3000000119
28729  -49.626  -52.491  -26.311 0.3000000119
20000  -43.268  -61.977  -30.963 0.5000000000
19991  -44.763  -61.775  -30.441 0.5000000000
18944  -40.752  -62.675  -30.653 0.4000000060
18945  -41.376  -62.118  -30.390 0.4000000060
18946  -42.220  -61.905  -30.932 0.4000000060
18962  -43.747  -62.477  -31.547 0.5000000000
20986  -47.227  -60.900  -28.492 0.5000000000
19974  -45.758  -61.337  -29.672 0.5000000000
19973  -44.290  -61.264  -29.811 0.5000000000
144623  -45.115  -61.435  -29.940 0.5000000000
19989  -42.824  -61.529  -30.261 0.4000000060
142902  -49.432  -59.955  -27.596 0.6000000238
151478  -48.011  -60.125  -27.050 0.6000000238
145910  -47.143  -60.557  -27.451 0.5000000000
154465  -45.548  -61.193  -28.961 0.5000000000
19971  -42.488  -61.346  -29.452 0.3000000119
19954  -43.781  -61.077  -28.953 0.4000000060
19955  -44.845  -61.199  -29.083 0.5000000000
22923  -50.236  -58.642  -27.237 0.6000000238
20951  -46.848  -60.191  -26.772 0.6000000238
20985  -45.275  -60.930  -28.247 0.4000000060
20967  -46.298  -60.794  -27.886 0.5000000000
22924  -50.683  -57.673  -27.465 0.6000000238
25766  -52.056  -55.379  -26.840 0.3000000119
22922  -49.138  -58.538  -26.762 0.6000000238
154774  -46.343  -60.476  -27.149 0.4000000060
25754  -51.157  -55.611  -25.615 0.3000000119
26723  -50.361  -54.799  -25.504 0.3000000119
25779  -52.191  -55.652  -27.684 0.3000000119
24782  -51.726  -56.595  -27.935 0.5000000000
22921  -48.203  -58.538  -26.427 0.6000000238
21971  -48.668  -59.354  -26.785 0.6000000238
24764  -52.334  -56.578  -26.684 0.3000000119
21982  -50.365  -59.552  -27.523 0.5000000000
21983  -51.166  -59.674  -27.477 0.5000000000
22928  -51.364  -58.656  -27.389 0.5000000000
21984  -51.828  -59.487  -27.040 0.4000000060
22929  -51.886  -58.330  -27.207 0.5000000000
20971  -50.823  -60.490  -27.532 0.5000000000
20970  -50.379  -60.377  -27.779 0.5000000000
20972  -51.496  -60.241  -27.113 0.4000000060
145199  -52.263  -59.266  -26.463 0.4000000060
22925  -52.392  -58.483  -26.478 0.4000000060
23813  -52.011  -57.349  -27.305 0.5000000000
20968  -48.087  -60.636  -28.206 0.5000000000
20969  -48.930  -60.468  -28.128 0.5000000000
23814  -52.356  -57.107  -26.933 0.4000000060
12286  -40.619  -68.599  -33.612 0.3000000119
13103  -40.511  -68.176  -32.762 0.3000000119
13990  -40.865  -67.378  -32.814 0.3000000119
14883  -42.313  -66.713  -32.430 0.3000000119
14866  -42.651  -66.335  -31.403 0.4000000060
13991  -42.021  -67.013  -33.329 0.3000000119
14007  -42.409  -66.699  -33.690 0.3000000119
15803  -43.453  -66.057  -30.683 0.4000000060
14884  -43.638  -66.848  -32.362 0.4000000060
14899  -43.394  -66.951  -33.035 0.3000000119
14929  -42.316  -66.618  -33.969 0.3000000119
14853  -44.117  -65.730  -29.987 0.4000000060
142706  -44.819  -65.787  -30.233 0.4000000060
14900  -43.928  -66.935  -32.925 0.4000000060
13992  -43.416  -66.659  -33.187 0.4000000060
15854  -42.964  -66.104  -33.570 0.4000000060
15855  -43.754  -66.582  -33.259 0.4000000060
15772  -46.636  -64.619  -28.270 0.3000000119
14855  -45.202  -65.570  -29.679 0.4000000060
15786  -45.889  -64.979  -29.788 0.4000000060
14886  -44.887  -65.759  -30.817 0.4000000060
15841  -44.994  -65.200  -31.580 0.4000000060
15840  -44.468  -65.681  -32.053 0.4000000060
16861  -43.390  -65.385  -33.106 0.4000000060
16771  -47.707  -64.167  -27.514 0.3000000119
139532  -46.533  -64.420  -28.901 0.4000000060
15806  -46.423  -64.359  -29.858 0.4000000060
15805  -45.942  -64.924  -29.961 0.4000000060
16826  -45.899  -64.225  -30.634 0.4000000060
17873  -46.128  -63.627  -30.618 0.4000000060
17887  -45.167  -64.265  -31.606 0.4000000060
16844  -44.597  -64.931  -32.135 0.4000000060
16843  -43.887  -64.598  -32.514 0.4000000060
16783  -47.749  -63.548  -28.265 0.4000000060
17846  -47.069  -63.524  -29.777 0.4000000060
18965  -46.045  -63.215  -30.801 0.4000000060
18964  -45.433  -63.035  -31.129 0.4000000060
17885  -43.543  -63.558  -32.240 0.4000000060
17886  -44.425  -63.939  -32.057 0.4000000060
151807  -42.537  -64.496  -32.944 0.4000000060
145934  -48.317  -62.244  -29.598 0.4000000060
18949  -47.493  -62.637  -30.134 0.4000000060
18948  -46.879  -62.616  -30.476 0.4000000060
18947  -46.078  -62.581  -30.714 0.4000000060
18973  -43.194  -62.765  -31.936 0.4000000060
18963  -44.664  -62.772  -31.423 0.4000000060
18932  -48.883  -61.774  -29.547 0.4000000060
19976  -47.733  -61.637  -30.015 0.4000000060
19957  -47.471  -61.254  -29.506 0.4000000060
19959  -50.201  -61.076  -27.934 0.4000000060
19978  -49.110  -61.376  -29.223 0.4000000060
150445  -48.842  -61.423  -29.575 0.4000000060
20938  -52.155  -59.949  -26.050 0.3000000119
22894  -52.376  -58.822  -25.233 0.3000000119
19992  -45.840  -61.869  -30.399 0.4000000060
20989  -50.105  -60.931  -28.028 0.4000000060
23787  -52.494  -58.142  -25.885 0.3000000119
20987  -47.937  -61.006  -28.954 0.4000000060
131994  -43.795  -66.531  -31.530 0.4000000060
14885  -44.088  -66.440  -31.755 0.4000000060
15821  -44.540  -65.889  -31.495 0.4000000060
14901  -44.061  -66.356  -32.397 0.4000000060
16782  -47.176  -64.241  -28.241 0.4000000060
142473  -45.745  -65.157  -29.269 0.4000000060
142595  -47.771  -64.449  -26.942 0.3000000119
15822  -45.187  -65.355  -30.976 0.4000000060
17813  -48.257  -63.546  -27.490 0.3000000119
155515  -46.604  -64.172  -29.416 0.4000000060
17874  -46.520  -63.798  -30.255 0.4000000060
16797  -48.007  -62.759  -29.044 0.4000000060
19994  -47.723  -62.089  -30.129 0.4000000060
18974  -44.126  -63.024  -31.947 0.4000000060
19993  -46.912  -62.007  -30.420 0.4000000060
18933  -49.167  -61.574  -29.191 0.4000000060
15756  -44.636  -64.977  -27.407 0.3000000119
15768  -42.018  -65.523  -28.750 0.3000000119
14852  -41.216  -66.030  -29.621 0.3000000119
147118  -42.867  -65.250  -28.456 0.3000000119
133673  -44.546  -65.271  -28.391 0.3000000119
15783  -41.985  -65.542  -29.827 0.3000000119
15784  -42.909  -65.397  -29.589 0.3000000119
135524  -45.324  -65.203  -28.438 0.3000000119
153964  -45.016  -65.599  -28.993 0.3000000119
15771  -45.851  -65.067  -28.671 0.3000000119
17814  -48.936  -62.735  -27.619 0.3000000119
18901  -49.667  -62.050  -27.986 0.3000000119
18919  -49.958  -61.454  -28.056 0.3000000119
19938  -50.735  -60.999  -27.453 0.3000000119
15758  -46.392  -64.817  -27.925 0.3000000119
18917  -48.892  -62.045  -29.163 0.3000000119
14005  -40.979  -67.689  -33.599 0.3000000119
14854  -44.773  -65.695  -29.390 0.3000000119
14865  -41.688  -65.883  -30.584 0.3000000119
14867  -44.330  -66.235  -30.912 0.4000000060
14868  -44.618  -66.001  -30.869 0.4000000060
14869  -45.073  -65.603  -30.259 0.4000000060
14915  -42.979  -66.513  -33.490 0.3000000119
15769  -43.794  -65.488  -28.853 0.3000000119
15770  -45.489  -65.392  -29.247 0.4000000060
15785  -45.444  -65.365  -29.732 0.4000000060
15787  -46.154  -64.738  -29.497 0.4000000060
15802  -42.452  -65.737  -30.427 0.4000000060
15804  -45.406  -65.313  -30.234 0.4000000060
15823  -45.640  -64.866  -30.498 0.4000000060
15839  -44.064  -65.650  -32.614 0.4000000060
15868  -42.362  -66.362  -34.016 0.4000000060
16770  -47.346  -64.489  -27.495 0.3000000119
16796  -47.163  -63.618  -29.020 0.4000000060
16809  -46.091  -64.476  -30.218 0.4000000060
16825  -45.444  -64.674  -31.103 0.4000000060
16842  -43.026  -64.137  -32.612 0.4000000060
16860  -42.386  -65.129  -33.363 0.4000000060
17830  -48.480  -62.773  -28.362 0.4000000060
17831  -49.148  -62.208  -28.462 0.3000000119
17845  -40.361  -63.026  -29.944 0.4000000060
17859  -47.218  -63.179  -30.159 0.4000000060
17872  -45.648  -63.917  -31.009 0.4000000060
18918  -49.427  -61.722  -28.685 0.3000000119
18931  -41.391  -61.960  -29.459 0.4000000060
18950  -47.706  -62.696  -29.831 0.4000000060
18966  -46.761  -63.171  -30.439 0.4000000060
18975  -44.936  -63.402  -31.616 0.4000000060
19952  -42.211  -61.294  -28.804 0.4000000060
19953  -42.867  -61.096  -28.838 0.4000000060
19956  -46.332  -61.175  -28.958 0.5000000000
19958  -49.566  -61.319  -28.558 0.4000000060
19972  -43.350  -61.270  -29.627 0.4000000060
19975  -46.747  -61.479  -30.053 0.4000000060
19977  -48.452  -61.674  -29.761 0.4000000060
19990  -43.800  -61.541  -30.419 0.5000000000
19995  -48.217  -62.114  -29.820 0.4000000060
20001  -44.258  -62.201  -30.961 0.5000000000
20002  -45.204  -62.449  -30.864 0.4000000060
20917  -39.149  -59.877  -24.008 0.5000000000
20921  -42.491  -60.645  -24.410 0.4000000060
20935  -42.896  -60.588  -25.254 0.5000000000
20949  -44.657  -59.751  -26.919 0.6000000238
20950  -45.895  -60.065  -26.721 0.4000000060
20966  -45.473  -60.432  -27.372 0.4000000060
20988  -48.868  -61.017  -29.157 0.4000000060
20997  -48.392  -61.330  -29.683 0.4000000060
21939  -39.581  -59.422  -24.415 0.5000000000
21954  -40.062  -58.859  -24.701 0.5000000000
21956  -44.044  -58.652  -25.876 0.6000000238
21958  -45.998  -59.030  -25.867 0.6000000238
21960  -52.344  -59.431  -25.632 0.3000000119
21970  -47.706  -59.341  -26.397 0.6000000238
21972  -49.554  -59.208  -27.106 0.6000000238
21973  -51.942  -59.846  -26.701 0.3000000119
21985  -52.043  -58.803  -26.963 0.4000000060
22892  -42.307  -58.091  -24.403 0.6000000238
22904  -39.161  -58.122  -25.523 0.5000000000
22909  -45.608  -58.177  -25.651 0.6000000238
22911  -47.334  -58.523  -26.116 0.6999999881
22912  -52.511  -58.815  -25.926 0.4000000060
22920  -39.946  -57.767  -25.735 0.5000000000
22930  -52.204  -58.024  -26.896 0.4000000060
23767  -42.893  -57.481  -24.752 0.6999999881
23780  -41.319  -56.893  -25.120 0.5000000000
23783  -44.962  -57.540  -25.500 0.6000000238
23796  -39.024  -57.451  -26.702 0.5000000000
23809  -39.862  -56.916  -27.179 0.5000000000
23810  -49.016  -57.274  -27.101 0.6999999881
23812  -51.637  -57.611  -27.509 0.5000000000
23833  -46.432  -58.105  -31.824 0.6000000238
23835  -48.226  -57.687  -31.861 0.5000000000
23840  -38.830  -57.578  -32.641 0.6999999881
23841  -39.678  -57.936  -32.942 0.6999999881
23848  -47.084  -57.821  -32.400 0.6000000238
23850  -48.496  -57.294  -32.414 0.6000000238
23860  -43.734  -58.111  -33.184 0.6000000238
23861  -44.529  -58.171  -33.138 0.8000000119
23862  -46.815  -57.694  -32.695 0.6000000238
23864  -40.417  -57.845  -33.757 0.6999999881
23865  -41.243  -57.794  -33.667 0.6999999881
24745  -40.888  -56.756  -25.722 0.5000000000
24746  -41.683  -56.333  -25.592 0.5000000000
24749  -44.545  -56.374  -26.076 0.6000000238
24762  -45.776  -56.792  -26.716 0.6000000238
24774  -40.514  -56.491  -27.475 0.5000000000
24778  -46.630  -57.072  -27.349 0.6000000238
24784  -52.308  -56.253  -27.177 0.3000000119
24792  -35.670  -56.138  -28.549 0.4000000060
24820  -45.587  -57.227  -29.085 0.6000000238
24830  -36.304  -55.908  -30.207 0.5000000000
24832  -38.548  -56.887  -30.815 0.5000000000
24833  -39.098  -57.096  -30.884 0.5000000000
24857  -49.665  -56.080  -31.907 0.5000000000
24862  -37.939  -56.563  -32.432 0.6000000238
24865  -46.876  -57.335  -32.682 0.6999999881
24866  -38.736  -57.193  -33.272 0.6999999881
24870  -41.855  -57.346  -33.800 0.6999999881
24871  -42.909  -57.074  -33.787 0.6000000238
24872  -43.914  -57.168  -33.623 0.6000000238
25751  -42.326  -55.984  -25.881 0.6999999881
25753  -43.724  -56.069  -25.936 0.6999999881
25764  -43.310  -55.811  -26.511 0.6999999881
25765  -44.095  -56.032  -26.595 0.6999999881
25767  -52.294  -55.832  -27.062 0.3000000119
25791  -51.708  -55.215  -29.133 0.3000000119
25807  -34.390  -55.089  -29.757 0.4000000060
25808  -35.131  -55.395  -30.141 0.5000000000
25813  -49.593  -55.695  -31.767 0.5000000000
25819  -36.102  -55.460  -30.801 0.5000000000
25820  -36.726  -55.584  -31.439 0.6000000238
25821  -37.363  -55.969  -31.874 0.6000000238
25822  -45.922  -56.057  -32.272 0.6999999881
25824  -48.189  -56.608  -32.299 0.6000000238
25825  -49.135  -56.384  -32.181 0.6000000238
25835  -39.863  -56.393  -33.669 0.6999999881
25836  -40.830  -56.773  -33.824 0.6999999881
26756  -52.137  -55.227  -27.531 0.3000000119
26768  -51.294  -54.608  -29.543 0.5000000000
26781  -51.089  -54.700  -30.318 0.5000000000
26791  -50.613  -55.019  -30.946 0.6000000238
26797  -35.266  -54.329  -31.255 0.5000000000
26803  -45.201  -55.508  -32.520 0.6000000238
27748  -47.953  -53.312  -24.430 0.3000000119
27750  -49.420  -53.254  -25.286 0.3000000119
27771  -51.338  -54.191  -27.594 0.3000000119
27782  -47.355  -53.209  -27.468 0.4000000060
27796  -50.803  -53.907  -28.255 0.3000000119
27797  -51.339  -54.367  -28.544 0.3000000119
27800  -44.115  -53.214  -29.373 0.3000000119
27813  -38.930  -53.257  -32.981 0.6000000238
27818  -41.768  -53.700  -33.457 0.5000000000
27819  -43.030  -53.723  -33.768 0.5000000000
28725  -50.062  -53.163  -26.279 0.3000000119
28730  -50.129  -53.207  -26.885 0.3000000119
28751  -42.896  -52.357  -30.748 0.3000000119
28753  -33.807  -51.937  -30.830 0.4000000060
28754  -33.835  -52.061  -31.384 0.4000000060
28757  -44.283  -52.585  -32.262 0.3000000119
29648  -49.225  -51.664  -25.334 0.3000000119
29677  -43.042  -51.199  -31.574 0.3000000119
29679  -34.427  -50.877  -32.151 0.5000000000
29680  -35.232  -51.208  -32.830 0.6000000238
29684  -39.448  -51.505  -33.020 0.6000000238
29686  -44.770  -51.846  -33.515 0.4000000060
29688  -42.913  -51.430  -33.991 0.5000000000
29690  -44.546  -51.341  -34.314 0.5000000000
29692  -44.944  -50.737  -34.293 0.4000000060
30705  -40.233  -50.261  -33.085 0.5000000000
30711  -45.341  -50.536  -33.956 0.4000000060
31707  -43.402  -49.912  -32.110 0.3000000119
31709  -34.492  -48.884  -32.298 0.5000000000
31721  -45.814  -49.238  -33.834 0.4000000060
31722  -44.524  -50.115  -34.550 0.5000000000
31723  -45.553  -49.405  -34.211 0.4000000060
32685  -43.540  -48.246  -31.813 0.3000000119
32688  -36.820  -48.430  -32.671 0.5000000000
32697  -43.202  -48.934  -34.483 0.4000000060
33626  -41.662  -47.448  -30.237 0.4000000060
33633  -35.842  -47.490  -32.410 0.5000000000
33637  -39.028  -47.660  -32.709 0.5000000000
33638  -39.993  -47.842  -32.949 0.5000000000
34708  -43.027  -46.753  -31.280 0.3000000119
34719  -46.650  -46.882  -32.978 0.4000000060
34720  -47.005  -46.539  -33.522 0.4000000060
34721  -39.807  -46.398  -32.908 0.4000000060
34725  -43.135  -46.092  -34.056 0.4000000060
34727  -43.600  -46.855  -34.346 0.4000000060
35776  -41.948  -45.756  -29.261 0.4000000060
35783  -42.631  -45.321  -30.498 0.4000000060
35788  -37.381  -45.761  -32.317 0.3000000119
35797  -38.970  -45.182  -32.666 0.5000000000
35801  -47.306  -45.914  -33.634 0.3000000119
35809  -47.474  -45.589  -34.431 0.4000000060
35812  -45.382  -45.632  -34.916 0.4000000060
35813  -46.480  -45.696  -35.024 0.4000000060
36959  -42.330  -43.871  -29.909 0.4000000060
36977  -38.457  -44.662  -32.424 0.3000000119
36979  -40.203  -44.320  -33.179 0.5000000000
36980  -47.625  -45.121  -33.790 0.3000000119
36981  -48.002  -44.346  -33.897 0.4000000060
36986  -42.958  -44.828  -33.919 0.4000000060
36987  -43.847  -44.821  -34.327 0.4000000060
38032  -41.357  -43.213  -33.088 0.4000000060
38047  -45.036  -43.589  -34.743 0.4000000060
38048  -46.562  -43.382  -34.806 0.4000000060
39099  -41.951  -42.933  -33.327 0.4000000060
40189  -42.744  -41.969  -33.215 0.4000000060
40198  -48.905  -41.431  -34.646 0.5000000000
44476  -43.139  -37.265  -34.316 0.4000000060
45608  -44.754  -37.012  -34.726 0.4000000060
46536  -43.263  -35.766  -32.922 0.3000000119
130035  -44.950  -49.069  -34.548 0.4000000060
131206  -49.606  -60.858  -28.486 0.5000000000
131749  -46.061  -64.858  -29.107 0.4000000060
132179  -40.804  -58.984  -23.984 0.5000000000
132364  -44.921  -50.411  -33.195 0.3000000119
132388  -42.089  -55.854  -27.037 0.5000000000
132455  -36.539  -52.832  -32.666 0.6999999881
132749  -40.466  -56.471  -30.004 0.6999999881
133190  -42.258  -45.996  -33.701 0.4000000060
134322  -42.869  -60.186  -26.448 0.5000000000
135190  -43.591  -53.037  -34.007 0.5000000000
136244  -51.710  -59.149  -27.232 0.5000000000
138095  -42.379  -49.261  -33.948 0.4000000060
138234  -44.331  -51.980  -32.642 0.4000000060
138399  -47.693  -43.412  -34.570 0.4000000060
138813  -47.311  -52.309  -26.994 0.3000000119
138936  -38.034  -47.553  -32.742 0.5000000000
138991  -41.983  -39.909  -32.554 0.3000000119
139587  -45.235  -56.646  -26.224 0.6000000238
140061  -37.620  -55.496  -32.574 0.6000000238
140421  -44.274  -57.755  -25.394 0.6000000238
140730  -37.419  -56.435  -28.316 0.5000000000
142930  -44.174  -50.307  -32.592 0.3000000119
144095  -52.417  -57.840  -26.513 0.4000000060
145005  -43.730  -51.202  -34.390 0.5000000000
145719  -43.246  -56.381  -25.418 0.6999999881
145885  -38.541  -56.710  -29.089 0.5000000000
145942  -45.451  -63.577  -31.207 0.4000000060
146361  -47.161  -59.753  -26.466 0.6000000238
147249  -40.298  -57.225  -25.940 0.5000000000
147595  -38.032  -51.208  -32.807 0.6000000238
148282  -46.184  -57.238  -33.058 0.6999999881
148455  -41.534  -56.917  -33.824 0.6999999881
149131  -51.787  -55.627  -26.237 0.3000000119
151343  -51.961  -55.497  -28.371 0.4000000060
151625  -45.629  -43.294  -34.836 0.4000000060
151878  -51.502  -59.792  -27.294 0.4000000060
152846  -39.509  -63.837  -30.655 0.4000000060
153006  -41.662  -57.922  -24.278 0.6000000238
153096  -44.458  -66.120  -31.133 0.4000000060
153271  -46.086  -64.878  -28.754 0.4000000060
153380  -51.138  -53.942  -28.003 0.3000000119
153786  -34.734  -53.681  -31.565 0.5000000000
154881  -34.361  -55.661  -28.958 0.4000000060
154937  -38.806  -58.568  -24.810 0.5000000000
155029  -47.114  -45.722  -34.862 0.5000000000
155090  -50.876  -59.183  -27.460 0.5000000000
155883  -40.210  -58.062  -33.326 0.6999999881
156010  -39.872  -57.775  -33.688 0.6999999881
156012  -47.700  -62.924  -29.559 0.4000000060
156294  -44.591  -51.489  -32.939 0.3000000119
156414  -45.593  -48.826  -34.329 0.4000000060
