#!ascii label  , from subject sub125 vox2ras=TkReg
593
25761  -33.758  -56.262  -26.317 0.6999999881
26754  -33.887  -54.944  -27.827 0.6000000238
25786  -33.992  -55.670  -28.309 0.6000000238
25797  -34.162  -55.589  -28.821 0.4000000060
27694  -34.108  -53.352  -19.425 0.6999999881
28672  -34.262  -52.623  -20.034 0.6999999881
26658  -34.337  -54.032  -20.155 0.6999999881
27710  -34.404  -53.255  -20.441 0.6000000238
140145  -34.522  -53.866  -21.054 0.6999999881
27720  -34.744  -53.252  -21.202 0.6000000238
26671  -34.501  -54.484  -21.708 0.6000000238
27730  -35.143  -53.632  -22.364 0.6000000238
138150  -34.473  -55.247  -22.926 0.6000000238
27735  -35.341  -53.866  -23.165 0.6000000238
27744  -36.675  -53.778  -24.048 0.5000000000
26705  -34.855  -54.466  -23.828 0.5000000000
154335  -36.057  -53.879  -24.556 0.5000000000
26733  -34.850  -54.160  -25.627 0.6000000238
26743  -34.205  -54.458  -26.311 0.6000000238
27768  -34.692  -53.850  -26.561 0.6000000238
27767  -34.200  -54.166  -27.337 0.6000000238
27787  -34.081  -54.133  -28.159 0.6000000238
142254  -34.370  -51.873  -20.185 0.6000000238
155164  -35.360  -52.135  -21.295 0.6000000238
28700  -36.094  -52.346  -21.683 0.6000000238
28708  -36.795  -52.535  -22.304 0.6000000238
149547  -37.598  -52.346  -23.227 0.6000000238
27731  -36.682  -53.198  -22.720 0.6000000238
27736  -36.295  -53.634  -23.308 0.6000000238
27745  -37.369  -53.449  -24.337 0.6000000238
27759  -37.487  -53.442  -25.281 0.6000000238
27757  -35.885  -53.950  -25.289 0.6000000238
27758  -36.710  -53.820  -25.833 0.6999999881
27769  -36.412  -53.671  -26.823 0.6000000238
132173  -35.318  -53.598  -27.046 0.6000000238
26762  -34.014  -54.807  -28.612 0.5000000000
26774  -34.086  -54.566  -29.258 0.5000000000
29595  -33.930  -51.322  -19.773 0.6000000238
28688  -34.933  -51.612  -20.891 0.6000000238
30619  -36.245  -50.949  -21.907 0.6000000238
29632  -36.678  -51.611  -22.080 0.6000000238
29633  -37.429  -51.921  -22.762 0.6000000238
30647  -37.699  -51.076  -23.344 0.6000000238
29644  -38.149  -51.453  -24.108 0.6000000238
28715  -38.078  -52.229  -24.186 0.6000000238
28714  -37.674  -52.758  -23.753 0.6000000238
29645  -38.377  -51.976  -24.955 0.6000000238
28723  -38.036  -52.786  -25.587 0.6999999881
27778  -34.924  -53.150  -27.756 0.6000000238
27788  -34.228  -53.255  -28.030 0.6000000238
26785  -34.138  -54.307  -29.709 0.4000000060
30597  -33.748  -50.107  -20.359 0.6000000238
29610  -34.503  -51.103  -20.413 0.6000000238
30618  -35.665  -50.601  -21.695 0.6000000238
131635  -37.354  -50.272  -23.033 0.6000000238
31651  -37.596  -49.599  -23.440 0.5000000000
31670  -37.990  -49.866  -24.259 0.6000000238
30661  -38.310  -50.502  -25.675 0.6999999881
29660  -37.377  -51.502  -27.815 0.6000000238
27770  -37.397  -53.316  -26.391 0.6000000238
27780  -36.876  -53.203  -27.413 0.6000000238
28732  -36.431  -52.902  -28.003 0.6000000238
27789  -35.613  -52.726  -28.151 0.6000000238
28739  -34.148  -52.461  -28.736 0.6000000238
27802  -34.071  -53.548  -29.675 0.4000000060
28746  -34.076  -52.632  -29.439 0.5000000000
31583  -33.428  -49.592  -20.806 0.5000000000
31584  -34.257  -49.749  -21.149 0.6000000238
30617  -35.056  -50.106  -21.394 0.6000000238
30633  -36.216  -50.262  -22.284 0.6000000238
135953  -36.940  -50.237  -22.585 0.5000000000
31631  -37.195  -49.356  -22.815 0.5000000000
144512  -37.537  -48.900  -23.207 0.5000000000
32653  -37.631  -48.255  -25.497 0.6000000238
133324  -37.989  -49.027  -24.830 0.6999999881
31689  -38.160  -49.915  -26.181 0.6999999881
28726  -38.259  -52.060  -25.816 0.6999999881
31692  -37.501  -49.668  -27.551 0.6000000238
29651  -37.846  -51.110  -27.095 0.6999999881
30680  -37.467  -50.562  -27.712 0.6000000238
30686  -36.936  -50.922  -28.331 0.6000000238
28742  -36.797  -51.744  -28.264 0.6000000238
29668  -35.988  -51.280  -28.539 0.6000000238
29667  -35.032  -51.303  -28.818 0.6000000238
28747  -34.151  -51.990  -29.279 0.5000000000
28749  -33.971  -52.700  -30.239 0.4000000060
31607  -33.884  -49.413  -21.749 0.6000000238
138018  -35.587  -49.103  -22.531 0.6000000238
31629  -35.802  -49.478  -22.348 0.5000000000
32608  -36.925  -48.628  -22.448 0.6000000238
33573  -37.437  -47.556  -22.748 0.5000000000
32627  -37.695  -48.257  -23.340 0.6000000238
34646  -37.404  -46.762  -23.230 0.5000000000
139029  -37.833  -48.966  -23.876 0.6000000238
33586  -37.627  -47.503  -23.746 0.5000000000
32642  -37.800  -48.241  -24.317 0.5000000000
33599  -37.365  -47.479  -25.744 0.5000000000
31682  -37.891  -49.134  -25.834 0.6000000238
139526  -37.166  -47.094  -26.254 0.5000000000
33605  -37.351  -47.823  -26.510 0.5000000000
32663  -37.582  -48.595  -26.385 0.6000000238
137922  -37.147  -47.054  -26.886 0.4000000060
31688  -37.720  -49.283  -26.804 0.6999999881
34679  -37.462  -47.015  -27.579 0.4000000060
143326  -37.370  -48.276  -27.971 0.5000000000
134495  -37.294  -49.019  -28.012 0.6000000238
32673  -37.189  -48.519  -28.755 0.5000000000
31695  -37.050  -49.954  -28.340 0.6000000238
31694  -36.864  -49.271  -28.906 0.5000000000
30684  -35.463  -50.768  -28.963 0.6000000238
151043  -34.040  -51.119  -30.743 0.5000000000
143102  -36.553  -49.902  -28.971 0.6000000238
30690  -35.285  -50.681  -29.843 0.6000000238
29672  -34.306  -51.573  -29.713 0.6000000238
31628  -34.880  -49.122  -22.947 0.5000000000
32607  -36.307  -48.888  -22.363 0.5000000000
33572  -36.910  -47.268  -22.207 0.5000000000
34632  -37.182  -46.800  -22.508 0.4000000060
34657  -37.336  -46.757  -24.313 0.4000000060
33593  -37.532  -47.486  -24.851 0.5000000000
34667  -37.126  -46.753  -25.489 0.5000000000
34666  -36.531  -46.168  -25.771 0.5000000000
35763  -37.127  -45.522  -27.282 0.4000000060
35752  -36.939  -46.225  -26.982 0.4000000060
131349  -37.569  -46.275  -27.716 0.5000000000
34687  -37.822  -46.940  -28.294 0.5000000000
33616  -37.473  -47.674  -28.533 0.5000000000
32677  -37.155  -48.114  -29.405 0.5000000000
31701  -34.669  -49.287  -31.095 0.5000000000
30694  -34.308  -50.071  -31.081 0.5000000000
30691  -36.035  -50.301  -29.431 0.6000000238
30695  -34.840  -50.204  -30.572 0.5000000000
34656  -36.748  -46.112  -24.892 0.4000000060
136862  -35.776  -45.110  -26.356 0.5000000000
35751  -36.299  -45.847  -26.388 0.5000000000
37996  -35.901  -44.081  -27.030 0.5000000000
36941  -37.525  -44.704  -27.533 0.4000000060
34688  -38.155  -46.300  -28.600 0.5000000000
32680  -34.941  -48.502  -31.323 0.5000000000
31700  -34.321  -49.329  -31.501 0.3000000119
36949  -38.284  -44.659  -28.305 0.5000000000
33620  -37.333  -47.613  -29.644 0.5000000000
31702  -35.631  -48.982  -30.543 0.5000000000
36927  -35.708  -44.673  -26.773 0.4000000060
36940  -36.410  -44.810  -27.141 0.4000000060
39039  -35.528  -42.813  -27.443 0.4000000060
39040  -36.976  -42.426  -27.425 0.4000000060
139139  -37.044  -43.886  -27.221 0.4000000060
38006  -37.979  -43.632  -27.776 0.4000000060
39041  -37.595  -41.952  -27.691 0.4000000060
33623  -35.312  -47.918  -31.554 0.4000000060
32683  -34.770  -48.239  -31.855 0.4000000060
34693  -37.875  -47.002  -29.379 0.5000000000
33624  -35.965  -47.338  -31.421 0.5000000000
35770  -38.436  -45.474  -28.947 0.5000000000
150923  -37.800  -46.507  -30.362 0.5000000000
33619  -36.710  -47.857  -30.309 0.5000000000
40143  -37.156  -40.997  -28.054 0.4000000060
37997  -38.057  -42.503  -27.893 0.4000000060
34699  -36.180  -46.457  -31.778 0.4000000060
33625  -37.012  -47.009  -30.645 0.5000000000
143269  -38.508  -43.855  -28.826 0.5000000000
35775  -38.433  -45.307  -30.027 0.5000000000
40130  -37.969  -40.965  -27.953 0.4000000060
35781  -38.233  -45.039  -31.198 0.4000000060
35780  -37.443  -45.515  -31.885 0.3000000119
150341  -38.686  -42.222  -28.347 0.5000000000
36950  -38.558  -44.640  -29.344 0.5000000000
34701  -38.058  -45.840  -30.772 0.5000000000
41314  -37.665  -40.313  -28.393 0.4000000060
38015  -38.541  -43.763  -30.568 0.3000000119
36963  -38.352  -44.194  -31.432 0.3000000119
40144  -38.911  -40.693  -28.327 0.4000000060
36957  -38.468  -44.450  -30.421 0.5000000000
39056  -39.153  -41.545  -28.520 0.4000000060
39062  -39.080  -42.477  -28.957 0.5000000000
38011  -38.736  -43.324  -29.600 0.5000000000
42366  -38.145  -39.683  -28.976 0.4000000060
38016  -39.019  -42.877  -30.949 0.3000000119
154073  -39.361  -42.922  -31.482 0.3000000119
41315  -38.589  -40.103  -28.436 0.4000000060
39068  -39.091  -42.654  -29.925 0.4000000060
41316  -39.233  -40.011  -28.724 0.4000000060
39063  -39.434  -41.734  -29.365 0.4000000060
42390  -37.729  -39.129  -30.620 0.5000000000
39069  -39.514  -42.012  -30.391 0.3000000119
39078  -39.724  -42.417  -31.256 0.4000000060
40165  -40.567  -40.708  -31.393 0.4000000060
39079  -40.230  -42.156  -31.838 0.4000000060
148911  -38.909  -39.625  -28.881 0.4000000060
40156  -39.754  -40.938  -29.898 0.5000000000
142828  -40.153  -40.639  -30.642 0.4000000060
42381  -39.235  -39.656  -29.563 0.5000000000
41331  -39.549  -40.141  -29.229 0.5000000000
42392  -39.459  -39.292  -30.464 0.5000000000
42393  -40.022  -39.179  -30.836 0.4000000060
41344  -40.402  -39.854  -30.922 0.4000000060
41353  -41.003  -39.867  -31.548 0.4000000060
41363  -41.030  -40.894  -32.230 0.3000000119
42380  -38.526  -39.469  -29.864 0.5000000000
42391  -38.823  -38.923  -30.561 0.5000000000
147842  -39.866  -37.262  -32.774 0.4000000060
43426  -40.554  -37.360  -32.886 0.3000000119
140390  -37.674  -37.204  -30.117 0.5000000000
154856  -39.666  -37.639  -32.231 0.4000000060
43409  -39.901  -38.350  -31.532 0.4000000060
43419  -40.346  -38.071  -32.223 0.4000000060
42402  -41.221  -39.002  -31.841 0.4000000060
42410  -41.839  -38.990  -32.374 0.3000000119
43406  -37.914  -38.475  -30.893 0.5000000000
133114  -39.441  -38.562  -30.979 0.5000000000
43407  -38.738  -38.143  -30.979 0.5000000000
149213  -40.114  -36.800  -32.839 0.4000000060
44467  -40.152  -36.952  -33.044 0.4000000060
148561  -41.319  -37.102  -33.176 0.3000000119
137387  -38.602  -37.165  -30.360 0.5000000000
148123  -39.277  -37.047  -30.867 0.5000000000
45586  -39.632  -37.141  -31.848 0.5000000000
43408  -39.281  -37.914  -31.762 0.5000000000
44452  -39.152  -37.788  -31.365 0.5000000000
45588  -40.837  -36.492  -32.083 0.4000000060
46519  -37.417  -35.304  -29.636 0.5000000000
46521  -39.521  -35.635  -30.102 0.5000000000
46534  -41.711  -36.246  -32.314 0.3000000119
46520  -38.591  -35.221  -29.585 0.5000000000
45578  -39.029  -36.328  -30.199 0.5000000000
26742  -33.795  -54.977  -26.948 0.6000000238
25796  -33.824  -55.307  -28.905 0.5000000000
27743  -35.717  -53.960  -23.931 0.6000000238
30654  -38.291  -50.792  -24.837 0.6999999881
28731  -34.531  -52.449  -28.339 0.6000000238
31683  -38.184  -49.848  -25.275 0.6999999881
29673  -34.720  -51.228  -29.323 0.6000000238
30670  -37.866  -50.193  -26.967 0.6999999881
32670  -37.458  -48.535  -27.221 0.5000000000
30685  -36.357  -50.480  -28.739 0.6000000238
34673  -36.817  -46.502  -26.346 0.5000000000
35762  -36.245  -45.390  -26.867 0.5000000000
32676  -36.775  -48.766  -29.930 0.5000000000
31697  -35.616  -49.965  -30.312 0.5000000000
140912  -37.362  -42.908  -27.474 0.4000000060
35769  -37.929  -45.525  -27.987 0.5000000000
136009  -36.346  -43.187  -27.232 0.4000000060
156311  -38.749  -43.281  -30.513 0.4000000060
40173  -40.158  -41.517  -30.968 0.4000000060
41354  -41.553  -39.938  -32.167 0.3000000119
45577  -38.161  -36.360  -29.578 0.5000000000
45579  -39.689  -36.503  -30.861 0.5000000000
17702  -34.291  -63.801  -20.048 0.5000000000
145465  -36.691  -63.231  -20.350 0.5000000000
135355  -35.161  -63.498  -19.836 0.5000000000
19828  -38.189  -61.765  -21.855 0.5000000000
18797  -37.695  -63.010  -21.087 0.5000000000
17705  -37.179  -63.516  -20.660 0.4000000060
17688  -33.733  -63.198  -19.876 0.5000000000
18776  -36.437  -62.644  -20.199 0.6000000238
151520  -34.892  -62.566  -19.627 0.6000000238
19827  -37.573  -61.965  -21.140 0.5000000000
18777  -37.103  -62.691  -20.592 0.5000000000
19860  -38.905  -61.014  -23.168 0.4000000060
19793  -31.413  -61.398  -19.677 0.6999999881
18746  -31.813  -62.243  -19.937 0.6999999881
19796  -34.464  -61.806  -19.590 0.6999999881
19817  -36.154  -61.318  -20.267 0.5000000000
18750  -35.382  -61.734  -19.781 0.6999999881
20874  -37.760  -60.972  -21.772 0.5000000000
20873  -37.145  -60.327  -21.506 0.5000000000
19826  -36.886  -61.018  -20.952 0.5000000000
21925  -38.459  -59.409  -23.583 0.5000000000
20889  -38.273  -60.531  -22.608 0.5000000000
138100  -29.238  -60.252  -20.727 0.5000000000
19814  -29.318  -61.085  -20.899 0.6999999881
21863  -30.890  -59.961  -19.207 0.6999999881
19815  -30.601  -61.454  -20.099 0.6999999881
20837  -31.418  -60.576  -19.363 0.6999999881
130209  -32.962  -61.971  -19.557 0.6000000238
20871  -35.537  -60.125  -20.924 0.6999999881
19816  -34.728  -61.176  -19.772 0.6000000238
20888  -37.613  -60.076  -22.104 0.5000000000
21893  -36.862  -59.763  -21.790 0.6000000238
20872  -36.428  -60.221  -21.214 0.6000000238
21911  -38.080  -59.746  -22.831 0.5000000000
22890  -38.303  -58.271  -24.477 0.5000000000
130615  -29.608  -59.469  -20.153 0.5000000000
20835  -30.070  -60.126  -19.610 0.6999999881
20838  -32.165  -60.866  -19.422 0.6999999881
21865  -33.171  -59.531  -19.286 0.6999999881
21864  -32.004  -59.890  -19.071 0.6999999881
20839  -33.909  -61.087  -19.664 0.8000000119
21880  -34.299  -59.888  -20.324 0.6999999881
21908  -35.222  -59.439  -22.442 0.6000000238
141859  -34.864  -59.582  -21.621 0.6999999881
22849  -36.867  -59.008  -22.986 0.6999999881
21909  -36.353  -59.395  -22.371 0.6000000238
22870  -38.073  -58.635  -23.752 0.6000000238
22869  -37.337  -58.621  -23.455 0.6000000238
23778  -38.033  -57.225  -25.701 0.6000000238
23716  -29.708  -57.769  -20.495 0.5000000000
138533  -30.115  -57.809  -19.723 0.6000000238
22820  -29.864  -58.549  -19.826 0.5000000000
22804  -30.445  -58.355  -19.002 0.6000000238
135318  -31.116  -59.048  -18.765 0.6000000238
22806  -32.373  -58.742  -18.716 0.6999999881
22808  -34.049  -58.311  -19.504 0.6999999881
22807  -33.473  -58.612  -19.039 0.6000000238
21879  -33.942  -59.599  -19.901 0.6999999881
22821  -33.859  -59.005  -19.828 0.6999999881
153796  -34.568  -59.506  -21.033 0.6999999881
22888  -36.132  -58.161  -24.156 0.6999999881
23777  -36.969  -57.009  -25.429 0.6999999881
23763  -36.625  -57.614  -24.725 0.6999999881
23717  -29.997  -57.036  -20.147 0.5000000000
23692  -32.185  -57.149  -18.578 0.6000000238
22793  -32.332  -57.808  -18.526 0.6000000238
22794  -33.170  -58.001  -18.614 0.6000000238
132798  -34.265  -59.208  -20.726 0.8000000119
23727  -34.159  -57.970  -21.683 0.5000000000
23708  -34.444  -57.551  -19.643 0.6000000238
21907  -34.351  -59.277  -22.570 0.6999999881
22847  -33.599  -58.644  -23.036 0.6999999881
22903  -34.876  -57.824  -25.177 0.6999999881
22886  -34.462  -58.138  -24.368 0.6999999881
24758  -36.446  -56.400  -27.051 0.5000000000
23793  -36.113  -56.781  -26.151 0.6999999881
24771  -35.556  -56.388  -27.728 0.5000000000
24698  -30.445  -56.413  -19.857 0.5000000000
24699  -31.062  -56.499  -19.246 0.5000000000
151760  -33.015  -55.142  -18.270 0.6000000238
24684  -31.833  -56.384  -18.716 0.6000000238
25686  -33.487  -55.784  -18.500 0.6000000238
24687  -33.983  -56.380  -18.632 0.6000000238
25699  -34.347  -55.338  -19.187 0.6000000238
23694  -34.269  -56.955  -18.942 0.6000000238
144982  -34.358  -56.170  -19.062 0.6000000238
24719  -33.925  -57.207  -23.175 0.6000000238
23739  -34.425  -57.105  -22.264 0.5000000000
25706  -34.736  -55.929  -19.843 0.5000000000
150432  -34.094  -57.292  -24.643 0.6000000238
24728  -34.049  -57.119  -24.055 0.6000000238
147272  -34.478  -57.357  -25.739 0.6000000238
23791  -34.160  -57.163  -25.819 0.6000000238
147421  -34.085  -56.113  -28.207 0.5000000000
25698  -31.244  -55.707  -19.104 0.5000000000
25684  -31.852  -55.436  -18.504 0.6000000238
26624  -33.931  -54.836  -18.744 0.6000000238
24712  -34.801  -56.155  -21.829 0.5000000000
26689  -34.528  -54.602  -22.542 0.5000000000
25743  -34.184  -55.601  -24.806 0.4000000060
24729  -34.164  -56.075  -24.163 0.5000000000
25735  -34.357  -55.616  -23.498 0.5000000000
130527  -33.812  -56.481  -27.073 0.6000000238
132817  -30.670  -55.071  -19.647 0.5000000000
26621  -31.872  -54.626  -18.196 0.6000000238
139082  -33.065  -53.630  -18.057 0.6000000238
26623  -33.367  -54.522  -18.310 0.6000000238
26732  -34.293  -54.647  -25.513 0.5000000000
153671  -34.628  -54.440  -25.143 0.4000000060
26637  -30.597  -54.305  -19.275 0.5000000000
26620  -31.197  -53.924  -18.555 0.5000000000
142368  -32.370  -52.954  -18.156 0.6000000238
142865  -33.557  -53.006  -18.618 0.6000000238
130598  -30.067  -53.888  -19.600 0.5000000000
148817  -30.799  -53.144  -18.588 0.5000000000
27678  -31.522  -53.092  -18.320 0.6000000238
144447  -33.054  -52.755  -18.184 0.6000000238
27692  -29.574  -53.418  -19.299 0.5000000000
28670  -30.035  -52.764  -18.813 0.5000000000
28654  -30.878  -52.434  -18.419 0.5000000000
29582  -32.819  -51.416  -18.525 0.6000000238
28657  -33.261  -52.134  -18.567 0.6000000238
28669  -29.355  -52.116  -18.861 0.5000000000
30564  -30.693  -50.997  -18.659 0.5000000000
138916  -28.863  -51.534  -19.105 0.5000000000
29594  -33.410  -51.398  -19.061 0.5000000000
29593  -29.893  -50.680  -18.936 0.5000000000
30565  -31.459  -50.876  -18.644 0.5000000000
30576  -28.634  -50.908  -19.504 0.5000000000
30577  -29.255  -50.451  -19.556 0.5000000000
30578  -30.821  -50.334  -19.028 0.5000000000
30580  -32.637  -50.281  -19.298 0.4000000060
30595  -29.238  -50.154  -20.321 0.5000000000
31569  -31.229  -49.898  -19.766 0.5000000000
31581  -31.740  -49.527  -20.594 0.4000000060
31570  -32.228  -49.746  -19.790 0.4000000060
30596  -30.747  -49.662  -20.614 0.4000000060
31605  -31.289  -49.492  -21.501 0.4000000060
31626  -33.319  -49.407  -22.266 0.4000000060
25749  -33.966  -55.961  -25.556 0.6000000238
142232  -34.007  -56.826  -27.120 0.5000000000
24791  -34.627  -56.225  -28.202 0.4000000060
140052  -35.009  -56.112  -20.843 0.6000000238
133694  -33.115  -49.388  -21.337 0.4000000060
31627  -34.250  -49.306  -22.944 0.4000000060
129832  -33.028  -61.237  -19.514 0.6999999881
21891  -34.189  -59.204  -21.846 0.6999999881
22867  -35.424  -58.790  -23.729 0.6999999881
21923  -34.739  -59.232  -23.201 0.6999999881
23718  -34.535  -57.682  -20.696 0.6000000238
139245  -34.583  -56.691  -19.490 0.6000000238
23776  -35.763  -57.461  -25.389 0.6999999881
23738  -33.652  -58.003  -22.674 0.6999999881
22866  -33.952  -58.472  -23.679 0.6999999881
24756  -34.389  -56.972  -26.989 0.6000000238
24757  -35.281  -56.757  -26.937 0.6000000238
17689  -34.436  -63.143  -19.728 0.6000000238
17703  -35.798  -64.159  -20.193 0.5000000000
17704  -36.576  -63.924  -20.369 0.5000000000
17720  -37.681  -63.793  -21.040 0.5000000000
18747  -32.571  -62.446  -19.812 0.6000000238
18749  -34.094  -62.507  -19.609 0.5000000000
18775  -35.692  -62.651  -19.854 0.6000000238
18798  -38.266  -62.562  -21.687 0.5000000000
19794  -32.302  -61.723  -19.591 0.6999999881
19795  -33.637  -61.850  -19.542 0.6999999881
19818  -36.778  -61.917  -20.454 0.5000000000
20836  -30.663  -60.753  -19.605 0.6999999881
20856  -29.872  -60.854  -20.163 0.6999999881
20857  -33.675  -60.256  -19.762 0.6999999881
20858  -34.442  -60.556  -20.022 0.8000000119
20859  -35.327  -60.773  -20.206 0.6999999881
20860  -36.104  -60.650  -20.653 0.6000000238
20870  -34.814  -60.059  -20.643 0.6999999881
20901  -38.703  -60.239  -23.413 0.4000000060
21862  -30.245  -59.275  -19.278 0.5000000000
21892  -35.880  -59.695  -21.665 0.6000000238
21910  -37.294  -59.461  -22.487 0.5000000000
21924  -37.728  -59.110  -23.148 0.5000000000
22805  -31.368  -58.018  -18.575 0.6000000238
22819  -29.420  -58.545  -20.782 0.5000000000
22833  -34.210  -58.687  -21.400 0.8000000119
22848  -35.866  -59.104  -23.043 0.6000000238
22868  -36.536  -58.559  -23.526 0.6999999881
22887  -35.060  -58.398  -24.403 0.6999999881
22889  -37.318  -58.058  -24.032 0.6000000238
23693  -33.022  -57.271  -18.515 0.6000000238
23705  -30.682  -57.331  -19.299 0.6000000238
23706  -31.484  -57.165  -18.805 0.6000000238
23707  -33.919  -57.745  -18.887 0.6000000238
23751  -33.735  -57.963  -23.475 0.6999999881
23761  -34.072  -57.747  -24.347 0.6000000238
23762  -35.626  -57.945  -24.802 0.6999999881
23764  -37.694  -57.594  -24.878 0.6000000238
23774  -34.117  -57.270  -25.130 0.6000000238
23775  -34.356  -57.537  -25.102 0.6000000238
23792  -34.212  -57.113  -26.386 0.6000000238
23794  -37.313  -56.638  -26.321 0.6000000238
24685  -32.598  -56.654  -18.522 0.6000000238
24686  -33.311  -56.518  -18.504 0.6000000238
24720  -34.494  -56.161  -22.827 0.5000000000
24736  -34.088  -56.647  -24.910 0.6000000238
24744  -33.959  -56.814  -25.771 0.6999999881
24755  -33.906  -56.931  -26.472 0.6000000238
24768  -34.007  -56.269  -27.862 0.5000000000
24769  -34.165  -56.511  -27.662 0.5000000000
24770  -34.711  -56.627  -27.529 0.6000000238
24809  -34.157  -55.847  -28.610 0.4000000060
25685  -32.642  -55.877  -18.458 0.6000000238
25687  -34.018  -55.628  -18.710 0.6000000238
25697  -30.725  -55.862  -19.622 0.5000000000
25714  -34.663  -55.258  -21.347 0.5000000000
25725  -34.511  -55.227  -22.238 0.6000000238
25750  -34.141  -55.174  -25.330 0.4000000060
25773  -33.786  -55.733  -27.502 0.6000000238
25787  -34.099  -55.875  -28.508 0.5000000000
26622  -32.624  -54.475  -18.048 0.6000000238
26638  -31.216  -54.864  -18.822 0.6000000238
26639  -34.245  -54.415  -19.241 0.6999999881
26690  -34.764  -54.243  -22.872 0.6000000238
26704  -34.365  -55.154  -24.062 0.5000000000
26720  -34.471  -54.762  -24.770 0.4000000060
26721  -35.178  -54.249  -24.711 0.5000000000
26731  -33.851  -55.229  -26.075 0.6000000238
26775  -34.174  -55.133  -29.317 0.4000000060
27679  -33.812  -53.954  -18.618 0.6000000238
27693  -30.369  -53.582  -19.003 0.5000000000
27721  -35.316  -52.756  -21.475 0.6000000238
27729  -34.663  -53.906  -21.930 0.6000000238
27737  -37.104  -53.372  -23.477 0.6000000238
27746  -37.964  -52.867  -24.684 0.6000000238
27779  -35.983  -53.357  -27.703 0.6000000238
27798  -34.055  -53.577  -28.839 0.5000000000
28653  -30.178  -51.713  -18.628 0.5000000000
28655  -31.747  -52.291  -18.279 0.6000000238
28656  -32.589  -52.154  -18.274 0.6000000238
28668  -28.647  -52.385  -19.218 0.5000000000
28671  -33.861  -52.243  -19.351 0.6000000238
28699  -34.713  -52.474  -20.799 0.6999999881
28709  -37.311  -52.748  -22.973 0.6000000238
28733  -37.101  -52.433  -27.880 0.6000000238
28740  -35.195  -51.901  -28.468 0.6000000238
28741  -36.251  -52.236  -28.280 0.6000000238
29580  -31.148  -51.629  -18.416 0.5000000000
29581  -32.023  -51.504  -18.394 0.6000000238
29591  -28.167  -51.646  -19.545 0.5000000000
29592  -29.447  -51.369  -18.850 0.5000000000
29611  -35.109  -50.847  -21.023 0.6000000238
29621  -35.757  -51.455  -21.472 0.6000000238
29640  -37.851  -51.967  -23.517 0.6000000238
29649  -38.343  -51.282  -25.681 0.6999999881
29652  -38.131  -51.618  -26.439 0.6999999881
29666  -34.371  -51.756  -28.893 0.6000000238
29671  -34.123  -51.958  -30.029 0.5000000000
30566  -32.306  -50.808  -18.717 0.5000000000
30567  -32.959  -50.844  -18.933 0.6000000238
30579  -31.780  -50.240  -19.117 0.5000000000
30581  -33.399  -50.573  -19.591 0.5000000000
30582  -33.995  -50.712  -20.153 0.6000000238
30598  -34.478  -50.400  -20.696 0.6000000238
30634  -36.708  -50.822  -22.260 0.6000000238
30635  -37.204  -51.006  -22.609 0.6000000238
30653  -38.046  -50.675  -24.001 0.6000000238
30671  -38.202  -50.754  -26.355 0.6999999881
30689  -34.538  -50.906  -30.292 0.5000000000
31571  -33.071  -49.772  -19.940 0.4000000060
31580  -29.846  -49.821  -20.832 0.4000000060
31582  -32.674  -49.462  -20.589 0.4000000060
31604  -30.451  -49.641  -21.454 0.4000000060
31606  -32.351  -49.439  -21.597 0.4000000060
31608  -34.904  -49.512  -22.150 0.6000000238
31609  -35.594  -49.965  -22.020 0.6000000238
31630  -36.631  -49.517  -22.519 0.6000000238
31698  -36.438  -49.663  -29.801 0.6000000238
32609  -37.333  -48.410  -22.718 0.5000000000
32679  -34.333  -48.744  -31.675 0.3000000119
32681  -35.798  -48.177  -30.844 0.5000000000
33612  -37.370  -47.732  -27.448 0.4000000060
34694  -38.257  -46.116  -29.649 0.5000000000
34700  -37.133  -46.200  -31.362 0.4000000060
35739  -36.181  -45.463  -25.515 0.4000000060
38007  -38.461  -42.997  -28.554 0.5000000000
38024  -38.609  -43.601  -31.232 0.3000000119
38025  -39.077  -43.404  -31.659 0.3000000119
39055  -38.414  -41.569  -28.050 0.4000000060
40145  -39.495  -40.705  -28.820 0.5000000000
40174  -40.521  -41.448  -31.849 0.4000000060
41343  -39.733  -39.950  -30.207 0.5000000000
42401  -40.617  -39.052  -31.344 0.4000000060
43427  -41.664  -37.881  -32.791 0.3000000119
44451  -38.164  -37.922  -30.747 0.5000000000
44466  -39.846  -37.005  -32.810 0.4000000060
45592  -40.841  -36.857  -32.891 0.4000000060
129246  -35.677  -53.929  -26.203 0.6000000238
129638  -34.475  -58.812  -23.811 0.6999999881
129707  -34.571  -53.569  -27.328 0.6000000238
130278  -37.715  -50.283  -23.605 0.5000000000
130524  -32.896  -60.406  -19.417 0.6999999881
130646  -30.087  -49.962  -19.746 0.5000000000
133023  -36.805  -53.811  -24.875 0.5000000000
134953  -36.063  -63.374  -20.091 0.5000000000
135223  -41.166  -38.238  -32.369 0.4000000060
135621  -34.521  -54.847  -23.318 0.6000000238
135629  -28.676  -50.458  -20.011 0.5000000000
136599  -37.081  -47.944  -22.334 0.5000000000
137086  -33.788  -58.670  -22.285 0.6999999881
137672  -34.807  -56.828  -20.258 0.6000000238
137777  -32.099  -53.815  -18.015 0.6000000238
137936  -34.540  -54.611  -20.800 0.6000000238
138684  -36.004  -53.112  -22.000 0.6000000238
139014  -36.122  -62.031  -20.064 0.6000000238
139483  -38.482  -61.336  -22.469 0.5000000000
139771  -34.291  -58.433  -20.416 0.6999999881
140354  -37.735  -52.013  -27.177 0.6000000238
140724  -34.776  -56.985  -21.262 0.5000000000
142427  -33.778  -57.089  -18.611 0.6000000238
142481  -34.974  -64.359  -20.239 0.5000000000
142840  -29.214  -52.825  -19.101 0.5000000000
143528  -36.505  -47.905  -22.132 0.5000000000
143749  -37.925  -52.471  -26.430 0.6999999881
143881  -35.965  -53.495  -22.639 0.6000000238
144981  -34.534  -54.952  -19.908 0.6999999881
146106  -38.641  -58.087  -25.248 0.5000000000
147652  -33.982  -59.047  -23.212 0.6999999881
147861  -30.154  -54.492  -20.054 0.5000000000
148628  -31.129  -61.983  -20.227 0.6999999881
149240  -35.075  -53.335  -21.734 0.6000000238
149476  -34.343  -58.225  -21.055 0.6999999881
150530  -33.523  -57.544  -18.626 0.6000000238
150563  -32.372  -55.100  -18.214 0.6000000238
150643  -34.198  -56.445  -23.568 0.6000000238
150944  -30.063  -61.725  -20.900 0.6999999881
150988  -34.741  -55.381  -20.522 0.5000000000
151367  -33.704  -55.738  -26.786 0.6000000238
151404  -38.559  -43.965  -29.763 0.5000000000
151972  -34.896  -57.281  -26.111 0.6000000238
153306  -33.820  -59.058  -22.665 0.6999999881
153800  -29.670  -60.196  -20.100 0.6999999881
153815  -33.378  -60.741  -19.569 0.6999999881
153969  -37.505  -49.102  -27.403 0.6000000238
154001  -30.673  -61.837  -20.508 0.6999999881
155350  -29.169  -50.925  -19.103 0.5000000000
155474  -33.579  -55.170  -18.524 0.6000000238
156230  -37.489  -52.759  -27.105 0.6000000238
156380  -31.839  -57.547  -18.588 0.6000000238
