#!ascii label  , from subject sub125 vox2ras=TkReg
2146
13099  -23.858  -68.797  -32.873 0.5000000000
13128  -22.231  -68.295  -36.020 0.5000000000
12315  -22.469  -69.752  -36.134 0.5000000000
12314  -21.752  -69.692  -36.275 0.5000000000
12244  -23.328  -69.814  -31.444 0.5000000000
13085  -23.379  -68.883  -31.941 0.5000000000
11376  -23.875  -70.356  -31.740 0.5000000000
11393  -24.123  -70.432  -32.635 0.5000000000
10394  -25.247  -71.513  -33.890 0.6000000238
13109  -24.225  -68.949  -33.870 0.5000000000
152746  -20.049  -69.529  -36.368 0.5000000000
13130  -23.496  -68.715  -35.236 0.5000000000
11421  -21.003  -70.897  -36.000 0.5000000000
12304  -23.109  -70.007  -35.759 0.6000000238
10415  -21.239  -71.567  -34.993 0.6000000238
9490  -22.971  -72.014  -34.603 0.6000000238
9489  -21.319  -71.892  -34.500 0.6000000238
8590  -20.402  -72.130  -33.883 0.6999999881
8577  -21.533  -72.835  -33.296 0.6999999881
9474  -20.139  -72.519  -33.772 0.6999999881
8562  -20.952  -73.360  -32.296 0.6999999881
136000  -19.502  -72.957  -33.150 0.6999999881
8576  -18.828  -73.005  -33.937 0.6999999881
11361  -24.419  -70.445  -31.249 0.5000000000
11378  -25.060  -70.819  -32.623 0.6000000238
12261  -25.511  -70.182  -32.202 0.6000000238
142683  -26.696  -70.360  -34.128 0.6000000238
11404  -24.134  -71.175  -34.183 0.5000000000
9502  -20.974  -72.045  -34.475 0.5000000000
10421  -19.969  -72.122  -35.239 0.5000000000
8598  -22.364  -73.460  -35.793 0.6999999881
8597  -20.722  -73.136  -34.756 0.6999999881
145162  -21.414  -73.903  -35.218 0.6999999881
11403  -23.710  -70.296  -35.105 0.6000000238
147191  -23.873  -72.473  -34.128 0.6999999881
7671  -20.488  -74.262  -34.485 0.6999999881
145317  -23.287  -73.156  -33.531 0.6999999881
8563  -22.951  -73.439  -32.670 0.6999999881
6813  -19.997  -75.217  -33.250 0.6999999881
8544  -22.093  -73.502  -31.116 0.6999999881
145530  -20.693  -73.731  -31.389 0.6999999881
8560  -19.142  -74.068  -32.209 0.6999999881
6799  -20.783  -75.294  -32.301 0.6999999881
8543  -21.315  -73.891  -30.656 0.6999999881
8521  -21.764  -74.125  -29.999 0.6999999881
6766  -21.650  -74.570  -30.576 0.6999999881
6767  -22.498  -74.576  -29.912 0.6999999881
11349  -25.092  -70.236  -30.725 0.5000000000
12246  -26.122  -69.177  -31.952 0.6000000238
152398  -26.816  -68.697  -32.920 0.6000000238
12280  -26.646  -69.521  -33.701 0.6000000238
13117  -27.922  -68.929  -34.149 0.6000000238
11395  -26.210  -71.298  -34.163 0.6000000238
140548  -27.534  -70.272  -34.381 0.6000000238
10395  -25.885  -72.003  -34.271 0.6000000238
135508  -22.978  -74.495  -35.578 0.6999999881
10403  -25.031  -72.430  -34.099 0.6999999881
152430  -22.239  -74.819  -34.910 0.6999999881
7679  -24.163  -74.785  -35.690 0.6999999881
141191  -25.056  -74.828  -35.525 0.6999999881
9477  -25.640  -73.099  -33.987 0.6999999881
6837  -23.504  -75.250  -35.189 0.6999999881
7680  -25.967  -74.411  -35.567 0.6999999881
9476  -24.354  -73.065  -33.808 0.6999999881
8565  -26.123  -73.757  -32.865 0.6999999881
6827  -21.496  -75.081  -34.052 0.6999999881
137447  -23.024  -75.701  -33.964 0.6999999881
6838  -24.567  -75.295  -35.160 0.6999999881
6839  -25.607  -75.116  -35.040 0.6999999881
135484  -24.373  -73.695  -32.629 0.6999999881
8546  -24.583  -73.467  -31.405 0.6999999881
6814  -21.843  -75.466  -33.164 0.6999999881
6816  -25.371  -75.401  -33.750 0.6999999881
8545  -23.280  -73.329  -30.431 0.6999999881
6800  -22.310  -75.453  -32.280 0.6999999881
131682  -23.303  -75.624  -32.890 0.6999999881
8522  -22.304  -73.658  -29.800 0.6999999881
137153  -22.548  -75.095  -30.712 0.6999999881
137571  -24.625  -75.498  -31.568 0.6999999881
8506  -22.760  -73.781  -28.842 0.6999999881
137229  -23.376  -75.173  -30.397 0.6999999881
6742  -23.351  -74.530  -28.728 0.6999999881
12232  -25.808  -69.561  -30.212 0.5000000000
13965  -27.076  -68.044  -31.515 0.6000000238
13982  -27.395  -67.744  -32.473 0.6000000238
156241  -27.867  -67.119  -31.480 0.5000000000
14910  -29.221  -67.108  -33.704 0.6000000238
139204  -26.406  -67.987  -28.450 0.5000000000
13062  -26.504  -68.493  -29.641 0.5000000000
14014  -27.985  -68.344  -33.929 0.6000000238
14016  -29.536  -67.344  -34.073 0.6000000238
13119  -29.061  -69.090  -34.347 0.6000000238
13131  -29.036  -67.995  -34.245 0.6000000238
11405  -27.054  -71.081  -34.383 0.6000000238
9492  -27.127  -72.423  -34.338 0.6999999881
10406  -28.476  -71.258  -34.291 0.6999999881
8566  -26.919  -73.423  -33.321 0.6999999881
9479  -28.073  -72.247  -34.188 0.6999999881
7681  -27.102  -74.525  -35.495 0.6999999881
8548  -27.002  -73.586  -32.136 0.6999999881
9467  -27.818  -73.227  -32.844 0.6999999881
6830  -26.201  -75.265  -34.204 0.6999999881
7682  -27.994  -74.649  -35.592 0.6999999881
9460  -27.483  -73.433  -31.119 0.6999999881
6817  -26.244  -75.372  -33.233 0.6999999881
6831  -27.260  -75.346  -34.406 0.6999999881
7695  -28.562  -74.092  -36.010 0.6999999881
8525  -26.020  -73.528  -30.125 0.6000000238
146168  -25.398  -75.383  -32.891 0.6999999881
140809  -27.098  -75.539  -33.547 0.6999999881
6832  -28.503  -75.216  -34.373 0.6999999881
7683  -28.682  -74.643  -35.496 0.6999999881
155270  -29.196  -73.778  -36.093 0.6999999881
8523  -23.387  -73.353  -29.378 0.6999999881
6801  -25.547  -75.457  -31.914 0.6999999881
150388  -26.078  -75.584  -31.269 0.6000000238
154874  -27.534  -75.815  -32.445 0.6999999881
130015  -27.909  -75.580  -33.844 0.6999999881
8496  -24.113  -73.727  -28.132 0.6000000238
130244  -23.257  -74.811  -29.345 0.6999999881
6768  -24.273  -75.385  -30.084 0.6999999881
148793  -25.190  -75.590  -30.922 0.6999999881
140951  -26.009  -75.610  -30.644 0.6000000238
6803  -27.360  -75.813  -31.850 0.6000000238
7579  -24.541  -74.062  -27.618 0.6000000238
6743  -23.970  -74.645  -28.334 0.6000000238
6757  -25.528  -75.604  -29.011 0.6000000238
142448  -26.584  -75.680  -29.042 0.5000000000
6785  -26.789  -75.736  -31.039 0.5000000000
5963  -27.702  -75.622  -29.962 0.5000000000
6733  -25.287  -75.142  -27.456 0.6000000238
152535  -25.680  -75.024  -26.904 0.5000000000
6745  -25.865  -75.571  -28.185 0.5000000000
13984  -28.939  -66.523  -32.796 0.6000000238
13966  -28.158  -66.219  -31.166 0.6000000238
15861  -30.584  -64.883  -33.720 0.5000000000
144770  -30.662  -63.968  -34.002 0.6999999881
141647  -27.633  -66.795  -30.628 0.5000000000
13952  -27.471  -65.932  -30.542 0.6000000238
14875  -28.171  -65.299  -31.298 0.6000000238
151495  -26.024  -67.119  -28.001 0.6000000238
13929  -26.687  -66.889  -28.539 0.6000000238
14932  -31.006  -66.101  -34.131 0.4000000060
14861  -27.081  -65.956  -29.699 0.6000000238
13132  -30.108  -67.370  -34.062 0.5000000000
154365  -30.455  -68.782  -33.746 0.6000000238
12295  -30.136  -69.466  -33.727 0.6000000238
9468  -28.427  -72.625  -33.365 0.6999999881
11396  -29.352  -71.065  -33.921 0.6000000238
9461  -28.538  -72.779  -32.225 0.6999999881
8526  -26.952  -73.554  -30.286 0.6000000238
9449  -28.363  -72.882  -31.097 0.6000000238
8524  -24.811  -73.257  -29.324 0.6000000238
5987  -27.974  -75.867  -32.329 0.6000000238
6833  -28.516  -75.387  -33.692 0.6000000238
7672  -29.117  -74.741  -34.954 0.6999999881
7685  -29.716  -73.938  -35.215 0.6999999881
8616  -30.235  -72.966  -36.250 0.6999999881
8508  -24.530  -73.474  -28.432 0.6000000238
5975  -27.902  -75.821  -31.519 0.6000000238
9532  -30.408  -71.813  -37.617 0.6999999881
7565  -25.637  -73.928  -26.576 0.6000000238
129404  -27.430  -75.668  -29.122 0.4000000060
6772  -28.298  -75.453  -30.314 0.4000000060
6786  -28.716  -75.256  -31.096 0.5000000000
6805  -28.950  -75.169  -32.371 0.6000000238
7674  -29.608  -74.172  -34.477 0.6000000238
8617  -30.987  -72.652  -36.115 0.6000000238
7581  -25.868  -74.496  -26.507 0.5000000000
7567  -26.640  -74.489  -26.095 0.5000000000
6735  -27.147  -75.395  -27.493 0.5000000000
6746  -26.872  -75.632  -28.278 0.5000000000
6787  -29.351  -74.374  -31.136 0.4000000060
7655  -29.406  -74.444  -32.042 0.6000000238
16863  -29.809  -63.729  -33.618 0.6000000238
15847  -29.924  -64.576  -33.312 0.6000000238
17897  -30.886  -63.230  -34.677 0.6000000238
15796  -27.039  -65.691  -30.484 0.6000000238
15816  -27.720  -64.924  -31.680 0.5000000000
143431  -26.838  -64.350  -34.147 0.6000000238
16833  -25.371  -64.793  -33.533 0.6000000238
16868  -31.119  -64.609  -34.169 0.6000000238
14835  -25.605  -66.573  -28.611 0.6999999881
15814  -25.172  -65.729  -32.041 0.6000000238
16832  -24.683  -63.877  -33.236 0.6000000238
155735  -31.471  -66.061  -33.852 0.5000000000
15871  -31.615  -64.960  -34.139 0.6000000238
14846  -24.488  -66.547  -29.086 0.6000000238
16816  -24.331  -64.813  -31.860 0.6999999881
13121  -30.988  -67.533  -33.832 0.5000000000
15794  -24.164  -66.042  -30.628 0.6999999881
12281  -30.660  -69.108  -33.695 0.6000000238
15793  -23.273  -65.284  -30.420 0.6000000238
149773  -29.744  -71.364  -32.633 0.6000000238
11380  -30.015  -70.791  -33.259 0.6000000238
145502  -30.088  -70.809  -32.151 0.6000000238
10360  -29.310  -71.366  -30.696 0.6000000238
9436  -27.889  -73.170  -29.424 0.6000000238
9426  -27.871  -72.900  -28.505 0.6000000238
10317  -27.106  -71.424  -25.926 0.6000000238
8498  -26.142  -73.401  -27.784 0.6000000238
10304  -27.054  -71.312  -25.115 0.6000000238
8478  -26.058  -73.366  -26.169 0.6000000238
152219  -29.628  -74.099  -33.728 0.6000000238
8591  -30.222  -73.337  -34.067 0.6000000238
8603  -31.005  -72.649  -35.354 0.6000000238
7552  -26.685  -73.902  -25.431 0.5000000000
7553  -27.549  -74.108  -25.758 0.5000000000
6722  -27.517  -74.804  -26.712 0.5000000000
9520  -32.637  -71.934  -36.543 0.6000000238
7664  -30.008  -73.590  -33.123 0.6000000238
8592  -31.005  -72.620  -34.506 0.6000000238
17895  -28.760  -63.166  -34.143 0.6000000238
18978  -28.727  -62.344  -34.367 0.5000000000
18983  -30.141  -62.566  -34.662 0.6000000238
20017  -31.651  -61.322  -34.958 0.5000000000
16853  -27.637  -64.227  -33.835 0.6000000238
153494  -27.930  -62.474  -34.320 0.6000000238
17896  -30.071  -63.235  -34.256 0.5000000000
131443  -31.136  -62.311  -34.926 0.5000000000
18988  -32.530  -62.907  -35.230 0.5000000000
17891  -26.623  -63.561  -34.458 0.5000000000
17894  -27.668  -63.434  -34.437 0.6000000238
17890  -24.826  -62.787  -33.800 0.5000000000
17901  -32.367  -63.668  -35.080 0.6000000238
16804  -23.837  -64.954  -31.149 0.6999999881
18955  -24.643  -63.049  -32.059 0.6000000238
18939  -24.731  -62.834  -31.181 0.6000000238
13101  -31.078  -67.938  -33.464 0.5000000000
16790  -22.934  -64.172  -29.839 0.5000000000
16803  -23.463  -63.949  -30.581 0.6999999881
12248  -30.532  -69.478  -32.131 0.5000000000
11350  -29.582  -70.496  -30.249 0.5000000000
10359  -28.944  -71.798  -29.924 0.6000000238
10337  -29.061  -71.029  -27.986 0.6000000238
9427  -28.518  -71.967  -28.248 0.5000000000
10318  -27.985  -71.057  -26.497 0.6000000238
10327  -28.308  -71.507  -27.343 0.6000000238
9389  -26.986  -72.940  -24.604 0.5000000000
7649  -31.011  -73.340  -30.946 0.5000000000
8567  -30.534  -73.118  -32.377 0.5000000000
9480  -31.956  -72.324  -34.051 0.6000000238
9504  -32.786  -72.106  -35.550 0.6000000238
137963  -29.152  -60.971  -33.810 0.6000000238
20009  -29.986  -60.797  -34.221 0.6000000238
21017  -27.824  -60.741  -33.235 0.6000000238
20018  -32.710  -61.408  -35.022 0.5000000000
17893  -26.321  -62.752  -34.173 0.6000000238
18971  -25.912  -62.041  -33.038 0.6999999881
18986  -33.604  -62.735  -34.737 0.6000000238
137637  -25.324  -62.547  -31.763 0.6000000238
18970  -25.001  -62.349  -33.250 0.6000000238
16867  -32.901  -64.112  -34.584 0.6000000238
18926  -25.220  -62.702  -30.316 0.6000000238
18940  -25.853  -62.488  -30.884 0.6000000238
14912  -31.548  -66.681  -33.618 0.5000000000
13086  -30.187  -68.963  -31.248 0.5000000000
17822  -23.173  -62.896  -29.108 0.5000000000
17839  -23.261  -62.973  -29.886 0.6000000238
11337  -29.491  -70.489  -29.393 0.5000000000
12210  -29.157  -69.921  -27.912 0.6000000238
11325  -29.370  -70.523  -28.615 0.5000000000
11299  -28.205  -70.204  -26.296 0.5000000000
11286  -27.647  -70.691  -25.559 0.5000000000
8549  -31.436  -72.981  -31.645 0.6000000238
8583  -31.769  -72.431  -33.273 0.6000000238
22011  -28.996  -59.523  -33.417 0.6000000238
21019  -29.550  -60.204  -33.716 0.5000000000
20010  -31.068  -60.625  -34.448 0.5000000000
21012  -28.061  -59.860  -33.075 0.6999999881
20011  -32.176  -60.659  -34.396 0.5000000000
132803  -26.587  -61.260  -32.802 0.6999999881
20003  -27.179  -61.379  -33.350 0.6000000238
20012  -33.090  -61.176  -34.344 0.5000000000
18957  -26.273  -61.629  -32.129 0.6000000238
20019  -33.423  -61.914  -34.629 0.5000000000
154239  -33.848  -63.438  -34.072 0.6000000238
19983  -27.401  -61.843  -30.140 0.6999999881
15848  -32.598  -64.941  -33.642 0.6000000238
153830  -26.749  -62.777  -29.398 0.6000000238
14896  -32.052  -65.842  -33.461 0.6000000238
18893  -26.159  -63.033  -27.802 0.6999999881
18911  -26.392  -62.835  -28.729 0.6999999881
13075  -30.416  -67.942  -31.504 0.5000000000
13968  -31.207  -66.979  -32.455 0.5000000000
18909  -23.929  -62.819  -28.533 0.6000000238
136914  -29.842  -67.984  -30.606 0.5000000000
17802  -25.640  -63.272  -27.106 0.5000000000
137794  -29.530  -68.027  -29.728 0.6000000238
12220  -29.616  -69.696  -29.795 0.5000000000
18873  -23.608  -62.848  -26.965 0.6000000238
12211  -29.509  -69.748  -28.871 0.5000000000
12198  -28.509  -69.559  -26.977 0.6000000238
12190  -28.172  -69.265  -25.944 0.5000000000
22007  -28.552  -58.906  -32.944 0.6999999881
22012  -30.046  -59.313  -33.513 0.5000000000
22013  -30.873  -59.313  -33.401 0.5000000000
22945  -27.063  -58.493  -32.101 0.8000000119
22948  -28.112  -58.268  -32.348 0.6999999881
22014  -31.352  -59.541  -33.291 0.5000000000
21014  -32.806  -60.691  -33.081 0.5000000000
21999  -26.098  -59.704  -31.591 0.6999999881
22006  -26.927  -59.889  -32.091 0.6999999881
148406  -27.576  -59.314  -32.316 0.8000000119
19996  -26.686  -61.009  -31.939 0.6999999881
21008  -33.716  -60.915  -32.556 0.5000000000
20990  -26.849  -60.426  -29.826 0.6999999881
19982  -27.208  -61.075  -30.934 0.6999999881
18979  -34.026  -62.383  -34.041 0.6000000238
20004  -34.306  -61.479  -33.184 0.5000000000
19928  -27.241  -61.571  -27.201 0.6000000238
19945  -27.472  -61.180  -28.510 0.6000000238
15836  -32.429  -65.144  -32.839 0.6000000238
18875  -27.224  -62.393  -27.219 0.6999999881
18895  -27.230  -62.602  -28.018 0.6999999881
13967  -30.735  -67.048  -31.685 0.6000000238
14878  -31.220  -66.178  -31.850 0.6000000238
17803  -26.368  -63.392  -26.805 0.6000000238
13954  -30.176  -67.117  -30.835 0.6000000238
13064  -29.376  -68.093  -28.833 0.6000000238
17779  -24.409  -63.627  -26.132 0.6000000238
13056  -28.750  -68.830  -27.582 0.6000000238
13045  -28.329  -68.498  -26.605 0.5000000000
23838  -27.498  -57.399  -32.169 0.6000000238
23851  -28.628  -57.263  -32.581 0.5000000000
22950  -30.163  -57.684  -33.249 0.5000000000
22005  -31.466  -59.732  -32.133 0.5000000000
22944  -26.110  -58.774  -32.120 0.8000000119
21007  -32.680  -60.839  -32.058 0.5000000000
21994  -26.160  -59.995  -30.875 0.6999999881
149085  -35.096  -62.772  -33.033 0.6000000238
18768  -22.249  -62.260  -20.765 0.6000000238
20977  -27.038  -60.551  -28.635 0.8000000119
18769  -23.157  -62.349  -20.981 0.6000000238
147041  -26.263  -61.174  -26.403 0.6999999881
155198  -25.409  -60.441  -27.546 0.8000000119
16838  -33.833  -64.121  -33.067 0.6000000238
16688  -22.471  -64.779  -22.626 0.6000000238
19892  -26.689  -62.610  -25.662 0.6000000238
14877  -30.585  -66.298  -30.989 0.6000000238
14862  -30.090  -66.357  -30.231 0.6000000238
16704  -24.821  -64.623  -23.777 0.6000000238
16726  -24.897  -64.707  -24.839 0.6000000238
18841  -26.259  -64.021  -25.005 0.6000000238
13953  -29.693  -67.165  -30.045 0.6000000238
14848  -29.848  -66.459  -29.406 0.6000000238
17780  -25.685  -63.980  -26.218 0.5000000000
13046  -28.590  -67.966  -27.243 0.5000000000
13899  -28.377  -67.346  -26.366 0.5000000000
14824  -28.963  -66.156  -27.199 0.5000000000
25826  -28.929  -55.890  -32.338 0.5000000000
24861  -30.178  -56.442  -32.597 0.5000000000
23837  -26.375  -57.900  -32.046 0.6000000238
24844  -27.534  -56.401  -32.048 0.5000000000
22940  -24.685  -58.879  -31.473 0.8000000119
22943  -25.514  -58.438  -31.779 0.6999999881
21992  -24.014  -59.593  -30.743 0.8000000119
20976  -25.905  -60.333  -29.085 0.8000000119
20005  -34.943  -61.511  -32.666 0.6000000238
21001  -32.846  -60.989  -31.055 0.5000000000
19790  -21.732  -61.341  -19.114 0.6000000238
20957  -24.914  -60.315  -28.336 0.8000000119
21004  -35.489  -60.965  -31.403 0.5000000000
19812  -24.093  -61.592  -20.657 0.6999999881
19811  -23.151  -61.719  -20.146 0.6000000238
131246  -24.727  -60.500  -26.431 0.8000000119
16821  -33.329  -64.267  -32.185 0.6000000238
17880  -35.108  -63.170  -32.503 0.6000000238
17881  -35.527  -62.466  -32.418 0.6000000238
18792  -23.678  -62.459  -21.452 0.6000000238
15799  -31.433  -64.908  -30.829 0.6000000238
16819  -32.033  -64.818  -31.412 0.6000000238
17866  -33.668  -63.985  -31.219 0.6000000238
139374  -23.813  -64.049  -22.646 0.6000000238
19871  -26.332  -63.052  -24.791 0.6000000238
19890  -25.477  -61.427  -25.272 0.5000000000
15780  -30.323  -65.576  -29.563 0.6000000238
18840  -25.896  -63.655  -24.343 0.6000000238
14837  -29.608  -66.532  -28.570 0.6000000238
14838  -29.966  -65.885  -28.776 0.6000000238
15749  -29.583  -65.644  -27.831 0.5000000000
140922  -29.199  -65.467  -26.921 0.5000000000
14805  -28.501  -66.443  -25.845 0.5000000000
139877  -28.809  -65.939  -25.460 0.5000000000
24827  -26.534  -56.312  -30.752 0.6000000238
155779  -24.014  -58.621  -31.115 0.6999999881
20812  -20.535  -61.020  -17.184 0.6000000238
19768  -21.635  -61.112  -18.170 0.6000000238
149954  -23.435  -59.587  -30.193 0.8000000119
21002  -33.913  -60.588  -30.568 0.5000000000
152604  -23.037  -59.770  -18.067 0.6000000238
21987  -23.024  -59.631  -28.664 0.8000000119
20995  -34.934  -60.681  -30.016 0.5000000000
20832  -23.472  -60.390  -18.856 0.6999999881
20943  -23.905  -60.246  -26.972 0.8000000119
17868  -35.580  -62.798  -31.733 0.6000000238
19987  -35.886  -61.199  -30.863 0.6000000238
19813  -24.474  -60.931  -20.921 0.8000000119
20932  -24.664  -60.766  -25.592 0.6999999881
149856  -32.707  -64.421  -31.350 0.6000000238
17853  -34.474  -63.516  -30.570 0.6000000238
20887  -23.870  -61.316  -22.264 0.6999999881
131748  -23.861  -62.489  -23.214 0.6999999881
20915  -24.535  -61.166  -24.757 0.6000000238
16805  -31.405  -64.410  -30.118 0.6000000238
17842  -34.407  -63.413  -29.567 0.6000000238
18824  -24.662  -63.189  -23.434 0.6000000238
17841  -32.490  -63.756  -29.324 0.5000000000
16778  -30.758  -64.356  -28.135 0.5000000000
23823  -25.045  -57.319  -30.073 0.6000000238
24807  -25.961  -56.547  -29.779 0.5000000000
20792  -18.230  -60.877  -17.302 0.6000000238
23822  -24.249  -57.340  -29.581 0.6999999881
20811  -19.901  -60.519  -17.153 0.6000000238
22938  -23.256  -58.672  -30.889 0.6999999881
23818  -23.561  -57.460  -29.070 0.6000000238
133895  -21.408  -60.179  -17.464 0.6000000238
142763  -20.683  -59.976  -17.354 0.6000000238
21991  -22.703  -59.298  -29.828 0.6000000238
22932  -21.886  -59.043  -28.713 0.6999999881
20819  -23.806  -59.611  -18.721 0.8000000119
21979  -23.077  -59.961  -27.678 0.6999999881
22927  -21.617  -59.336  -28.028 0.6000000238
20833  -24.238  -60.036  -19.398 0.8000000119
138163  -23.044  -59.867  -25.869 0.8000000119
21950  -22.349  -59.533  -25.505 0.6999999881
21888  -23.974  -60.040  -21.459 0.6999999881
19841  -23.675  -61.412  -23.304 0.6999999881
20899  -23.524  -60.567  -23.622 0.6000000238
21951  -23.322  -59.941  -25.033 0.8000000119
20809  -17.401  -60.546  -17.702 0.6000000238
21831  -19.628  -59.407  -17.577 0.6000000238
21833  -21.479  -59.074  -17.422 0.6999999881
23804  -20.622  -58.312  -28.003 0.6000000238
21850  -22.996  -58.944  -17.802 0.6999999881
22792  -23.666  -58.552  -18.730 0.6999999881
22916  -20.918  -59.229  -26.792 0.6999999881
143947  -20.974  -58.804  -25.229 0.6000000238
151973  -24.325  -58.998  -19.799 0.8000000119
22818  -23.833  -58.742  -20.113 0.6000000238
21887  -22.906  -59.759  -21.887 0.5000000000
22900  -21.701  -59.220  -24.899 0.6999999881
22882  -21.133  -58.698  -24.530 0.6999999881
23772  -19.531  -57.717  -26.099 0.6000000238
21878  -24.295  -59.427  -20.488 0.8000000119
22844  -22.240  -59.480  -22.400 0.6000000238
21920  -22.575  -59.668  -23.626 0.6000000238
21828  -16.040  -59.959  -18.099 0.6000000238
21829  -16.933  -59.869  -18.075 0.6000000238
22768  -19.103  -58.567  -17.912 0.6999999881
21830  -17.944  -59.800  -17.913 0.6000000238
22769  -20.032  -58.329  -17.514 0.6999999881
139083  -21.434  -57.232  -17.643 0.6999999881
23675  -22.154  -57.672  -17.864 0.6999999881
23704  -22.277  -57.541  -19.036 0.6000000238
146221  -19.802  -57.963  -26.950 0.6000000238
141102  -23.090  -58.240  -19.540 0.6000000238
22831  -22.313  -59.337  -21.604 0.6000000238
23789  -19.529  -57.162  -26.890 0.5000000000
23759  -19.581  -57.757  -25.089 0.6000000238
23771  -18.921  -57.141  -25.724 0.5000000000
24741  -18.027  -55.928  -25.367 0.5000000000
23747  -18.657  -57.707  -23.748 0.6000000238
23758  -18.570  -57.167  -24.944 0.5000000000
143083  -14.897  -59.126  -18.400 0.6000000238
21846  -15.599  -59.177  -18.347 0.6000000238
21849  -18.209  -58.780  -18.190 0.6999999881
22788  -16.755  -58.299  -18.538 0.6999999881
22790  -18.529  -57.856  -18.027 0.6999999881
138054  -20.554  -57.226  -17.460 0.6999999881
24674  -20.764  -56.305  -17.549 0.6000000238
139529  -21.740  -56.909  -17.946 0.5000000000
23703  -21.185  -56.894  -19.344 0.6999999881
24695  -20.192  -55.826  -19.225 0.6000000238
23715  -21.338  -57.699  -19.601 0.6000000238
22816  -20.748  -58.302  -20.225 0.6000000238
23713  -19.029  -57.972  -20.409 0.6000000238
23735  -19.668  -58.445  -23.076 0.6000000238
23734  -18.387  -58.271  -22.516 0.5000000000
23733  -17.442  -57.832  -22.480 0.5000000000
24725  -17.407  -56.570  -23.717 0.5000000000
131859  -10.816  -57.729  -19.133 0.6999999881
23699  -12.135  -56.915  -19.303 0.6999999881
24691  -10.564  -55.918  -19.726 0.6999999881
22786  -14.262  -58.616  -18.543 0.6000000238
23700  -13.211  -57.010  -19.269 0.6999999881
25692  -11.707  -55.313  -19.743 0.6999999881
27687  -11.756  -54.153  -19.348 0.6999999881
156131  -11.376  -53.422  -18.836 0.6000000238
22787  -15.259  -58.344  -18.668 0.6999999881
23701  -14.139  -57.110  -19.197 0.6999999881
24694  -13.569  -56.272  -19.330 0.6999999881
26630  -12.165  -54.677  -19.540 0.6999999881
23688  -16.054  -57.686  -18.754 0.6999999881
147991  -15.274  -57.571  -18.950 0.6999999881
148379  -13.110  -54.688  -19.486 0.6999999881
137263  -19.903  -56.522  -17.428 0.6999999881
155167  -20.685  -55.544  -17.900 0.6000000238
25683  -20.993  -55.703  -18.090 0.6000000238
25704  -19.224  -55.666  -19.737 0.6000000238
25703  -18.434  -55.044  -19.972 0.6000000238
23714  -20.167  -57.741  -19.886 0.6000000238
24704  -18.416  -57.056  -20.273 0.6000000238
132922  -18.070  -56.155  -20.227 0.6000000238
154476  -17.638  -57.499  -20.734 0.5000000000
24702  -16.205  -56.398  -21.048 0.6000000238
25710  -15.501  -55.705  -21.610 0.6000000238
23723  -17.657  -58.083  -21.669 0.5000000000
23722  -16.419  -57.134  -21.501 0.5000000000
25719  -15.560  -55.871  -22.317 0.5000000000
23683  -10.143  -57.188  -19.235 0.6999999881
25691  -10.752  -55.339  -19.790 0.6999999881
130425  -11.075  -54.000  -19.073 0.6000000238
27651  -11.317  -53.489  -17.636 0.6000000238
28637  -11.287  -52.278  -17.877 0.6000000238
30541  -11.446  -50.407  -17.670 0.4000000060
26631  -12.726  -53.754  -19.409 0.6000000238
27670  -12.208  -52.789  -19.185 0.5000000000
151846  -11.803  -52.211  -18.890 0.5000000000
31537  -11.697  -49.780  -17.810 0.4000000060
31524  -11.778  -48.577  -17.012 0.5000000000
23690  -17.901  -57.153  -17.996 0.6999999881
24681  -15.989  -56.089  -18.519 0.8000000119
25679  -14.836  -54.898  -18.723 0.6999999881
27671  -13.936  -52.433  -18.622 0.5000000000
29575  -12.810  -50.930  -18.834 0.4000000060
143639  -12.498  -50.386  -18.468 0.4000000060
32542  -12.236  -48.189  -17.390 0.4000000060
32556  -12.983  -47.664  -17.772 0.4000000060
24682  -17.233  -56.563  -18.075 0.8000000119
25681  -16.502  -55.513  -18.023 0.8000000119
25680  -15.727  -55.279  -18.370 0.8000000119
26616  -15.619  -54.366  -18.156 0.8000000119
27672  -14.843  -52.824  -18.198 0.6000000238
28648  -14.896  -51.674  -18.112 0.5000000000
138584  -13.354  -50.113  -18.394 0.4000000060
31554  -12.717  -48.615  -17.949 0.4000000060
24671  -18.176  -56.051  -17.502 0.6999999881
25671  -19.518  -55.060  -17.726 0.8000000119
26610  -18.811  -54.408  -17.715 0.6999999881
27677  -19.108  -53.637  -18.817 0.5000000000
29577  -15.546  -50.645  -18.234 0.5000000000
152526  -14.540  -49.350  -18.509 0.4000000060
31555  -13.933  -48.452  -18.339 0.4000000060
26611  -19.404  -54.528  -18.111 0.6000000238
25695  -19.284  -54.526  -19.371 0.5000000000
26648  -18.203  -53.491  -19.827 0.5000000000
26647  -17.552  -54.438  -20.266 0.6000000238
25701  -16.200  -55.371  -20.759 0.6000000238
152426  -15.323  -54.148  -21.422 0.6000000238
25690  -10.198  -55.514  -19.612 0.6000000238
145496  -9.997  -55.291  -18.869 0.5000000000
26608  -10.926  -54.594  -17.865 0.5000000000
143189  -11.751  -53.600  -16.926 0.4000000060
28624  -11.938  -52.271  -16.730 0.5000000000
29553  -12.057  -51.091  -16.597 0.5000000000
30515  -11.614  -50.229  -16.989 0.5000000000
30517  -12.993  -49.370  -16.257 0.5000000000
31525  -12.487  -48.352  -16.600 0.5000000000
32531  -13.986  -47.731  -16.291 0.5000000000
32529  -12.249  -47.526  -16.989 0.5000000000
33508  -14.698  -46.444  -16.799 0.5000000000
138098  -16.396  -54.713  -17.883 0.6999999881
27673  -15.771  -53.321  -17.943 0.6000000238
28650  -17.205  -51.535  -18.260 0.5000000000
28649  -16.062  -52.192  -17.963 0.5000000000
33519  -13.284  -46.623  -17.290 0.5000000000
34566  -14.214  -46.239  -17.519 0.5000000000
25670  -18.012  -55.061  -17.372 0.8000000119
26609  -17.894  -54.198  -17.546 0.6999999881
27661  -18.450  -53.530  -18.003 0.6000000238
29578  -16.655  -50.850  -18.334 0.5000000000
30561  -15.386  -49.824  -18.530 0.4000000060
31556  -14.988  -49.073  -18.725 0.5000000000
33520  -14.330  -46.862  -18.388 0.4000000060
34577  -14.551  -46.137  -18.611 0.5000000000
28652  -18.278  -52.446  -18.963 0.5000000000
28666  -17.761  -51.773  -19.436 0.5000000000
29579  -17.182  -50.861  -18.742 0.6000000238
30563  -16.862  -50.507  -19.104 0.5000000000
30574  -15.612  -49.171  -19.466 0.5000000000
32568  -15.516  -47.954  -19.516 0.5000000000
147423  -17.299  -53.366  -20.280 0.5000000000
28678  -15.567  -52.290  -20.677 0.5000000000
29601  -16.496  -50.478  -19.895 0.5000000000
30587  -16.094  -50.235  -20.150 0.5000000000
27704  -15.903  -53.305  -20.660 0.6000000238
28677  -15.126  -51.882  -21.028 0.6000000238
25668  -10.177  -55.830  -17.751 0.5000000000
26604  -11.179  -55.728  -16.894 0.5000000000
27652  -11.520  -54.984  -17.143 0.5000000000
130910  -12.337  -55.191  -16.609 0.4000000060
27653  -12.797  -53.485  -16.314 0.4000000060
26595  -11.868  -56.274  -16.186 0.5000000000
26596  -12.744  -56.206  -16.124 0.4000000060
28625  -12.842  -51.979  -16.206 0.5000000000
29554  -12.905  -51.033  -16.152 0.6000000238
30494  -13.623  -50.544  -15.923 0.5000000000
30518  -14.219  -49.687  -16.018 0.5000000000
31527  -14.783  -48.916  -16.259 0.4000000060
32532  -15.249  -48.082  -16.377 0.4000000060
141069  -16.428  -48.275  -16.674 0.4000000060
25656  -13.384  -56.216  -15.366 0.4000000060
26597  -13.773  -55.813  -15.700 0.4000000060
27638  -13.370  -55.110  -16.190 0.4000000060
136992  -13.843  -53.538  -15.696 0.5000000000
29536  -13.667  -51.612  -15.754 0.5000000000
29537  -14.381  -51.365  -15.576 0.5000000000
27639  -14.326  -54.591  -15.635 0.4000000060
27640  -15.375  -53.962  -15.335 0.4000000060
28612  -15.341  -52.768  -15.431 0.5000000000
29538  -15.348  -51.680  -15.537 0.4000000060
30496  -15.907  -50.822  -15.682 0.4000000060
31528  -16.123  -49.252  -16.478 0.4000000060
31529  -17.233  -49.069  -16.634 0.4000000060
26579  -13.421  -56.156  -14.711 0.4000000060
25635  -13.925  -56.237  -14.778 0.4000000060
25657  -14.243  -56.077  -15.182 0.4000000060
25610  -14.541  -55.813  -12.318 0.4000000060
24634  -15.124  -56.171  -13.822 0.4000000060
26598  -14.816  -55.282  -15.346 0.4000000060
26599  -15.895  -54.895  -15.160 0.4000000060
27641  -16.429  -53.858  -15.188 0.5000000000
137448  -16.196  -52.306  -15.447 0.5000000000
30520  -16.850  -51.012  -15.680 0.4000000060
140289  -16.521  -50.226  -16.101 0.4000000060
132457  -16.931  -54.677  -14.945 0.4000000060
133757  -17.962  -53.392  -15.444 0.4000000060
29541  -18.122  -51.986  -15.787 0.4000000060
29555  -17.614  -51.279  -15.744 0.4000000060
30521  -17.598  -50.493  -16.087 0.4000000060
26552  -13.442  -55.039  -11.890 0.4000000060
25595  -14.707  -55.776  -11.343 0.3000000119
24626  -15.768  -56.406  -13.051 0.3000000119
25637  -16.313  -55.908  -14.420 0.4000000060
26521  -15.127  -55.152  -10.581 0.4000000060
24604  -15.369  -56.050  -11.431 0.3000000119
24618  -16.350  -56.420  -12.320 0.3000000119
24627  -16.569  -56.366  -13.219 0.4000000060
25621  -18.606  -55.286  -13.639 0.5000000000
26600  -18.412  -54.635  -15.058 0.4000000060
147383  -18.796  -52.967  -15.762 0.4000000060
28626  -19.118  -52.099  -16.139 0.4000000060
31540  -19.574  -49.538  -17.018 0.3000000119
26561  -18.817  -54.813  -13.488 0.5000000000
26562  -19.538  -54.655  -13.899 0.5000000000
27644  -19.865  -54.187  -15.434 0.4000000060
28627  -20.000  -53.116  -16.332 0.4000000060
29557  -19.992  -52.166  -16.639 0.3000000119
25576  -14.337  -55.415  -10.730 0.4000000060
27574  -15.046  -53.762  -11.089 0.4000000060
147743  -16.586  -55.011  -11.127 0.4000000060
26540  -17.378  -54.818  -11.582 0.5000000000
25611  -18.145  -55.224  -12.899 0.5000000000
27575  -15.940  -53.567  -11.614 0.4000000060
26553  -17.942  -54.823  -12.082 0.5000000000
153956  -17.908  -53.879  -13.072 0.5000000000
27597  -19.355  -54.188  -13.655 0.4000000060
27645  -20.627  -54.095  -15.313 0.4000000060
28628  -20.669  -52.771  -16.592 0.3000000119
27595  -18.098  -53.315  -13.283 0.3000000119
136199  -18.972  -53.459  -13.543 0.3000000119
149579  -19.652  -53.614  -13.796 0.3000000119
27555  -14.729  -54.686  -10.444 0.4000000060
28551  -15.793  -53.088  -12.468 0.3000000119
28566  -16.136  -52.772  -13.144 0.4000000060
28591  -21.691  -52.855  -15.154 0.3000000119
28564  -14.753  -52.449  -12.494 0.3000000119
29504  -15.197  -51.190  -13.398 0.3000000119
14894  -29.128  -65.445  -32.255 0.6000000238
147451  -29.069  -64.439  -32.573 0.5000000000
135419  -20.357  -58.413  -23.681 0.6000000238
145586  -21.433  -59.178  -22.519 0.6000000238
13138  -21.602  -68.888  -36.324 0.5000000000
11402  -22.799  -70.848  -35.370 0.6000000238
133650  -24.234  -70.677  -33.498 0.5000000000
7678  -19.785  -73.333  -34.614 0.6999999881
6812  -18.778  -74.501  -33.440 0.6999999881
147001  -23.482  -73.429  -31.642 0.6999999881
6798  -19.341  -74.703  -32.393 0.6999999881
7654  -19.846  -74.280  -31.556 0.6999999881
11407  -29.012  -70.372  -34.274 0.5000000000
6828  -24.032  -75.600  -34.548 0.6999999881
132888  -26.478  -73.635  -31.011 0.6999999881
147012  -24.231  -73.247  -30.153 0.6999999881
132623  -24.494  -75.501  -32.420 0.6999999881
8507  -23.730  -73.473  -28.657 0.6999999881
134313  -29.488  -65.978  -33.170 0.6000000238
131731  -27.006  -75.707  -32.629 0.6999999881
139545  -26.349  -73.519  -29.442 0.6000000238
8497  -24.971  -73.693  -27.703 0.6000000238
6744  -24.832  -75.264  -28.183 0.5000000000
15795  -25.905  -65.897  -31.021 0.6999999881
8509  -25.597  -73.477  -28.526 0.6000000238
7663  -29.383  -74.495  -32.972 0.6000000238
8602  -30.275  -73.229  -35.645 0.6000000238
8486  -25.766  -73.455  -26.887 0.5000000000
8468  -27.253  -73.559  -25.007 0.5000000000
7656  -29.833  -73.809  -32.420 0.5000000000
15833  -26.464  -65.390  -32.935 0.6000000238
135670  -25.439  -66.205  -30.433 0.6999999881
154334  -32.139  -65.360  -33.907 0.6000000238
133348  -28.541  -72.345  -29.211 0.5000000000
147505  -27.086  -73.167  -27.951 0.5000000000
9408  -26.645  -72.109  -26.162 0.6000000238
147038  -26.834  -72.341  -26.773 0.5000000000
9400  -26.511  -72.718  -25.093 0.5000000000
9493  -31.918  -72.135  -34.906 0.6000000238
8582  -30.745  -72.797  -33.161 0.6000000238
18958  -26.950  -61.685  -31.108 0.6000000238
21009  -34.751  -60.932  -32.061 0.5000000000
18791  -22.411  -63.134  -21.380 0.6000000238
16725  -24.239  -64.959  -24.715 0.6000000238
13930  -29.272  -67.288  -28.335 0.6000000238
17716  -23.467  -63.484  -21.999 0.6000000238
20944  -24.784  -60.333  -27.305 0.8000000119
18809  -23.799  -63.116  -22.593 0.6000000238
17852  -33.256  -63.697  -30.098 0.6000000238
19857  -24.460  -62.011  -23.958 0.6000000238
16791  -30.895  -64.639  -29.252 0.6000000238
21962  -22.359  -59.739  -26.464 0.8000000119
18943  -36.143  -61.777  -30.419 0.6000000238
138107  -24.016  -60.494  -25.153 0.6000000238
19856  -24.012  -61.036  -24.082 0.6999999881
21904  -23.147  -60.181  -22.291 0.6000000238
153875  -21.346  -58.665  -20.574 0.6000000238
22863  -21.153  -58.795  -23.648 0.6999999881
22829  -20.492  -58.698  -21.121 0.6000000238
23746  -17.727  -57.490  -23.321 0.5000000000
25696  -19.850  -55.109  -18.898 0.5000000000
22842  -19.554  -58.561  -21.855 0.6000000238
24716  -16.127  -56.778  -22.484 0.5000000000
23684  -11.806  -57.866  -19.069 0.6999999881
22785  -13.296  -58.530  -18.608 0.6000000238
24693  -12.481  -56.102  -19.506 0.6999999881
24680  -14.583  -56.444  -19.161 0.8000000119
143908  -13.878  -54.332  -19.172 0.6000000238
141272  -10.659  -54.488  -18.708 0.6000000238
29574  -12.148  -50.884  -18.687 0.5000000000
28665  -13.025  -52.632  -19.183 0.5000000000
32567  -14.818  -47.358  -19.041 0.5000000000
136644  -10.500  -55.374  -17.887 0.5000000000
33499  -13.330  -46.919  -16.552 0.5000000000
27660  -17.608  -53.413  -17.779 0.6000000238
27675  -18.019  -52.538  -18.370 0.6000000238
29600  -15.493  -50.994  -20.841 0.5000000000
30495  -14.841  -50.675  -15.729 0.5000000000
134534  -14.649  -53.395  -15.466 0.6000000238
26560  -13.644  -55.429  -13.446 0.4000000060
25618  -13.991  -56.090  -14.085 0.4000000060
25636  -14.668  -56.095  -14.607 0.4000000060
24616  -15.038  -56.149  -11.963 0.3000000119
24654  -15.469  -56.071  -14.363 0.4000000060
27642  -17.334  -53.862  -15.198 0.5000000000
29540  -17.119  -51.910  -15.509 0.4000000060
25638  -17.118  -55.881  -14.208 0.4000000060
143856  -17.716  -54.459  -15.055 0.4000000060
29556  -18.427  -51.218  -16.025 0.4000000060
30522  -18.667  -50.414  -16.313 0.4000000060
25596  -16.376  -55.748  -11.226 0.3000000119
24619  -17.158  -56.178  -12.521 0.5000000000
25620  -18.012  -55.721  -13.668 0.4000000060
26582  -19.321  -54.903  -14.390 0.5000000000
26581  -18.607  -55.090  -14.564 0.4000000060
138787  -19.348  -51.261  -16.415 0.4000000060
27598  -20.014  -54.001  -13.957 0.5000000000
26602  -19.830  -54.470  -14.946 0.4000000060
27654  -20.501  -53.852  -15.969 0.4000000060
27576  -16.752  -54.153  -11.484 0.5000000000
27588  -16.711  -53.416  -12.173 0.5000000000
27589  -17.580  -54.082  -12.143 0.4000000060
28590  -20.928  -53.122  -14.560 0.4000000060
28567  -17.221  -53.205  -13.122 0.4000000060
28565  -15.179  -52.686  -13.012 0.3000000119
29497  -15.514  -52.065  -13.312 0.3000000119
29498  -16.308  -51.945  -13.437 0.3000000119
139307  -29.953  -75.347  -39.355 0.5000000000
135949  -30.620  -76.205  -39.138 0.5000000000
5346  -30.380  -77.039  -38.577 0.5000000000
6027  -31.308  -76.057  -38.994 0.5000000000
5347  -31.086  -76.614  -38.119 0.5000000000
6014  -31.491  -76.029  -38.398 0.5000000000
5333  -31.352  -76.544  -37.115 0.6000000238
7713  -30.395  -74.380  -39.387 0.5000000000
138751  -31.275  -74.124  -39.337 0.5000000000
7714  -31.917  -74.677  -39.208 0.5000000000
6871  -32.527  -74.930  -38.914 0.5000000000
5324  -31.701  -76.777  -36.451 0.6000000238
6858  -32.941  -75.032  -38.124 0.6000000238
6008  -31.771  -76.069  -37.383 0.6000000238
7712  -29.525  -74.465  -39.294 0.4000000060
9542  -25.707  -72.275  -38.004 0.4000000060
9543  -26.600  -72.242  -38.219 0.4000000060
9550  -26.658  -72.697  -38.486 0.5000000000
9551  -27.425  -72.930  -38.719 0.5000000000
148457  -27.339  -73.850  -38.959 0.5000000000
9552  -28.448  -72.669  -38.779 0.5000000000
10448  -29.191  -72.045  -38.818 0.5000000000
7711  -28.663  -74.529  -39.161 0.5000000000
9553  -29.398  -72.645  -39.058 0.5000000000
4635  -32.029  -78.389  -35.674 0.6000000238
3950  -32.128  -79.387  -35.233 0.6000000238
8637  -30.725  -73.352  -39.359 0.5000000000
8638  -31.609  -73.129  -39.385 0.5000000000
130825  -31.894  -72.195  -39.269 0.5000000000
5325  -32.854  -77.420  -36.723 0.6000000238
140937  -32.121  -73.827  -39.309 0.5000000000
6872  -33.537  -74.541  -38.513 0.6000000238
6009  -32.961  -76.463  -37.129 0.6000000238
150039  -32.765  -78.569  -35.972 0.6000000238
6010  -33.853  -76.384  -37.105 0.6000000238
5326  -33.445  -77.602  -36.431 0.6000000238
4637  -33.454  -78.266  -35.508 0.6999999881
5335  -33.937  -76.904  -36.636 0.6000000238
5320  -33.767  -77.726  -35.258 0.6999999881
9513  -25.271  -72.517  -36.695 0.6000000238
153182  -26.020  -72.594  -36.602 0.6000000238
7693  -26.694  -73.769  -35.963 0.6000000238
9528  -26.436  -71.919  -37.409 0.5000000000
9529  -27.399  -71.924  -37.129 0.5000000000
9515  -27.668  -72.346  -36.655 0.6000000238
9545  -27.739  -72.422  -38.504 0.5000000000
10432  -28.204  -71.857  -37.718 0.5000000000
154322  -28.666  -71.942  -37.203 0.5000000000
10444  -29.895  -71.747  -38.854 0.5000000000
10434  -30.060  -71.650  -38.378 0.5000000000
10449  -30.452  -71.846  -39.086 0.5000000000
3327  -32.076  -80.456  -33.788 0.6999999881
154087  -32.509  -79.590  -35.053 0.6000000238
3319  -32.361  -80.293  -33.431 0.8000000119
8639  -32.648  -72.981  -39.236 0.5000000000
8640  -33.479  -73.383  -38.933 0.5000000000
7716  -33.932  -74.010  -38.708 0.6000000238
3945  -33.117  -78.960  -35.106 0.6999999881
3932  -32.554  -79.943  -33.443 0.6999999881
6859  -34.081  -75.120  -38.047 0.6000000238
5316  -33.366  -77.706  -34.297 0.6999999881
6853  -34.743  -75.234  -37.179 0.6000000238
6847  -34.801  -75.573  -36.654 0.6000000238
6843  -34.817  -75.920  -36.043 0.6999999881
5317  -33.844  -76.872  -34.679 0.6999999881
5314  -32.703  -77.440  -33.197 0.6000000238
9512  -24.348  -72.379  -36.817 0.5000000000
7692  -25.726  -73.420  -36.270 0.6000000238
7694  -27.628  -73.978  -35.980 0.6000000238
9516  -29.026  -72.345  -36.814 0.6000000238
9517  -29.938  -72.358  -36.855 0.6000000238
10435  -31.000  -71.594  -38.413 0.5000000000
9533  -31.374  -71.796  -37.566 0.6000000238
2817  -32.246  -80.597  -33.033 0.6999999881
10446  -31.574  -71.415  -38.932 0.5000000000
9534  -32.343  -71.771  -37.487 0.5000000000
3298  -32.514  -80.535  -32.017 0.5000000000
2798  -33.349  -81.292  -30.246 0.6000000238
10447  -32.397  -71.623  -38.803 0.6000000238
9547  -33.995  -72.645  -38.143 0.5000000000
3929  -32.559  -79.915  -32.443 0.6000000238
8629  -34.931  -74.001  -37.696 0.5000000000
3938  -32.923  -79.333  -34.268 0.6999999881
4620  -32.680  -79.302  -33.276 0.6000000238
7696  -35.071  -74.382  -37.006 0.5000000000
4619  -32.502  -78.268  -32.735 0.6000000238
5298  -32.768  -77.523  -31.472 0.6000000238
7687  -35.264  -74.498  -36.432 0.5000000000
134154  -35.060  -75.026  -35.527 0.6000000238
145161  -33.127  -76.640  -33.544 0.5000000000
6821  -34.124  -75.370  -33.416 0.5000000000
5300  -34.059  -77.310  -31.750 0.5000000000
8599  -23.766  -73.981  -36.219 0.6000000238
8611  -24.630  -73.166  -36.475 0.6000000238
8610  -23.386  -72.914  -36.464 0.4000000060
9519  -31.652  -72.019  -36.676 0.5000000000
3290  -33.487  -80.545  -30.288 0.6000000238
9535  -33.379  -71.892  -37.452 0.5000000000
134483  -32.814  -80.262  -31.299 0.5000000000
131874  -34.467  -72.620  -37.006 0.5000000000
3928  -32.574  -79.256  -31.452 0.5000000000
4595  -33.689  -78.933  -29.890 0.5000000000
139269  -33.924  -80.062  -29.212 0.5000000000
9506  -34.509  -72.755  -35.957 0.5000000000
4612  -32.456  -78.219  -31.647 0.5000000000
4604  -33.909  -78.160  -30.477 0.5000000000
7686  -35.225  -74.069  -35.479 0.6000000238
7665  -35.235  -73.644  -33.548 0.6000000238
5977  -32.944  -76.956  -32.060 0.5000000000
5293  -33.753  -77.664  -31.131 0.6000000238
130091  -35.327  -74.027  -32.797 0.6000000238
6806  -34.377  -75.291  -32.830 0.5000000000
8609  -21.790  -72.725  -35.903 0.4000000060
133037  -33.699  -72.194  -36.436 0.5000000000
3913  -34.441  -78.982  -28.796 0.5000000000
9495  -34.100  -72.636  -34.627 0.5000000000
4597  -34.758  -78.513  -29.696 0.5000000000
3914  -35.340  -79.049  -28.649 0.5000000000
3909  -36.673  -79.607  -28.154 0.5000000000
3904  -37.293  -79.325  -27.665 0.5000000000
5280  -39.214  -77.294  -26.139 0.5000000000
8584  -34.697  -72.690  -33.098 0.6000000238
8571  -35.215  -73.052  -32.750 0.6000000238
139420  -35.621  -78.532  -30.648 0.5000000000
7657  -35.488  -73.492  -32.019 0.6000000238
151631  -37.253  -78.581  -31.262 0.5000000000
6788  -35.849  -74.144  -31.524 0.5000000000
6789  -36.158  -75.198  -31.286 0.5000000000
8550  -32.755  -72.915  -31.523 0.5000000000
4598  -36.114  -79.008  -29.834 0.5000000000
3916  -36.964  -79.105  -29.066 0.5000000000
4586  -37.663  -78.970  -28.154 0.5000000000
133338  -38.404  -78.001  -27.255 0.5000000000
136773  -33.385  -72.580  -32.209 0.5000000000
8551  -34.237  -72.644  -31.510 0.6000000238
138811  -36.815  -79.125  -29.862 0.5000000000
4591  -37.408  -78.862  -29.018 0.5000000000
5282  -38.615  -77.777  -28.055 0.5000000000
150031  -39.527  -76.874  -26.584 0.5000000000
5951  -40.163  -76.153  -25.755 0.5000000000
4605  -36.664  -78.815  -30.895 0.5000000000
4606  -37.783  -78.390  -30.830 0.5000000000
7633  -32.427  -73.990  -30.284 0.5000000000
5964  -39.503  -76.595  -28.970 0.5000000000
5285  -39.082  -77.219  -28.617 0.5000000000
147198  -39.588  -76.736  -27.237 0.5000000000
6714  -40.810  -74.850  -26.140 0.4000000060
5959  -39.569  -76.651  -28.045 0.4000000060
12219  -25.976  -69.359  -29.035 0.4000000060
19809  -20.760  -61.667  -19.864 0.5000000000
19741  -19.887  -62.343  -16.881 0.5000000000
19767  -20.888  -61.633  -17.894 0.5000000000
19752  -17.420  -61.481  -17.133 0.5000000000
19739  -18.521  -61.881  -16.676 0.5000000000
136221  -20.940  -61.418  -18.872 0.5000000000
22783  -11.200  -58.493  -18.707 0.5000000000
22782  -10.048  -58.116  -18.774 0.5000000000
24679  -9.528  -56.309  -19.039 0.5000000000
9481  -32.906  -72.332  -33.540 0.5000000000
9505  -33.775  -72.456  -35.335 0.5000000000
6003  -32.086  -76.480  -36.836 0.6000000238
7715  -32.967  -74.097  -39.074 0.6000000238
5334  -33.464  -77.074  -36.824 0.6000000238
7704  -34.390  -74.543  -38.190 0.6000000238
6000  -34.328  -76.860  -35.659 0.6999999881
9514  -26.733  -72.280  -36.745 0.6000000238
9546  -33.290  -72.026  -38.418 0.5000000000
149390  -35.073  -75.175  -36.427 0.6000000238
6834  -34.594  -75.139  -34.297 0.6000000238
2811  -32.381  -80.707  -32.228 0.6999999881
141335  -34.007  -72.124  -37.785 0.5000000000
8618  -35.159  -73.990  -36.774 0.5000000000
7675  -35.127  -74.244  -34.453 0.6000000238
5994  -33.440  -76.002  -33.082 0.5000000000
5294  -34.685  -77.998  -31.119 0.5000000000
4603  -33.331  -78.419  -30.477 0.5000000000
4596  -34.019  -78.646  -29.687 0.5000000000
9483  -34.852  -72.944  -34.481 0.5000000000
6807  -35.297  -74.653  -32.247 0.5000000000
9482  -34.135  -72.593  -33.824 0.5000000000
132323  -35.121  -72.778  -31.826 0.5000000000
9469  -33.799  -72.419  -32.963 0.5000000000
4592  -38.024  -78.441  -28.668 0.5000000000
4600  -37.894  -78.485  -29.721 0.5000000000
5284  -38.479  -77.826  -29.162 0.5000000000
147055  -40.057  -76.258  -26.582 0.5000000000
5287  -39.053  -77.231  -29.729 0.4000000060
6726  -40.505  -75.585  -26.971 0.4000000060
3269  -33.323  -79.456  -26.434 0.5000000000
3277  -33.923  -80.564  -27.184 0.6000000238
3278  -34.792  -80.545  -27.297 0.6000000238
2779  -33.402  -81.081  -27.724 0.6000000238
2785  -32.814  -81.574  -28.279 0.4000000060
3279  -35.547  -80.312  -27.298 0.4000000060
149111  -35.624  -80.280  -27.561 0.4000000060
3284  -34.908  -80.503  -27.517 0.5000000000
2780  -34.252  -81.016  -27.761 0.6000000238
3283  -34.403  -80.941  -28.129 0.5000000000
3906  -34.314  -79.926  -28.546 0.4000000060
2786  -33.726  -81.584  -28.498 0.5000000000
155733  -33.855  -81.155  -29.737 0.5000000000
2323  -33.066  -81.751  -30.192 0.6000000238
2810  -32.087  -81.032  -32.555 0.6000000238
2821  -31.575  -80.698  -33.580 0.6000000238
3325  -31.073  -80.375  -34.020 0.6000000238
3943  -31.512  -79.690  -34.593 0.6000000238
4628  -30.621  -78.621  -34.408 0.6000000238
4629  -31.243  -78.433  -34.964 0.5000000000
4634  -30.737  -77.630  -35.325 0.5000000000
4642  -30.458  -77.401  -35.920 0.4000000060
4654  -30.126  -77.708  -37.183 0.5000000000
129482  -40.445  -75.473  -25.660 0.3000000119
5358  -30.126  -76.797  -39.026 0.4000000060
19969  -35.916  -61.120  -29.933 0.4000000060
19951  -36.080  -61.406  -28.942 0.4000000060
17843  -35.598  -63.117  -29.440 0.5000000000
26676  -15.498  -54.969  -22.548 0.5000000000
27724  -15.362  -54.160  -22.324 0.5000000000
134185  -16.669  -53.073  -22.885 0.5000000000
152256  -16.179  -52.525  -22.560 0.4000000060
140183  -15.704  -51.105  -21.777 0.4000000060
30642  -20.274  -50.343  -23.797 0.4000000060
153391  -16.047  -50.134  -20.957 0.4000000060
31597  -17.029  -49.692  -21.444 0.4000000060
31617  -17.368  -50.182  -22.314 0.4000000060
31595  -16.330  -49.494  -20.429 0.4000000060
32584  -16.833  -48.906  -20.820 0.4000000060
32617  -19.814  -49.136  -23.422 0.4000000060
143471  -16.213  -48.572  -19.991 0.4000000060
32575  -17.856  -48.088  -20.771 0.4000000060
32589  -20.815  -48.166  -21.909 0.4000000060
147011  -15.967  -47.654  -19.767 0.4000000060
141167  -16.741  -46.637  -20.266 0.4000000060
33531  -14.767  -46.605  -19.045 0.4000000060
33538  -16.118  -46.748  -19.839 0.4000000060
33509  -15.869  -46.477  -16.798 0.3000000119
34567  -15.080  -45.797  -17.312 0.4000000060
32534  -18.179  -48.962  -16.789 0.3000000119
32533  -17.468  -48.270  -16.872 0.3000000119
34568  -16.166  -45.762  -17.168 0.3000000119
33510  -16.940  -46.717  -17.168 0.3000000119
30640  -18.768  -50.898  -23.477 0.4000000060
31637  -18.830  -50.330  -23.326 0.4000000060
30627  -17.431  -50.925  -22.838 0.4000000060
150723  -17.854  -51.985  -23.622 0.4000000060
31618  -18.348  -50.038  -22.839 0.4000000060
31598  -17.845  -49.460  -21.983 0.4000000060
32618  -20.429  -48.630  -23.772 0.4000000060
32601  -19.397  -48.850  -22.636 0.4000000060
32587  -19.088  -48.620  -21.620 0.4000000060
32586  -18.246  -48.788  -21.438 0.4000000060
5223  -37.399  -78.447  -18.881 0.3000000119
4494  -36.777  -78.596  -19.873 0.3000000119
149613  -37.227  -79.715  -18.634 0.4000000060
4495  -37.246  -79.358  -19.133 0.3000000119
137212  -36.349  -80.942  -20.780 0.3000000119
3835  -36.766  -79.984  -20.447 0.3000000119
3847  -36.806  -79.941  -21.298 0.4000000060
2729  -35.630  -81.802  -21.012 0.3000000119
3233  -36.475  -80.802  -21.526 0.3000000119
3243  -36.756  -80.265  -22.138 0.3000000119
2736  -35.744  -81.657  -21.779 0.3000000119
2737  -36.447  -80.821  -22.122 0.3000000119
3250  -36.622  -80.278  -22.992 0.3000000119
2745  -35.510  -81.675  -22.608 0.3000000119
3249  -35.865  -80.885  -23.122 0.3000000119
3259  -35.222  -80.542  -23.682 0.3000000119
2757  -34.695  -81.414  -23.744 0.3000000119
3258  -34.313  -80.248  -24.152 0.3000000119
3882  -33.897  -79.327  -24.640 0.3000000119
2309  -32.971  -82.995  -24.565 0.3000000119
155636  -33.301  -81.676  -24.452 0.3000000119
2756  -33.797  -81.253  -24.218 0.3000000119
3257  -33.361  -79.997  -24.483 0.3000000119
148839  -33.139  -79.291  -24.868 0.3000000119
2767  -32.818  -82.033  -24.758 0.4000000060
4510  -36.640  -78.596  -20.817 0.3000000119
3210  -36.487  -80.454  -19.342 0.4000000060
144851  -36.761  -78.526  -21.311 0.4000000060
2721  -35.999  -81.292  -20.562 0.3000000119
135792  -37.006  -79.813  -22.143 0.4000000060
2275  -35.126  -82.406  -21.988 0.3000000119
3260  -36.003  -79.852  -23.737 0.4000000060
2284  -34.061  -83.033  -23.012 0.3000000119
146352  -34.947  -79.347  -24.313 0.4000000060
1906  -32.913  -83.453  -24.296 0.3000000119
2297  -33.483  -83.106  -23.877 0.4000000060
3891  -33.597  -78.925  -25.199 0.4000000060
3890  -32.753  -79.224  -25.444 0.3000000119
1568  -33.018  -83.621  -23.737 0.3000000119
5222  -36.633  -77.460  -19.602 0.3000000119
5911  -35.968  -76.659  -20.490 0.3000000119
139356  -36.257  -76.476  -19.726 0.3000000119
5245  -36.604  -77.884  -21.340 0.3000000119
5925  -36.914  -77.240  -21.979 0.3000000119
3198  -36.137  -80.524  -18.945 0.4000000060
5246  -37.116  -78.371  -21.847 0.3000000119
5257  -37.949  -78.428  -22.513 0.3000000119
2720  -35.440  -81.593  -20.592 0.3000000119
2712  -35.834  -81.014  -20.154 0.4000000060
150216  -37.571  -79.326  -22.658 0.4000000060
3859  -38.099  -78.951  -23.073 0.3000000119
3873  -37.368  -79.545  -23.228 0.4000000060
3883  -37.855  -78.902  -23.867 0.4000000060
2264  -35.206  -82.251  -21.322 0.3000000119
2728  -34.465  -82.480  -21.007 0.3000000119
151905  -35.888  -78.886  -24.449 0.4000000060
135850  -36.538  -78.579  -24.789 0.4000000060
2274  -34.422  -82.962  -22.140 0.3000000119
2727  -33.910  -82.565  -21.141 0.3000000119
3892  -35.540  -78.858  -25.652 0.4000000060
155207  -36.280  -78.578  -25.372 0.5000000000
2262  -33.999  -82.968  -21.398 0.3000000119
148872  -33.897  -79.043  -25.963 0.4000000060
3899  -34.854  -79.384  -26.260 0.4000000060
155916  -35.172  -80.314  -26.942 0.5000000000
1551  -31.956  -84.227  -23.420 0.3000000119
154265  -35.856  -76.262  -21.065 0.3000000119
6672  -35.908  -75.951  -20.078 0.3000000119
3834  -34.997  -80.326  -20.091 0.4000000060
4549  -38.646  -78.351  -23.586 0.4000000060
4562  -38.216  -78.376  -24.657 0.4000000060
3221  -34.977  -81.342  -20.381 0.4000000060
4561  -37.435  -78.552  -24.677 0.4000000060
4571  -37.713  -78.376  -25.574 0.5000000000
136801  -36.965  -79.530  -27.187 0.4000000060
3232  -33.709  -81.636  -21.085 0.3000000119
131296  -36.489  -79.133  -26.366 0.4000000060
2726  -33.170  -82.245  -21.405 0.3000000119
3272  -36.292  -79.993  -27.252 0.4000000060
3903  -36.722  -79.740  -27.689 0.4000000060
1885  -32.841  -83.556  -22.164 0.3000000119
1552  -32.678  -83.854  -23.193 0.3000000119
1538  -31.504  -84.297  -23.112 0.3000000119
133625  -37.072  -76.277  -22.385 0.3000000119
5258  -38.583  -77.694  -22.828 0.3000000119
4537  -38.872  -77.925  -23.345 0.3000000119
3220  -34.318  -81.013  -20.681 0.4000000060
139458  -38.596  -78.011  -25.071 0.5000000000
4580  -37.887  -78.396  -26.436 0.4000000060
3900  -37.471  -79.030  -27.108 0.4000000060
2734  -31.808  -81.390  -22.513 0.3000000119
3231  -32.965  -81.179  -21.641 0.3000000119
2735  -32.490  -81.794  -21.910 0.3000000119
2272  -31.679  -83.287  -22.442 0.3000000119
148483  -31.029  -84.574  -23.410 0.3000000119
1884  -31.510  -84.167  -22.817 0.3000000119
145039  -39.026  -77.923  -24.097 0.4000000060
4573  -38.872  -77.661  -25.584 0.4000000060
2744  -31.054  -80.929  -23.023 0.3000000119
2743  -30.400  -81.392  -23.348 0.3000000119
2283  -31.270  -82.100  -22.914 0.3000000119
140286  -30.989  -82.979  -22.848 0.3000000119
135790  -29.589  -80.916  -23.525 0.3000000119
2742  -29.639  -81.745  -23.618 0.3000000119
2281  -29.806  -82.585  -23.588 0.3000000119
2271  -30.424  -83.338  -23.189 0.3000000119
139259  -39.614  -76.661  -24.490 0.3000000119
5275  -39.313  -77.271  -25.277 0.4000000060
137077  -28.608  -81.009  -23.759 0.3000000119
153180  -28.104  -82.352  -24.135 0.3000000119
7545  -37.949  -74.531  -23.626 0.3000000119
6701  -39.423  -75.901  -24.008 0.3000000119
5950  -40.110  -76.107  -25.069 0.3000000119
148784  -38.517  -74.122  -24.130 0.3000000119
6707  -39.855  -75.129  -24.591 0.3000000119
27716  -15.141  -53.448  -21.767 0.5000000000
34578  -14.800  -45.405  -18.854 0.5000000000
132194  -15.164  -45.313  -19.462 0.4000000060
29627  -15.585  -51.986  -21.939 0.4000000060
2797  -32.756  -81.460  -30.873 0.6000000238
2792  -33.531  -81.726  -29.500 0.5000000000
3908  -36.009  -79.883  -28.042 0.4000000060
4588  -38.252  -78.138  -26.713 0.4000000060
4581  -38.686  -77.713  -26.450 0.4000000060
5281  -39.682  -76.758  -25.901 0.4000000060
6708  -40.320  -75.424  -25.054 0.3000000119
27726  -17.114  -53.714  -23.065 0.5000000000
28713  -18.154  -52.102  -23.646 0.4000000060
30641  -19.554  -50.061  -23.485 0.4000000060
3819  -37.036  -79.886  -19.597 0.3000000119
2285  -34.850  -82.303  -22.973 0.3000000119
138498  -33.496  -82.323  -24.302 0.3000000119
140726  -36.601  -80.396  -18.998 0.4000000060
4559  -35.134  -78.733  -24.854 0.4000000060
3208  -35.750  -80.776  -19.832 0.4000000060
2719  -34.956  -81.944  -20.637 0.3000000119
2263  -34.547  -82.707  -21.393 0.3000000119
3884  -38.383  -78.593  -23.902 0.4000000060
139562  -32.717  -82.689  -21.712 0.3000000119
4579  -37.283  -78.797  -26.493 0.4000000060
148920  -32.057  -83.820  -22.506 0.3000000119
5271  -39.311  -77.333  -24.436 0.4000000060
138819  -32.776  -80.295  -22.016 0.3000000119
1883  -30.840  -84.215  -22.996 0.3000000119
5948  -39.491  -76.632  -23.979 0.3000000119
2280  -28.867  -82.331  -23.930 0.3000000119
4633  -29.970  -77.887  -35.155 0.5000000000
3941  -29.523  -78.621  -34.388 0.5000000000
3937  -30.335  -79.629  -33.537 0.5000000000
2815  -31.290  -80.961  -33.167 0.5000000000
2330  -32.464  -81.983  -30.641 0.4000000060
7634  -33.400  -73.734  -30.147 0.4000000060
133311  -32.741  -79.952  -26.973 0.5000000000
3902  -31.696  -79.695  -26.850 0.3000000119
3268  -31.033  -79.930  -26.079 0.3000000119
3897  -32.335  -79.301  -26.170 0.4000000060
2766  -32.130  -80.868  -24.969 0.3000000119
3264  -32.449  -79.757  -24.941 0.3000000119
3846  -33.495  -80.358  -21.416 0.3000000119
3833  -34.220  -79.747  -20.827 0.3000000119
3818  -36.884  -80.163  -18.762 0.3000000119
4523  -33.533  -79.092  -21.587 0.3000000119
4509  -34.617  -79.236  -20.123 0.3000000119
154998  -35.049  -79.635  -19.713 0.3000000119
3207  -35.571  -79.925  -19.289 0.3000000119
3798  -36.408  -79.552  -17.978 0.3000000119
4474  -35.750  -78.907  -17.872 0.3000000119
4492  -34.386  -78.301  -19.870 0.3000000119
5221  -34.602  -78.120  -18.898 0.3000000119
4493  -34.915  -79.042  -19.385 0.3000000119
5202  -35.075  -78.183  -18.069 0.3000000119
3804  -36.813  -80.039  -18.509 0.3000000119
4465  -37.844  -79.034  -17.628 0.3000000119
5220  -34.049  -77.486  -19.571 0.3000000119
3799  -37.151  -79.538  -17.751 0.3000000119
4463  -36.485  -78.998  -17.400 0.3000000119
4664  -29.895  -77.677  -38.184 0.3000000119
2322  -32.698  -81.983  -29.774 0.5000000000
2350  -31.783  -81.549  -32.136 0.4000000060
3317  -30.409  -80.618  -33.315 0.5000000000
3896  -31.547  -79.625  -26.315 0.3000000119
33580  -21.601  -47.715  -24.457 0.3000000119
32603  -20.884  -47.951  -22.943 0.3000000119
34596  -17.126  -45.952  -20.533 0.3000000119
4641  -29.715  -77.981  -36.170 0.4000000060
3940  -28.848  -79.247  -33.957 0.4000000060
1942  -27.301  -83.837  -31.443 0.4000000060
2346  -27.335  -82.331  -31.983 0.4000000060
2806  -28.525  -81.549  -32.349 0.4000000060
2808  -30.179  -81.974  -32.966 0.4000000060
137697  -30.507  -81.900  -32.720 0.4000000060
3315  -28.465  -80.163  -32.899 0.4000000060
3316  -29.438  -80.375  -32.822 0.4000000060
138055  -30.614  -81.348  -33.165 0.4000000060
1327  -27.339  -84.850  -30.707 0.3000000119
1608  -28.060  -84.215  -31.128 0.4000000060
1945  -29.410  -83.464  -31.767 0.4000000060
3935  -28.836  -79.625  -33.196 0.4000000060
1950  -27.656  -83.114  -31.755 0.4000000060
2805  -27.806  -81.576  -32.238 0.4000000060
1607  -26.826  -84.515  -31.168 0.3000000119
1943  -28.325  -83.790  -31.621 0.4000000060
1951  -28.782  -83.378  -32.101 0.4000000060
3306  -28.985  -80.827  -32.565 0.4000000060
2348  -29.338  -82.610  -32.573 0.4000000060
2349  -30.680  -82.271  -32.260 0.4000000060
145080  -27.487  -85.079  -30.372 0.3000000119
1328  -28.122  -84.512  -30.672 0.3000000119
1610  -29.062  -83.838  -31.338 0.3000000119
1609  -28.644  -84.091  -31.023 0.3000000119
2328  -30.028  -82.742  -31.172 0.3000000119
2789  -30.577  -81.653  -29.634 0.3000000119
1935  -29.805  -83.078  -31.669 0.3000000119
2784  -31.099  -81.427  -28.752 0.3000000119
3282  -31.599  -80.898  -28.153 0.3000000119
2790  -31.993  -82.055  -29.290 0.3000000119
130403  -31.047  -82.308  -31.167 0.3000000119
2329  -31.600  -82.042  -30.355 0.3000000119
2339  -31.366  -82.132  -31.668 0.3000000119
128684  -22.027  -81.822  -23.064 0.3000000119
3237  -22.117  -80.666  -22.298 0.3000000119
3871  -30.009  -79.505  -23.271 0.3000000119
4529  -24.141  -78.409  -22.353 0.3000000119
4530  -25.118  -78.230  -22.928 0.3000000119
4546  -26.453  -78.250  -24.436 0.3000000119
147007  -27.192  -77.830  -24.401 0.3000000119
135694  -27.976  -77.858  -24.418 0.3000000119
142750  -28.749  -77.674  -23.825 0.3000000119
148401  -29.204  -78.252  -23.593 0.3000000119
4548  -29.870  -78.578  -23.181 0.3000000119
5252  -25.451  -77.502  -22.553 0.3000000119
5253  -26.286  -77.252  -22.922 0.3000000119
5264  -26.744  -77.570  -23.805 0.3000000119
5265  -27.504  -77.343  -23.918 0.3000000119
5266  -28.234  -77.160  -23.823 0.3000000119
1934  -29.382  -83.483  -31.183 0.3000000119
3238  -23.774  -80.423  -23.666 0.3000000119
3867  -25.900  -78.918  -24.899 0.3000000119
134824  -24.724  -78.920  -23.303 0.3000000119
3855  -24.308  -79.634  -23.622 0.3000000119
3866  -25.150  -79.252  -24.458 0.3000000119
4545  -25.553  -78.560  -23.978 0.3000000119
5933  -26.562  -76.533  -22.492 0.3000000119
1263  -30.443  -84.697  -23.538 0.3000000119
1319  -28.104  -84.755  -30.176 0.3000000119
1539  -32.215  -83.886  -22.777 0.3000000119
1566  -31.662  -84.386  -24.112 0.3000000119
1600  -28.953  -83.984  -30.770 0.3000000119
1870  -33.575  -83.310  -21.867 0.3000000119
1871  -34.033  -83.150  -21.700 0.3000000119
1944  -28.889  -83.739  -31.634 0.3000000119
1952  -29.448  -83.215  -32.157 0.4000000060
1953  -29.964  -82.951  -32.107 0.3000000119
2252  -35.027  -82.227  -20.910 0.3000000119
2261  -33.333  -83.105  -21.610 0.3000000119
2269  -28.369  -82.953  -24.189 0.3000000119
2270  -29.603  -83.261  -23.641 0.3000000119
2273  -32.519  -83.315  -22.034 0.3000000119
2282  -30.467  -82.336  -23.328 0.3000000119
2298  -34.186  -82.339  -23.776 0.3000000119
2337  -26.835  -83.102  -31.782 0.4000000060
2338  -30.480  -82.584  -31.702 0.4000000060
2340  -32.177  -81.849  -31.374 0.4000000060
2347  -28.110  -82.336  -32.014 0.4000000060
2359  -31.128  -81.560  -32.617 0.5000000000
2718  -34.439  -81.978  -20.776 0.3000000119
2730  -36.163  -81.302  -21.232 0.3000000119
2746  -36.069  -81.073  -22.509 0.3000000119
2755  -32.946  -80.861  -24.554 0.3000000119
2758  -35.290  -81.455  -23.268 0.3000000119
2791  -32.944  -82.015  -28.951 0.5000000000
2796  -30.296  -82.031  -30.446 0.3000000119
2801  -32.392  -81.205  -31.739 0.6000000238
2802  -32.795  -80.860  -31.214 0.6999999881
2807  -29.458  -81.802  -32.803 0.4000000060
2809  -31.662  -81.138  -32.759 0.6000000238
2814  -30.728  -81.311  -33.010 0.5000000000
2816  -31.875  -80.812  -33.207 0.6000000238
3209  -36.261  -80.589  -19.500 0.4000000060
3222  -35.405  -81.335  -20.374 0.3000000119
3223  -36.204  -80.829  -20.008 0.3000000119
3224  -36.539  -80.469  -20.307 0.3000000119
3234  -36.628  -80.431  -21.376 0.3000000119
3242  -32.322  -80.795  -22.235 0.3000000119
3251  -36.867  -80.057  -22.654 0.4000000060
3263  -31.687  -80.061  -25.429 0.3000000119
3270  -34.385  -79.957  -26.755 0.6000000238
3271  -35.711  -79.929  -26.753 0.5000000000
3276  -32.181  -80.446  -27.576 0.3000000119
3280  -36.171  -80.066  -27.597 0.4000000060
3286  -34.009  -81.139  -28.950 0.5000000000
3305  -28.304  -80.737  -32.579 0.4000000060
3307  -29.921  -81.337  -33.065 0.4000000060
3308  -32.418  -80.377  -32.804 0.8000000119
3318  -31.100  -80.908  -33.534 0.5000000000
3323  -27.985  -80.496  -32.936 0.4000000060
3326  -31.619  -80.519  -34.083 0.6999999881
3328  -32.499  -79.944  -34.076 0.6000000238
3332  -28.545  -79.823  -34.733 0.4000000060
3803  -36.128  -79.821  -18.548 0.3000000119
3805  -37.354  -79.678  -18.182 0.3000000119
3858  -37.388  -79.562  -22.804 0.4000000060
3872  -36.954  -79.267  -23.929 0.4000000060
3874  -38.022  -78.981  -23.389 0.3000000119
3889  -31.914  -79.550  -25.725 0.3000000119
3893  -36.990  -78.513  -25.549 0.5000000000
3895  -30.971  -79.833  -26.808 0.3000000119
3898  -33.102  -79.008  -25.798 0.4000000060
3907  -35.011  -79.926  -28.043 0.4000000060
3910  -37.119  -79.348  -28.285 0.5000000000
3912  -33.867  -79.050  -29.035 0.5000000000
3915  -36.452  -79.258  -28.838 0.5000000000
3921  -32.714  -78.580  -30.925 0.5000000000
3922  -33.130  -79.368  -30.498 0.5000000000
3931  -28.868  -80.115  -32.742 0.4000000060
3936  -29.527  -79.629  -33.172 0.5000000000
3942  -30.744  -79.405  -34.068 0.6000000238
3944  -32.207  -80.002  -34.643 0.6000000238
3951  -32.697  -79.103  -35.421 0.6000000238
4464  -37.356  -78.924  -17.182 0.3000000119
4473  -35.391  -79.055  -18.572 0.3000000119
4508  -34.011  -78.442  -20.861 0.3000000119
4511  -36.817  -79.453  -20.143 0.4000000060
4524  -36.832  -79.229  -21.197 0.4000000060
4531  -25.978  -77.952  -23.408 0.3000000119
4535  -37.325  -79.203  -22.116 0.3000000119
4536  -38.522  -78.449  -23.009 0.4000000060
4547  -28.596  -78.411  -24.144 0.3000000119
4550  -39.109  -77.699  -23.787 0.4000000060
4558  -34.362  -78.897  -24.803 0.4000000060
4560  -35.841  -78.539  -24.959 0.4000000060
4563  -38.714  -78.207  -24.273 0.4000000060
4564  -39.000  -77.762  -24.724 0.4000000060
4572  -38.429  -77.976  -25.972 0.4000000060
4587  -37.872  -78.658  -27.347 0.4000000060
4599  -37.269  -78.869  -30.152 0.5000000000
4613  -35.898  -78.247  -31.805 0.5000000000
4614  -36.756  -78.303  -32.089 0.5000000000
4624  -30.018  -78.871  -33.785 0.5000000000
4625  -33.051  -78.572  -33.873 0.6000000238
4627  -30.063  -78.261  -34.451 0.5000000000
4630  -33.372  -78.538  -34.796 0.6999999881
4636  -33.140  -78.622  -35.791 0.6000000238
4638  -33.895  -77.490  -35.989 0.6999999881
4643  -32.347  -77.720  -36.179 0.6000000238
4644  -33.059  -78.177  -36.308 0.6000000238
4645  -33.409  -78.098  -36.029 0.6000000238
5232  -36.376  -77.692  -20.638 0.3000000119
5254  -27.054  -77.008  -23.221 0.3000000119
5268  -39.385  -77.168  -23.993 0.3000000119
5276  -39.694  -76.704  -25.121 0.4000000060
5283  -39.031  -77.354  -27.065 0.5000000000
5286  -38.409  -77.891  -30.241 0.5000000000
5291  -32.753  -78.003  -30.966 0.5000000000
5292  -33.172  -77.775  -30.933 0.5000000000
5299  -33.247  -77.273  -31.522 0.5000000000
5308  -32.574  -77.418  -32.247 0.6000000238
5323  -31.220  -77.098  -35.894 0.6000000238
5332  -30.636  -77.109  -37.717 0.5000000000
5359  -30.873  -76.573  -38.914 0.5000000000
5910  -35.760  -75.653  -20.764 0.3000000119
5924  -36.194  -76.849  -21.305 0.3000000119
5947  -39.173  -76.505  -23.551 0.3000000119
5949  -39.886  -76.022  -24.509 0.3000000119
5957  -40.062  -76.141  -27.451 0.4000000060
5968  -27.824  -75.720  -30.775 0.5000000000
5976  -28.214  -75.647  -31.124 0.5000000000
5988  -32.881  -76.714  -32.718 0.5000000000
5997  -33.757  -75.905  -33.904 0.6000000238
5998  -34.440  -75.983  -35.061 0.6999999881
6004  -34.414  -76.477  -36.331 0.6000000238
6011  -34.389  -76.042  -36.929 0.6000000238
6015  -32.332  -75.573  -37.710 0.6000000238
6016  -33.529  -75.664  -37.513 0.6000000238
6017  -34.302  -75.583  -37.459 0.6000000238
6028  -31.944  -75.471  -38.698 0.5000000000
6661  -35.928  -75.160  -20.060 0.3000000119
6662  -36.315  -75.720  -19.486 0.3000000119
6721  -26.443  -75.097  -26.737 0.5000000000
6732  -24.572  -74.593  -27.751 0.6000000238
6734  -26.188  -75.431  -27.435 0.5000000000
6756  -24.259  -75.279  -28.979 0.6999999881
6769  -25.296  -75.614  -29.940 0.6000000238
6770  -26.422  -75.623  -29.989 0.5000000000
6771  -27.268  -75.680  -30.457 0.5000000000
6782  -20.541  -74.721  -31.393 0.6999999881
6783  -23.400  -75.448  -31.572 0.6999999881
6784  -24.221  -75.445  -30.922 0.6999999881
6802  -26.555  -75.636  -31.856 0.6000000238
6804  -28.477  -75.612  -31.822 0.5000000000
6815  -24.364  -75.607  -33.550 0.6999999881
6818  -27.657  -75.794  -32.983 0.6999999881
6819  -28.223  -75.692  -33.100 0.6000000238
6820  -28.792  -75.259  -33.113 0.6000000238
6822  -34.917  -74.544  -33.479 0.6000000238
6826  -19.584  -74.720  -33.889 0.6999999881
6829  -25.108  -75.396  -34.508 0.6999999881
6840  -26.630  -75.064  -35.033 0.6999999881
6841  -27.568  -75.087  -35.078 0.6999999881
6842  -28.332  -75.034  -35.053 0.6999999881
6848  -35.067  -74.892  -36.868 0.6000000238
6854  -34.926  -74.660  -37.333 0.5000000000
6860  -34.678  -74.957  -37.734 0.6000000238
6861  -34.884  -74.425  -37.801 0.6000000238
6869  -30.830  -75.249  -39.300 0.5000000000
6870  -31.530  -75.516  -39.067 0.5000000000
7546  -38.935  -74.978  -24.102 0.3000000119
7566  -26.082  -73.923  -25.957 0.5000000000
7580  -25.151  -74.422  -27.059 0.6000000238
7594  -23.223  -74.113  -28.516 0.6999999881
7595  -23.914  -74.137  -28.085 0.6000000238
7611  -22.064  -73.960  -29.294 0.6999999881
7612  -22.446  -74.135  -28.936 0.6999999881
7628  -21.003  -74.159  -30.778 0.6999999881
7629  -21.831  -74.081  -29.784 0.6999999881
7631  -30.196  -73.603  -30.660 0.5000000000
7648  -30.130  -73.522  -31.581 0.5000000000
7662  -18.391  -73.901  -33.545 0.6999999881
7670  -18.748  -74.020  -34.230 0.6999999881
7673  -29.106  -74.840  -33.930 0.6999999881
7684  -29.198  -74.233  -35.646 0.6999999881
7700  -34.952  -74.285  -37.425 0.5000000000
7705  -34.604  -73.982  -38.206 0.5000000000
8467  -26.663  -73.375  -25.011 0.5000000000
8485  -25.118  -73.911  -27.124 0.6000000238
8495  -23.475  -73.827  -28.433 0.6000000238
8510  -26.979  -73.461  -28.758 0.6000000238
8527  -32.017  -73.419  -30.936 0.5000000000
8528  -33.234  -73.244  -30.824 0.4000000060
8542  -20.084  -73.973  -31.339 0.6999999881
8547  -25.845  -73.715  -31.764 0.6999999881
8561  -19.571  -73.632  -32.152 0.6999999881
8564  -25.291  -73.756  -32.492 0.6999999881
8568  -31.524  -72.652  -32.514 0.6000000238
8569  -32.607  -72.473  -32.755 0.5000000000
8570  -34.548  -72.572  -32.393 0.5000000000
8575  -18.661  -73.615  -33.017 0.6999999881
8578  -24.177  -73.491  -33.295 0.6999999881
8579  -25.222  -73.598  -33.385 0.6999999881
8580  -26.129  -73.449  -33.637 0.6999999881
8581  -26.603  -73.022  -34.036 0.6999999881
8585  -35.047  -72.988  -33.645 0.6000000238
8593  -35.141  -73.452  -34.471 0.6000000238
8600  -24.898  -74.202  -36.049 0.6000000238
8601  -29.689  -73.627  -35.877 0.6999999881
8604  -35.063  -73.294  -35.446 0.6000000238
8605  -35.253  -73.883  -36.182 0.6000000238
8612  -26.488  -73.018  -36.346 0.6000000238
8613  -27.217  -73.065  -36.280 0.6000000238
8614  -28.069  -73.201  -36.280 0.6000000238
8615  -29.535  -73.135  -36.361 0.6999999881
8622  -34.789  -73.645  -37.503 0.5000000000
8623  -34.980  -74.021  -37.257 0.5000000000
8628  -34.549  -73.414  -37.925 0.5000000000
8634  -28.094  -73.665  -39.012 0.5000000000
8635  -28.993  -73.546  -39.125 0.5000000000
8636  -29.872  -73.491  -39.261 0.5000000000
8641  -34.042  -73.316  -38.452 0.5000000000
9390  -27.518  -72.386  -24.309 0.5000000000
9407  -26.335  -72.685  -25.766 0.6000000238
9416  -26.573  -72.921  -27.146 0.6000000238
9417  -27.419  -71.791  -26.715 0.6000000238
9418  -27.577  -72.422  -27.505 0.5000000000
9437  -28.427  -72.651  -30.100 0.6000000238
9448  -27.775  -73.261  -30.285 0.6000000238
9475  -22.596  -72.572  -34.075 0.6999999881
9478  -27.548  -72.923  -33.825 0.6999999881
9491  -26.183  -72.511  -34.317 0.6999999881
9494  -33.051  -72.265  -34.507 0.5000000000
9501  -20.523  -72.143  -34.940 0.5000000000
9503  -31.843  -72.213  -35.839 0.6000000238
9518  -30.783  -72.244  -36.794 0.6000000238
9521  -34.980  -73.376  -36.445 0.5000000000
9522  -34.856  -73.496  -37.122 0.5000000000
9530  -28.228  -71.994  -36.949 0.5000000000
9531  -29.334  -71.856  -37.532 0.5000000000
9536  -34.455  -72.953  -37.580 0.5000000000
9544  -27.147  -72.390  -38.471 0.4000000060
9549  -26.094  -72.604  -38.259 0.4000000060
9554  -30.196  -72.585  -39.200 0.5000000000
9555  -31.022  -72.412  -39.281 0.5000000000
9556  -32.673  -71.969  -39.034 0.5000000000
9557  -33.416  -72.602  -38.759 0.5000000000
10303  -26.597  -71.984  -25.425 0.5000000000
10348  -29.162  -71.351  -29.008 0.5000000000
10349  -29.338  -71.095  -29.846 0.5000000000
10373  -28.985  -72.098  -31.480 0.6000000238
10374  -29.578  -71.426  -31.742 0.6000000238
10384  -29.202  -72.055  -32.665 0.6000000238
10385  -29.490  -71.473  -33.323 0.6000000238
10393  -24.033  -71.981  -34.245 0.6999999881
10396  -28.916  -71.892  -33.785 0.6999999881
10401  -22.105  -71.495  -34.919 0.6000000238
10402  -23.370  -71.295  -34.784 0.6000000238
10404  -26.659  -71.858  -34.391 0.6999999881
10405  -27.543  -71.678  -34.425 0.6000000238
10420  -19.941  -71.964  -35.311 0.5000000000
10423  -24.132  -72.099  -37.145 0.5000000000
10424  -24.965  -72.058  -37.028 0.6000000238
10425  -25.824  -72.098  -36.937 0.6000000238
10433  -29.152  -71.800  -38.365 0.5000000000
10436  -31.960  -71.579  -38.367 0.5000000000
10437  -32.862  -71.747  -38.197 0.5000000000
10441  -25.984  -72.075  -37.923 0.5000000000
10442  -27.482  -72.161  -38.292 0.5000000000
10443  -28.370  -72.126  -38.441 0.5000000000
10445  -30.716  -71.536  -38.896 0.5000000000
10450  -31.283  -71.670  -39.079 0.5000000000
10451  -31.995  -71.586  -39.048 0.5000000000
11314  -28.623  -70.577  -27.163 0.6000000238
11360  -23.697  -70.306  -30.991 0.5000000000
11362  -25.015  -70.421  -31.613 0.5000000000
11363  -29.809  -70.649  -31.136 0.6000000238
11377  -24.513  -70.601  -32.090 0.5000000000
11379  -25.876  -70.603  -33.342 0.6000000238
11381  -30.332  -69.859  -33.524 0.6000000238
11394  -24.662  -71.036  -33.221 0.5000000000
11406  -28.303  -70.336  -34.449 0.5000000000
11408  -29.766  -70.219  -33.906 0.6000000238
11415  -21.080  -71.468  -35.298 0.5000000000
11416  -22.174  -70.569  -35.711 0.5000000000
11422  -21.777  -70.419  -36.044 0.5000000000
12233  -29.861  -69.766  -30.679 0.5000000000
12245  -25.623  -69.831  -31.210 0.5000000000
12247  -30.238  -69.997  -31.605 0.6000000238
12260  -23.671  -69.788  -32.224 0.5000000000
12262  -26.178  -69.691  -32.811 0.6000000238
12263  -30.428  -70.136  -32.662 0.6000000238
12264  -30.662  -69.383  -33.044 0.5000000000
12278  -23.892  -69.707  -32.981 0.5000000000
12279  -24.072  -70.027  -33.449 0.5000000000
12290  -24.139  -69.931  -34.345 0.5000000000
12291  -27.225  -69.456  -34.213 0.6000000238
12292  -28.083  -69.621  -34.362 0.6000000238
12293  -28.740  -69.697  -34.410 0.5000000000
12294  -29.383  -69.674  -34.158 0.6000000238
12305  -23.473  -69.482  -35.403 0.5000000000
12313  -20.937  -69.703  -36.351 0.5000000000
12316  -23.072  -69.178  -35.847 0.5000000000
13057  -28.958  -68.045  -28.017 0.6000000238
13063  -27.082  -67.160  -29.062 0.6000000238
13072  -26.461  -68.935  -30.794 0.5000000000
13073  -27.053  -67.647  -30.211 0.5000000000
13074  -29.681  -68.866  -30.238 0.5000000000
13087  -30.681  -68.729  -32.301 0.5000000000
13100  -30.930  -68.632  -33.379 0.5000000000
13110  -27.086  -68.631  -33.998 0.6000000238
13111  -30.919  -68.291  -33.805 0.5000000000
13118  -28.545  -68.480  -34.218 0.6000000238
13120  -29.710  -69.079  -33.975 0.6000000238
13129  -22.894  -68.444  -35.673 0.5000000000
13137  -20.694  -68.802  -36.311 0.5000000000
13139  -22.385  -68.973  -36.210 0.5000000000
13875  -28.353  -67.015  -25.427 0.5000000000
13916  -28.767  -67.117  -27.439 0.5000000000
13939  -29.600  -67.278  -29.139 0.6000000238
13951  -27.238  -66.502  -29.754 0.6000000238
13983  -28.294  -67.024  -32.279 0.6000000238
13985  -30.957  -67.824  -32.577 0.5000000000
13986  -31.330  -67.267  -33.223 0.5000000000
13998  -24.195  -67.824  -33.674 0.5000000000
14000  -27.489  -68.019  -33.408 0.6000000238
14001  -28.437  -67.564  -33.499 0.6000000238
14002  -31.141  -67.426  -33.726 0.5000000000
14015  -28.792  -67.922  -34.149 0.6000000238
14017  -30.759  -67.133  -34.000 0.5000000000
14018  -31.263  -66.805  -33.820 0.5000000000
14031  -29.957  -66.946  -34.122 0.6000000238
14032  -30.429  -66.699  -34.052 0.5000000000
14784  -28.635  -66.417  -25.077 0.5000000000
14785  -29.127  -65.936  -24.964 0.5000000000
14806  -28.843  -65.782  -26.251 0.5000000000
14823  -28.613  -66.542  -26.641 0.5000000000
14834  -24.647  -66.836  -28.368 0.6000000238
14836  -26.473  -66.519  -28.590 0.6000000238
14847  -27.023  -66.305  -28.956 0.6000000238
14860  -24.850  -66.514  -29.757 0.6000000238
14876  -28.655  -65.125  -31.739 0.6000000238
14893  -28.691  -65.831  -31.747 0.6000000238
14895  -29.500  -64.852  -32.732 0.6000000238
14911  -29.770  -65.400  -33.395 0.5000000000
14921  -29.931  -66.312  -33.959 0.6000000238
14922  -31.260  -66.448  -33.983 0.5000000000
14923  -31.736  -66.040  -33.796 0.6000000238
14931  -30.379  -66.357  -33.998 0.4000000060
15766  -30.279  -65.118  -28.519 0.6000000238
15779  -23.747  -66.335  -29.877 0.6999999881
15797  -27.489  -65.415  -30.982 0.6000000238
15798  -30.822  -65.020  -30.239 0.6000000238
15813  -24.670  -65.718  -31.398 0.6999999881
15815  -26.526  -65.570  -31.606 0.6000000238
15817  -28.410  -64.837  -31.689 0.6000000238
15818  -30.977  -65.530  -30.972 0.6000000238
15819  -31.583  -65.351  -31.567 0.6000000238
15820  -32.090  -65.118  -32.053 0.6000000238
15832  -25.526  -65.475  -32.689 0.6000000238
15834  -28.805  -64.729  -32.145 0.5000000000
15835  -31.867  -65.693  -32.474 0.6000000238
15849  -32.479  -64.644  -34.196 0.6000000238
15862  -30.941  -64.576  -34.065 0.6000000238
15863  -31.294  -65.627  -33.966 0.6000000238
15864  -31.907  -65.292  -34.056 0.6000000238
15869  -30.788  -65.449  -33.918 0.4000000060
15870  -31.145  -65.157  -33.979 0.4000000060
16676  -22.646  -64.089  -21.891 0.6000000238
16705  -25.426  -64.406  -24.444 0.6000000238
16715  -24.554  -65.039  -24.225 0.6000000238
16792  -31.651  -64.061  -29.342 0.6000000238
16793  -32.165  -63.958  -30.078 0.6000000238
16806  -32.045  -64.455  -30.723 0.6000000238
16817  -24.779  -65.026  -32.629 0.6000000238
16818  -28.270  -64.602  -32.089 0.5000000000
16820  -32.576  -64.690  -32.118 0.6000000238
16834  -26.340  -64.888  -33.799 0.6000000238
16835  -27.536  -64.630  -32.970 0.5000000000
16836  -28.513  -64.267  -32.808 0.5000000000
16837  -33.100  -64.586  -33.005 0.6000000238
16850  -24.708  -63.180  -33.607 0.5000000000
16851  -24.930  -63.537  -33.980 0.5000000000
16852  -25.833  -64.099  -34.216 0.5000000000
16854  -28.328  -63.750  -33.870 0.6000000238
16855  -29.281  -64.159  -33.042 0.6000000238
16856  -33.371  -64.079  -33.919 0.6000000238
16864  -30.895  -63.949  -34.331 0.6000000238
16865  -31.512  -64.036  -34.783 0.6000000238
16866  -32.184  -64.417  -34.605 0.6000000238
17715  -21.792  -63.979  -21.856 0.6000000238
17729  -23.246  -64.480  -22.511 0.6000000238
17744  -24.432  -64.288  -23.242 0.6000000238
17745  -25.275  -63.857  -23.754 0.6000000238
17754  -23.497  -64.747  -24.563 0.6000000238
17761  -23.971  -64.246  -25.360 0.6000000238
17762  -24.840  -64.421  -25.411 0.6000000238
17763  -25.633  -64.314  -25.312 0.6000000238
17764  -26.264  -64.130  -25.714 0.6000000238
17781  -26.459  -63.826  -26.167 0.6000000238
17801  -24.682  -63.044  -26.949 0.6000000238
17821  -22.734  -63.175  -28.790 0.5000000000
17838  -22.940  -63.315  -29.375 0.5000000000
17840  -24.018  -62.997  -30.578 0.6999999881
17844  -36.148  -62.598  -29.286 0.5000000000
17851  -24.067  -63.690  -31.414 0.6999999881
17854  -35.443  -63.109  -30.854 0.6000000238
17855  -35.981  -62.666  -30.092 0.6000000238
17865  -24.458  -63.878  -32.370 0.6000000238
17867  -34.824  -63.453  -31.557 0.6000000238
17878  -24.639  -62.962  -33.044 0.6000000238
17879  -34.278  -63.810  -32.371 0.6000000238
17892  -34.421  -63.391  -33.434 0.6000000238
17898  -31.758  -63.095  -35.080 0.5000000000
17899  -33.087  -63.211  -35.100 0.6000000238
17900  -33.473  -63.515  -34.619 0.6000000238
17902  -32.875  -63.866  -34.922 0.6000000238
18704  -20.220  -62.194  -17.499 0.5000000000
18767  -21.107  -62.047  -20.775 0.6000000238
18770  -24.087  -61.673  -21.616 0.6999999881
18793  -23.845  -62.609  -22.041 0.6000000238
18839  -25.570  -62.969  -24.016 0.6000000238
18856  -26.569  -63.589  -25.631 0.6000000238
18874  -26.839  -63.064  -26.483 0.6999999881
18892  -24.881  -62.856  -27.797 0.5000000000
18894  -26.908  -62.967  -27.410 0.6999999881
18910  -25.105  -62.772  -28.714 0.6000000238
18912  -27.140  -62.674  -28.885 0.6000000238
18913  -27.492  -62.046  -28.619 0.6000000238
18925  -24.537  -62.782  -29.680 0.6000000238
18927  -26.476  -62.667  -30.071 0.6000000238
18928  -27.169  -62.528  -29.748 0.6000000238
18929  -36.284  -61.907  -29.550 0.4000000060
18941  -26.233  -62.142  -31.455 0.6000000238
18942  -26.934  -62.336  -30.568 0.6000000238
18956  -25.637  -62.226  -32.381 0.6000000238
18959  -36.005  -62.101  -31.791 0.6000000238
18972  -35.087  -62.183  -32.869 0.6000000238
18976  -25.478  -62.474  -33.787 0.5000000000
18977  -27.189  -62.212  -34.020 0.6000000238
18980  -34.653  -62.612  -33.540 0.6000000238
18981  -28.199  -62.908  -34.493 0.5000000000
18982  -29.192  -62.731  -34.413 0.6000000238
18984  -32.194  -62.149  -35.182 0.5000000000
18985  -33.037  -62.325  -35.185 0.5000000000
18987  -34.046  -62.996  -34.125 0.6000000238
19740  -19.328  -62.168  -16.685 0.5000000000
19742  -20.266  -61.843  -16.998 0.5000000000
19753  -20.587  -61.588  -17.379 0.5000000000
19754  -21.209  -61.023  -17.535 0.6000000238
19769  -22.529  -60.716  -18.432 0.6000000238
19791  -22.840  -61.205  -19.280 0.6999999881
19792  -23.897  -61.025  -19.670 0.6999999881
19810  -21.895  -61.603  -20.012 0.5000000000
19842  -23.713  -62.136  -22.712 0.6999999881
19870  -25.563  -62.089  -24.570 0.6000000238
19891  -26.279  -61.638  -25.755 0.5000000000
19910  -27.006  -61.935  -26.468 0.6999999881
19929  -27.407  -61.776  -27.831 0.6000000238
19964  -27.533  -61.504  -29.281 0.6000000238
19968  -35.459  -60.856  -29.133 0.4000000060
19998  -35.461  -61.246  -32.043 0.5000000000
19999  -35.871  -61.406  -31.631 0.6000000238
20006  -35.591  -61.763  -32.258 0.6000000238
20007  -26.396  -62.067  -33.556 0.6000000238
20008  -28.239  -61.556  -33.812 0.6000000238
20013  -33.826  -61.710  -33.842 0.5000000000
20014  -34.566  -61.981  -33.380 0.6000000238
20015  -29.344  -61.615  -34.255 0.6000000238
20016  -30.377  -61.599  -34.723 0.6000000238
20793  -19.178  -61.248  -16.859 0.5000000000
20794  -19.896  -61.605  -16.840 0.5000000000
20808  -16.627  -60.697  -17.749 0.6000000238
20810  -18.935  -60.208  -17.496 0.6000000238
20818  -22.058  -60.394  -17.733 0.6000000238
20834  -24.486  -59.640  -19.979 0.8000000119
20854  -24.463  -60.564  -20.234 0.8000000119
20855  -24.554  -60.203  -20.750 0.8000000119
20867  -24.258  -60.793  -21.506 0.6999999881
20886  -23.541  -60.697  -22.446 0.6999999881
20914  -23.781  -60.461  -24.462 0.6000000238
20931  -23.828  -60.275  -25.937 0.8000000119
20933  -25.490  -60.979  -26.042 0.8000000119
20945  -25.683  -60.621  -26.898 0.8000000119
20946  -26.707  -61.041  -27.042 0.6999999881
20958  -26.212  -60.534  -27.841 0.8000000119
20959  -27.163  -60.937  -27.773 0.6000000238
20991  -27.421  -60.980  -30.015 0.6999999881
20996  -35.504  -60.882  -30.663 0.5000000000
20998  -26.966  -60.381  -30.837 0.6999999881
21003  -34.807  -60.685  -31.045 0.5000000000
21005  -26.684  -60.261  -31.791 0.6999999881
21006  -31.888  -60.552  -31.920 0.5000000000
21010  -26.758  -60.521  -32.348 0.6999999881
21011  -27.249  -60.433  -32.728 0.8000000119
21013  -32.066  -60.190  -32.749 0.5000000000
21015  -33.569  -61.127  -33.428 0.5000000000
21016  -34.354  -61.139  -32.837 0.5000000000
21018  -28.591  -60.483  -33.496 0.6000000238
21020  -30.553  -60.000  -33.861 0.5000000000
21021  -31.434  -59.963  -33.855 0.5000000000
21022  -32.700  -60.792  -33.825 0.5000000000
21832  -20.484  -59.116  -17.445 0.6999999881
21834  -22.305  -59.480  -17.582 0.6000000238
21845  -14.355  -59.512  -18.227 0.6000000238
21847  -16.423  -59.126  -18.310 0.6000000238
21848  -17.307  -58.989  -18.283 0.6000000238
21851  -23.574  -58.975  -18.352 0.8000000119
21861  -24.244  -59.097  -19.154 0.8000000119
21877  -23.420  -59.327  -21.006 0.5000000000
21903  -22.607  -59.788  -22.752 0.6000000238
21921  -22.988  -60.239  -23.136 0.6000000238
21935  -22.572  -59.566  -24.503 0.8000000119
21936  -23.196  -59.989  -24.067 0.6000000238
21949  -21.657  -59.486  -26.331 0.6999999881
21963  -23.064  -60.102  -26.708 0.8000000119
21964  -23.898  -60.153  -27.986 0.8000000119
21977  -21.556  -59.533  -27.176 0.6999999881
21978  -22.279  -59.814  -27.432 0.8000000119
21986  -22.319  -59.488  -28.316 0.6999999881
21988  -23.772  -59.791  -29.069 0.8000000119
21989  -24.506  -60.031  -29.683 0.8000000119
21993  -25.306  -60.069  -30.412 0.8000000119
21996  -23.107  -59.227  -30.725 0.6999999881
21997  -23.822  -59.113  -31.184 0.8000000119
21998  -24.956  -59.465  -31.307 0.8000000119
22002  -25.502  -59.134  -31.866 0.8000000119
22003  -26.270  -59.466  -31.993 0.6999999881
22004  -26.792  -59.193  -32.011 0.6999999881
22008  -29.590  -58.594  -33.305 0.6999999881
22009  -31.486  -59.466  -32.928 0.5000000000
22010  -32.032  -60.105  -33.520 0.5000000000
22770  -20.977  -58.166  -17.457 0.6999999881
22771  -21.751  -58.098  -17.569 0.6999999881
22772  -22.395  -58.539  -17.638 0.6999999881
22789  -17.637  -58.101  -18.418 0.6999999881
22791  -22.994  -58.237  -18.154 0.6999999881
22802  -23.131  -58.069  -18.772 0.6999999881
22803  -23.870  -58.545  -19.332 0.8000000119
22815  -19.728  -58.345  -20.713 0.6000000238
22817  -21.852  -58.253  -19.873 0.6000000238
22830  -21.382  -59.056  -21.390 0.6000000238
22843  -20.627  -58.775  -23.045 0.6000000238
22862  -20.421  -58.292  -24.378 0.6999999881
22864  -21.978  -59.366  -23.173 0.6000000238
22881  -20.359  -58.290  -25.192 0.6000000238
22883  -21.850  -59.258  -24.043 0.6999999881
22898  -20.350  -58.653  -26.191 0.6000000238
22899  -21.246  -59.293  -25.791 0.6000000238
22915  -20.351  -58.536  -27.287 0.6000000238
22926  -20.920  -59.100  -27.728 0.6000000238
22933  -22.421  -58.860  -29.320 0.6000000238
22936  -22.710  -58.798  -30.252 0.6000000238
22939  -23.965  -57.983  -30.626 0.6999999881
22949  -29.171  -57.894  -32.951 0.6999999881
22953  -30.469  -58.485  -33.258 0.5000000000
22954  -30.995  -58.739  -32.985 0.5000000000
23673  -18.871  -56.823  -17.570 0.6999999881
23674  -19.490  -57.554  -17.573 0.6999999881
23685  -12.842  -57.741  -18.987 0.6000000238
23686  -13.768  -57.826  -19.022 0.6000000238
23687  -14.622  -57.778  -18.990 0.6000000238
23689  -17.022  -57.438  -18.515 0.6999999881
23691  -22.173  -57.365  -18.322 0.6000000238
23697  -9.952  -56.264  -19.431 0.6000000238
23698  -10.925  -56.849  -19.505 0.6999999881
23702  -14.842  -57.170  -19.109 0.6999999881
23711  -17.167  -57.709  -21.145 0.5000000000
23712  -18.086  -57.900  -20.778 0.5000000000
23724  -18.700  -58.279  -21.302 0.6000000238
23748  -19.553  -57.999  -24.189 0.6000000238
23788  -19.002  -56.745  -26.349 0.5000000000
23817  -22.683  -58.280  -29.443 0.6000000238
23821  -23.179  -58.070  -30.178 0.6999999881
23828  -24.906  -57.999  -31.106 0.6999999881
23829  -25.948  -57.468  -31.417 0.6999999881
23852  -29.766  -56.849  -33.037 0.5000000000
23853  -30.490  -57.119  -32.969 0.5000000000
24587  -15.733  -55.856  -11.124 0.3000000119
24605  -16.075  -56.218  -11.563 0.3000000119
24606  -16.862  -56.074  -11.721 0.5000000000
24617  -15.591  -56.354  -12.153 0.3000000119
24624  -14.381  -56.121  -14.245 0.4000000060
24625  -14.577  -55.973  -13.477 0.4000000060
24628  -17.306  -56.107  -13.418 0.4000000060
24635  -16.004  -56.291  -13.872 0.3000000119
24636  -16.817  -56.180  -13.939 0.4000000060
24637  -17.458  -56.004  -13.978 0.4000000060
24672  -19.280  -55.843  -17.434 0.8000000119
24673  -20.289  -55.662  -17.668 0.6000000238
24675  -21.320  -56.364  -17.791 0.6000000238
24683  -21.517  -56.341  -18.168 0.5000000000
24692  -11.392  -56.017  -19.707 0.6999999881
24696  -21.127  -56.047  -18.807 0.6000000238
24697  -21.755  -56.780  -18.759 0.6999999881
24703  -17.117  -57.014  -20.608 0.5000000000
24705  -19.297  -57.407  -19.975 0.6000000238
24706  -20.327  -56.683  -19.534 0.6000000238
24710  -15.796  -56.511  -21.836 0.5000000000
24717  -16.936  -57.191  -22.916 0.5000000000
24724  -16.675  -56.315  -23.293 0.5000000000
24733  -18.010  -56.386  -25.084 0.5000000000
24742  -18.462  -56.320  -25.739 0.5000000000
24752  -19.421  -56.332  -26.686 0.5000000000
24826  -25.703  -57.154  -30.631 0.6000000238
24828  -27.457  -55.730  -31.440 0.5000000000
24843  -26.827  -56.840  -31.704 0.5000000000
24845  -29.986  -55.656  -32.196 0.5000000000
24858  -28.243  -56.535  -32.317 0.5000000000
24859  -29.059  -56.519  -32.573 0.5000000000
24860  -29.684  -56.055  -32.563 0.5000000000
25577  -15.061  -55.583  -10.821 0.3000000119
25578  -15.787  -55.375  -10.879 0.4000000060
25594  -13.956  -55.424  -11.236 0.3000000119
25597  -17.637  -55.528  -11.986 0.5000000000
25609  -14.022  -55.340  -12.417 0.4000000060
25619  -14.216  -55.658  -13.202 0.4000000060
25639  -17.865  -55.595  -14.251 0.4000000060
25640  -18.690  -55.412  -14.083 0.5000000000
25658  -17.065  -55.452  -14.561 0.4000000060
25669  -17.148  -54.927  -17.605 0.8000000119
25672  -20.137  -55.182  -18.144 0.6000000238
25673  -21.279  -55.967  -17.923 0.6000000238
25677  -9.863  -55.630  -19.275 0.6000000238
25678  -10.273  -55.121  -19.498 0.6999999881
25682  -17.255  -55.738  -17.725 0.8000000119
25693  -12.833  -55.371  -19.542 0.6999999881
25694  -14.001  -55.427  -19.215 0.6999999881
25702  -17.168  -55.822  -20.422 0.6000000238
25709  -15.084  -55.281  -22.083 0.6000000238
25815  -28.163  -55.686  -32.097 0.5000000000
25816  -28.907  -55.159  -32.106 0.5000000000
26519  -13.693  -55.150  -10.369 0.4000000060
26520  -14.401  -55.184  -10.413 0.4000000060
26539  -15.730  -54.540  -10.981 0.4000000060
26554  -18.052  -54.571  -12.896 0.5000000000
26563  -20.002  -54.361  -14.493 0.4000000060
26580  -17.816  -55.054  -14.737 0.4000000060
26601  -19.111  -54.634  -15.039 0.5000000000
26605  -11.982  -55.996  -16.603 0.5000000000
26614  -10.543  -54.759  -19.254 0.6000000238
26615  -14.736  -53.898  -18.501 0.8000000119
26617  -16.562  -53.777  -17.770 0.6999999881
26618  -19.051  -53.873  -18.327 0.5000000000
26619  -19.412  -54.328  -18.664 0.6000000238
26629  -11.038  -54.730  -19.590 0.6999999881
26632  -13.827  -53.329  -18.945 0.5000000000
26633  -18.774  -53.976  -19.684 0.5000000000
26634  -19.206  -53.814  -19.147 0.5000000000
26646  -15.515  -54.972  -21.250 0.6000000238
26663  -15.079  -55.030  -21.769 0.6000000238
26675  -14.982  -54.554  -22.114 0.5000000000
27554  -13.739  -54.812  -10.024 0.4000000060
27596  -18.578  -54.112  -13.302 0.5000000000
27617  -20.552  -53.829  -14.577 0.4000000060
27618  -21.153  -53.571  -15.158 0.3000000119
27643  -18.878  -54.018  -15.440 0.4000000060
27669  -11.768  -53.477  -19.176 0.5000000000
27674  -17.009  -52.706  -17.883 0.6000000238
27676  -18.670  -53.233  -18.661 0.6000000238
27688  -18.055  -52.700  -19.637 0.5000000000
27689  -18.802  -53.230  -19.196 0.5000000000
27703  -15.214  -53.187  -21.160 0.6000000238
27725  -15.991  -54.055  -22.814 0.5000000000
28550  -15.162  -53.028  -12.062 0.3000000119
28573  -16.949  -52.269  -13.440 0.3000000119
28577  -20.179  -53.347  -14.141 0.3000000119
28611  -14.382  -52.364  -15.459 0.6000000238
28613  -16.067  -53.117  -15.300 0.5000000000
28614  -16.981  -52.952  -15.317 0.5000000000
28615  -19.668  -53.689  -15.815 0.4000000060
28623  -11.538  -52.509  -17.340 0.5000000000
28645  -11.467  -52.222  -18.349 0.5000000000
28646  -12.363  -51.765  -19.066 0.5000000000
28647  -13.383  -51.698  -18.769 0.4000000060
28651  -17.709  -51.573  -18.844 0.6000000238
28679  -17.127  -52.336  -20.170 0.5000000000
28696  -15.157  -52.407  -21.439 0.6000000238
28704  -15.447  -52.786  -21.984 0.5000000000
28705  -17.600  -52.549  -23.283 0.4000000060
29496  -14.769  -52.007  -13.133 0.3000000119
29539  -16.291  -51.534  -15.544 0.4000000060
29573  -11.286  -51.304  -18.027 0.4000000060
29576  -14.125  -50.797  -18.394 0.4000000060
29590  -17.366  -50.960  -19.231 0.6000000238
29602  -16.981  -51.318  -20.015 0.5000000000
29617  -15.235  -51.541  -21.280 0.6000000238
29628  -16.595  -51.597  -22.636 0.4000000060
29629  -17.728  -51.616  -23.391 0.4000000060
29630  -18.239  -50.879  -23.380 0.4000000060
29637  -18.240  -51.553  -23.655 0.4000000060
29639  -19.396  -50.780  -23.381 0.4000000060
30516  -12.274  -50.051  -16.391 0.5000000000
30519  -15.425  -49.963  -16.075 0.4000000060
30557  -11.662  -50.632  -18.178 0.5000000000
30558  -11.995  -50.086  -18.221 0.4000000060
30559  -12.579  -49.575  -18.188 0.4000000060
30560  -13.608  -49.286  -18.311 0.4000000060
30562  -16.328  -50.290  -18.684 0.5000000000
30575  -16.204  -49.941  -19.318 0.5000000000
30606  -15.607  -50.628  -21.037 0.4000000060
30607  -15.987  -50.453  -21.495 0.4000000060
30626  -16.495  -50.680  -22.198 0.4000000060
31523  -11.586  -49.518  -17.338 0.4000000060
31526  -13.544  -48.549  -16.252 0.5000000000
31530  -18.876  -49.620  -16.631 0.4000000060
31538  -11.825  -49.036  -17.509 0.4000000060
31553  -11.989  -49.166  -17.859 0.4000000060
31568  -14.980  -48.296  -18.975 0.5000000000
31579  -16.218  -49.813  -20.250 0.4000000060
31596  -16.340  -49.920  -21.132 0.4000000060
31616  -16.585  -50.212  -21.714 0.4000000060
31638  -19.116  -49.600  -23.118 0.4000000060
31639  -20.359  -49.494  -23.946 0.4000000060
31660  -20.790  -49.027  -24.590 0.4000000060
32530  -12.902  -47.442  -16.563 0.5000000000
32543  -12.654  -47.127  -17.243 0.5000000000
32544  -17.692  -47.474  -17.095 0.3000000119
32557  -14.076  -47.568  -18.285 0.4000000060
32574  -16.791  -47.884  -20.297 0.4000000060
32577  -19.563  -48.307  -20.949 0.4000000060
32585  -17.390  -48.905  -21.082 0.4000000060
32588  -20.026  -48.367  -21.517 0.4000000060
32600  -18.649  -49.199  -22.403 0.4000000060
32602  -20.140  -48.422  -22.814 0.3000000119
32619  -21.026  -48.152  -24.061 0.3000000119
33498  -12.789  -46.831  -16.927 0.5000000000
33500  -14.362  -47.053  -16.437 0.5000000000
33501  -15.584  -47.223  -16.485 0.3000000119
33502  -16.703  -47.456  -16.884 0.4000000060
33507  -13.565  -46.569  -16.901 0.5000000000
33532  -15.342  -46.870  -19.478 0.4000000060
34589  -14.954  -45.949  -19.259 0.4000000060
34590  -15.531  -45.828  -19.672 0.4000000060
35646  -14.774  -45.525  -18.104 0.5000000000
35647  -15.458  -45.106  -17.754 0.4000000060
35648  -16.569  -45.017  -17.456 0.3000000119
129655  -32.218  -81.840  -28.689 0.3000000119
129840  -21.868  -75.157  -31.415 0.6999999881
130212  -20.485  -58.904  -22.187 0.6000000238
130384  -15.103  -56.202  -12.798 0.3000000119
130785  -32.064  -82.465  -22.179 0.3000000119
131062  -30.050  -82.627  -32.604 0.4000000060
131328  -11.760  -49.420  -16.830 0.5000000000
131462  -22.508  -58.812  -20.544 0.6000000238
131626  -15.102  -52.639  -21.244 0.6000000238
131657  -26.288  -73.336  -25.506 0.5000000000
132152  -29.216  -68.933  -28.438 0.6000000238
133107  -26.196  -75.425  -32.489 0.6999999881
133321  -30.418  -77.991  -34.821 0.5000000000
133796  -37.764  -77.765  -22.338 0.3000000119
133797  -31.638  -66.498  -32.920 0.5000000000
134053  -13.459  -46.964  -17.699 0.5000000000
134296  -30.907  -76.871  -36.571 0.4000000060
134815  -29.264  -65.454  -25.530 0.5000000000
134851  -33.823  -60.782  -31.565 0.5000000000
135018  -26.298  -72.777  -26.441 0.5000000000
135389  -24.117  -65.104  -23.556 0.6000000238
135562  -15.906  -48.890  -19.674 0.5000000000
136736  -26.568  -65.922  -30.074 0.6999999881
136965  -15.790  -51.303  -20.568 0.5000000000
137033  -35.890  -79.370  -18.198 0.3000000119
137126  -27.093  -71.917  -37.858 0.5000000000
137127  -31.061  -72.591  -33.799 0.6000000238
137218  -27.412  -60.805  -29.215 0.6999999881
137423  -30.323  -73.295  -34.951 0.6000000238
137511  -14.526  -49.986  -18.366 0.4000000060
137674  -24.021  -63.471  -23.007 0.6000000238
137929  -25.484  -63.104  -34.255 0.5000000000
137933  -31.217  -83.721  -22.741 0.3000000119
138017  -40.504  -75.529  -26.287 0.3000000119
138162  -30.033  -76.066  -39.258 0.5000000000
138271  -33.715  -79.561  -29.781 0.5000000000
138536  -27.936  -75.334  -34.592 0.6999999881
138548  -25.799  -62.747  -29.472 0.6999999881
138719  -25.337  -73.458  -30.612 0.6999999881
138763  -34.512  -78.813  -25.401 0.4000000060
138844  -28.574  -69.081  -34.335 0.6000000238
138848  -12.048  -49.067  -16.555 0.5000000000
139181  -20.510  -55.551  -18.541 0.5000000000
140018  -16.185  -51.307  -18.058 0.5000000000
140251  -39.198  -77.158  -27.790 0.5000000000
140345  -16.418  -56.793  -18.555 0.8000000119
140424  -26.848  -74.465  -39.033 0.5000000000
140530  -15.494  -56.818  -18.949 0.6999999881
140580  -17.948  -49.720  -16.479 0.4000000060
140658  -16.016  -58.514  -18.530 0.6999999881
140676  -20.991  -55.825  -17.821 0.6000000238
140696  -15.737  -53.404  -22.385 0.5000000000
140863  -35.258  -63.237  -30.120 0.5000000000
140868  -24.701  -65.405  -32.032 0.6999999881
140980  -16.218  -54.301  -20.722 0.6000000238
141354  -30.514  -65.717  -30.405 0.6000000238
141591  -30.976  -84.493  -23.171 0.3000000119
141893  -38.131  -78.434  -27.894 0.5000000000
142099  -29.522  -68.897  -29.306 0.6000000238
142213  -11.590  -52.919  -18.806 0.6000000238
142440  -32.116  -82.003  -25.217 0.4000000060
142497  -11.742  -51.458  -18.562 0.5000000000
142547  -15.134  -55.861  -18.951 0.8000000119
142653  -16.668  -56.149  -18.185 0.8000000119
142784  -15.736  -49.626  -18.856 0.4000000060
142973  -18.781  -55.226  -17.434 0.8000000119
143885  -20.927  -71.831  -34.674 0.6000000238
143973  -32.314  -72.704  -32.115 0.5000000000
144345  -17.687  -55.775  -12.876 0.4000000060
144348  -28.854  -73.252  -36.368 0.6000000238
144858  -29.316  -79.097  -33.601 0.5000000000
145264  -18.060  -54.094  -15.293 0.4000000060
146108  -21.273  -72.232  -35.066 0.5000000000
146123  -18.761  -59.357  -17.936 0.6000000238
146178  -30.538  -67.914  -33.856 0.5000000000
146947  -29.230  -66.556  -27.902 0.6000000238
147246  -28.474  -75.590  -32.550 0.6000000238
147354  -17.101  -49.766  -16.389 0.4000000060
147541  -17.777  -52.602  -15.545 0.4000000060
147587  -27.354  -63.939  -34.313 0.6000000238
147611  -29.797  -72.006  -39.063 0.5000000000
147721  -27.450  -62.208  -29.338 0.6000000238
147791  -27.467  -75.770  -31.145 0.6000000238
147841  -24.744  -75.532  -34.116 0.6999999881
147894  -27.131  -75.650  -29.719 0.4000000060
148003  -24.935  -62.538  -32.581 0.6000000238
148243  -26.211  -62.107  -25.111 0.6000000238
148421  -29.539  -62.225  -34.545 0.6000000238
148436  -16.832  -57.616  -22.024 0.5000000000
148660  -32.445  -79.003  -32.301 0.6000000238
148807  -29.515  -67.519  -34.039 0.6000000238
148831  -29.594  -68.277  -34.060 0.6000000238
148967  -14.060  -46.480  -17.870 0.5000000000
149227  -34.556  -72.819  -35.146 0.5000000000
149388  -27.288  -62.967  -34.461 0.6000000238
149518  -16.317  -55.389  -14.829 0.4000000060
149771  -19.110  -55.114  -13.863 0.5000000000
150227  -23.808  -64.742  -23.019 0.6000000238
150361  -27.250  -73.457  -29.658 0.6000000238
150473  -28.403  -72.543  -36.606 0.6000000238
150847  -27.801  -70.944  -34.470 0.6000000238
150861  -11.535  -51.344  -17.396 0.5000000000
150873  -26.873  -62.886  -28.157 0.6999999881
150956  -22.371  -59.192  -29.036 0.6999999881
151082  -20.182  -59.776  -17.367 0.6000000238
151263  -29.432  -76.136  -39.230 0.5000000000
151442  -32.691  -79.523  -34.789 0.6000000238
151650  -35.866  -62.388  -30.994 0.6000000238
151899  -11.142  -53.385  -18.384 0.6000000238
151959  -18.598  -74.149  -32.961 0.6999999881
152081  -13.548  -52.551  -15.781 0.5000000000
152097  -21.000  -53.417  -16.366 0.3000000119
152170  -27.915  -73.238  -31.885 0.6999999881
152189  -17.254  -52.232  -23.128 0.4000000060
152194  -26.370  -66.100  -29.261 0.6999999881
152568  -23.978  -62.846  -29.180 0.6000000238
152853  -33.491  -71.877  -38.065 0.5000000000
152926  -29.740  -66.582  -33.863 0.6000000238
153055  -31.506  -64.608  -34.312 0.6000000238
153717  -28.810  -72.125  -30.653 0.6000000238
154142  -37.941  -78.910  -22.747 0.4000000060
154158  -29.939  -73.724  -34.708 0.6000000238
154606  -26.518  -71.971  -37.963 0.4000000060
154608  -31.670  -83.830  -22.589 0.3000000119
154797  -34.013  -72.112  -37.258 0.5000000000
154817  -21.703  -57.139  -19.161 0.6999999881
154906  -20.665  -71.895  -34.787 0.5000000000
154957  -24.678  -71.781  -34.048 0.6999999881
154959  -31.792  -84.025  -22.796 0.3000000119
155111  -28.997  -75.082  -31.708 0.4000000060
155276  -17.914  -50.513  -22.869 0.4000000060
155349  -17.106  -54.190  -17.622 0.6999999881
155353  -19.510  -56.536  -19.754 0.6000000238
155399  -18.677  -57.655  -20.372 0.6000000238
155406  -23.055  -63.097  -21.558 0.6000000238
155558  -32.759  -64.161  -30.650 0.6000000238
155618  -31.259  -81.898  -32.170 0.4000000060
155737  -15.362  -55.746  -14.877 0.4000000060
155858  -36.008  -61.722  -31.136 0.6000000238
155889  -22.935  -75.414  -34.631 0.6999999881
155964  -31.857  -82.224  -31.059 0.4000000060
155988  -17.029  -55.478  -11.463 0.5000000000
156080  -21.074  -56.718  -17.567 0.6000000238
156117  -28.873  -68.572  -34.296 0.6000000238
156303  -14.474  -45.958  -18.207 0.5000000000
156352  -38.215  -78.180  -25.537 0.5000000000
