#!ascii label  , from subject sub125 vox2ras=TkReg
1627
4613  -35.898  -78.247  -31.805 0.5000000000
5301  -35.135  -77.513  -32.202 0.6000000238
148800  -40.424  -74.803  -25.091 0.3000000119
5978  -33.557  -76.768  -32.134 0.5000000000
6738  -40.468  -75.511  -27.749 0.4000000060
7576  -41.216  -74.388  -26.604 0.4000000060
7562  -41.198  -74.193  -26.014 0.4000000060
7561  -40.678  -74.184  -25.399 0.3000000119
7591  -41.175  -74.486  -27.185 0.4000000060
6790  -37.248  -76.065  -32.955 0.5000000000
5981  -36.764  -76.668  -33.162 0.5000000000
5302  -36.129  -77.777  -32.724 0.5000000000
5970  -36.917  -75.831  -31.780 0.6000000238
5969  -36.110  -76.246  -32.324 0.5000000000
5979  -34.453  -76.655  -32.279 0.6000000238
7549  -39.288  -74.237  -24.481 0.3000000119
5990  -34.327  -75.897  -32.491 0.5000000000
6753  -40.426  -75.424  -28.681 0.5000000000
5960  -39.992  -76.055  -28.334 0.5000000000
7550  -40.069  -74.246  -24.894 0.3000000119
132672  -35.381  -75.561  -32.106 0.6000000238
5989  -33.471  -76.356  -32.592 0.5000000000
7607  -41.333  -74.037  -28.747 0.5000000000
6754  -40.917  -74.728  -28.036 0.4000000060
150024  -41.449  -73.925  -26.619 0.4000000060
8476  -40.953  -73.354  -25.685 0.3000000119
8465  -40.229  -73.472  -25.153 0.3000000119
7622  -41.303  -74.095  -29.837 0.4000000060
138016  -41.486  -73.988  -27.818 0.4000000060
8490  -41.563  -73.442  -27.045 0.4000000060
129311  -41.612  -73.372  -28.504 0.4000000060
8533  -38.847  -73.732  -32.089 0.6999999881
7637  -38.318  -74.530  -32.603 0.6999999881
6791  -37.694  -75.348  -32.784 0.6999999881
4615  -37.503  -78.060  -32.115 0.5000000000
9451  -38.500  -72.698  -30.592 0.6999999881
131263  -38.697  -73.563  -30.118 0.6999999881
7636  -38.328  -74.990  -31.225 0.8000000119
6774  -37.703  -75.497  -31.352 0.5000000000
4607  -38.304  -77.807  -31.396 0.5000000000
6761  -38.205  -75.137  -29.872 0.6999999881
137259  -39.278  -76.992  -30.604 0.4000000060
150697  -40.027  -76.003  -30.119 0.5000000000
8463  -38.677  -73.368  -24.347 0.3000000119
134335  -37.223  -75.178  -29.609 0.6000000238
5972  -40.315  -75.495  -30.775 0.5000000000
6762  -40.437  -75.472  -29.668 0.5000000000
9396  -39.021  -72.595  -24.510 0.3000000119
145893  -36.857  -75.427  -30.846 0.5000000000
7621  -40.786  -74.913  -30.040 0.5000000000
8534  -41.551  -72.963  -30.939 0.4000000060
8514  -41.720  -73.126  -30.025 0.4000000060
9421  -41.608  -72.752  -27.701 0.4000000060
9414  -41.446  -72.877  -26.783 0.4000000060
9404  -41.240  -72.900  -26.123 0.4000000060
9440  -41.754  -72.455  -29.825 0.3000000119
148022  -41.710  -72.866  -29.202 0.4000000060
11367  -36.257  -70.516  -31.640 0.5000000000
10361  -36.765  -71.099  -30.947 0.6000000238
11368  -36.949  -70.772  -31.999 0.6000000238
10376  -38.311  -71.790  -32.003 0.6000000238
9462  -38.763  -72.491  -31.631 0.6000000238
11353  -34.703  -70.371  -31.032 0.5000000000
11341  -35.336  -70.743  -30.110 0.5000000000
11354  -35.855  -70.632  -30.895 0.6000000238
10362  -37.403  -71.665  -30.720 0.6000000238
9450  -37.731  -72.203  -30.077 0.6999999881
5991  -37.515  -76.649  -33.479 0.6000000238
7536  -35.797  -74.074  -21.303 0.3000000119
10339  -33.414  -71.208  -28.338 0.6999999881
11340  -34.784  -70.725  -29.439 0.6000000238
10350  -35.776  -70.984  -29.185 0.6000000238
10351  -36.372  -71.194  -29.935 0.6000000238
10352  -37.221  -71.743  -29.420 0.6999999881
9439  -38.558  -73.394  -29.071 0.6999999881
6824  -38.725  -75.223  -33.904 0.6000000238
6809  -38.365  -75.956  -33.729 0.6000000238
5295  -38.877  -77.125  -31.789 0.5000000000
11327  -33.189  -70.693  -29.058 0.6999999881
10340  -34.528  -71.371  -27.893 0.6000000238
149524  -35.471  -71.410  -27.898 0.6000000238
134632  -36.031  -71.356  -28.371 0.6000000238
9428  -37.673  -72.643  -27.979 0.6999999881
7590  -38.008  -74.579  -28.138 0.6999999881
5971  -39.651  -76.371  -31.079 0.5000000000
8456  -37.857  -73.440  -23.882 0.3000000119
10338  -32.595  -70.960  -28.507 0.6999999881
152100  -32.790  -71.437  -27.959 0.6000000238
10329  -33.523  -71.710  -27.563 0.6999999881
9419  -36.052  -72.386  -26.766 0.6000000238
9413  -36.535  -73.230  -26.728 0.6000000238
6751  -37.578  -75.347  -29.028 0.6999999881
6792  -39.559  -75.516  -33.160 0.5000000000
6793  -40.346  -75.118  -31.947 0.5000000000
10322  -34.453  -71.917  -26.956 0.6000000238
9412  -35.836  -73.039  -26.195 0.6000000238
7589  -36.877  -74.304  -27.466 0.6000000238
7620  -36.831  -74.863  -28.810 0.6000000238
7635  -36.635  -74.645  -29.977 0.6000000238
7660  -40.180  -74.662  -32.935 0.5000000000
151066  -39.698  -72.833  -24.900 0.3000000119
9409  -32.929  -72.277  -26.160 0.6999999881
10321  -33.574  -72.185  -26.735 0.6000000238
10323  -35.194  -72.395  -26.322 0.6000000238
8481  -36.032  -73.795  -26.445 0.6000000238
7575  -36.058  -74.277  -26.906 0.5000000000
7588  -35.497  -74.425  -27.297 0.5000000000
8530  -35.301  -73.338  -30.264 0.5000000000
8553  -36.053  -73.918  -30.697 0.5000000000
7651  -41.225  -73.493  -31.635 0.5000000000
139068  -41.286  -70.896  -30.417 0.3000000119
140931  -41.555  -71.598  -30.076 0.3000000119
146249  -41.575  -71.727  -29.455 0.3000000119
10332  -41.513  -71.999  -28.084 0.4000000060
132534  -41.318  -72.123  -27.191 0.4000000060
8552  -35.480  -73.140  -31.181 0.5000000000
146253  -41.509  -71.487  -30.750 0.3000000119
10364  -41.710  -72.024  -30.411 0.3000000119
132200  -41.620  -72.386  -28.489 0.4000000060
12266  -34.334  -69.385  -32.567 0.5000000000
11383  -35.056  -69.698  -32.695 0.5000000000
11384  -36.187  -70.112  -32.632 0.5000000000
13088  -33.609  -68.561  -31.445 0.5000000000
12249  -33.562  -69.391  -31.219 0.5000000000
11365  -33.927  -69.973  -31.288 0.5000000000
11366  -35.393  -70.213  -31.860 0.5000000000
10387  -38.479  -71.558  -33.026 0.6000000238
9470  -38.922  -72.237  -32.684 0.6000000238
12234  -33.013  -69.628  -30.393 0.5000000000
7659  -38.234  -74.541  -33.649 0.8000000119
8418  -36.331  -73.575  -19.842 0.3000000119
12221  -32.686  -69.569  -29.573 0.6000000238
11326  -32.702  -70.206  -28.967 0.6000000238
11351  -33.304  -70.188  -30.337 0.6000000238
145739  -39.780  -72.580  -33.776 0.4000000060
129332  -36.106  -73.134  -20.862 0.3000000119
131700  -32.030  -70.293  -28.279 0.6999999881
140313  -39.894  -74.141  -33.431 0.5000000000
150054  -38.002  -74.849  -34.114 0.6000000238
9385  -36.669  -72.890  -22.858 0.3000000119
9386  -37.244  -72.668  -23.397 0.3000000119
11300  -31.535  -70.547  -26.900 0.6999999881
135915  -40.119  -73.030  -33.666 0.4000000060
9387  -38.087  -72.341  -23.935 0.3000000119
11301  -31.870  -71.309  -27.157 0.6000000238
10320  -32.611  -71.805  -27.203 0.6999999881
153584  -40.384  -73.480  -33.323 0.4000000060
9398  -40.242  -72.620  -25.257 0.3000000119
10319  -31.678  -71.126  -26.379 0.6000000238
10305  -31.685  -71.355  -25.325 0.6999999881
149120  -34.361  -72.407  -26.350 0.6000000238
7560  -35.084  -74.030  -25.849 0.5000000000
131046  -35.075  -74.482  -26.624 0.5000000000
156408  -35.128  -73.871  -28.594 0.6000000238
9472  -41.095  -72.237  -32.564 0.4000000060
8556  -41.349  -72.819  -31.996 0.4000000060
12252  -40.601  -69.993  -32.002 0.3000000119
11369  -41.191  -70.819  -31.234 0.3000000119
12222  -40.916  -70.114  -29.932 0.3000000119
11317  -41.296  -71.295  -28.400 0.4000000060
9403  -40.723  -72.393  -25.713 0.3000000119
9401  -33.085  -73.027  -25.514 0.6000000238
7558  -33.629  -74.512  -25.811 0.5000000000
7572  -33.617  -74.981  -26.470 0.5000000000
154255  -34.857  -74.565  -27.155 0.5000000000
7618  -34.330  -73.744  -28.830 0.5000000000
8511  -34.340  -73.461  -29.760 0.6000000238
153677  -34.989  -72.667  -31.281 0.5000000000
147391  -41.471  -72.121  -31.722 0.3000000119
11386  -40.909  -70.917  -32.141 0.3000000119
8474  -33.964  -73.837  -25.627 0.5000000000
136845  -33.739  -74.751  -27.660 0.5000000000
7617  -33.472  -73.973  -29.282 0.5000000000
145033  -32.695  -74.258  -29.716 0.5000000000
149637  -34.781  -67.278  -31.580 0.5000000000
13089  -33.922  -68.233  -32.136 0.5000000000
146403  -34.953  -69.001  -33.149 0.5000000000
12296  -36.016  -68.378  -33.576 0.5000000000
12267  -35.861  -69.443  -33.238 0.5000000000
11397  -36.806  -69.923  -33.506 0.5000000000
13941  -33.234  -68.012  -30.095 0.5000000000
12265  -33.919  -68.997  -32.064 0.5000000000
136272  -37.957  -70.167  -34.500 0.4000000060
13076  -33.154  -68.761  -30.718 0.5000000000
11398  -38.501  -70.755  -34.545 0.4000000060
7498  -36.844  -73.817  -18.905 0.3000000119
8419  -37.044  -73.045  -19.290 0.3000000119
13940  -33.026  -68.048  -29.174 0.6000000238
10398  -38.492  -71.213  -33.959 0.4000000060
9484  -39.258  -71.888  -33.733 0.4000000060
13058  -32.527  -68.389  -28.590 0.6000000238
12212  -32.444  -69.387  -28.768 0.6000000238
9361  -36.431  -72.626  -21.535 0.3000000119
9362  -36.857  -72.030  -21.698 0.3000000119
12199  -31.609  -69.716  -27.449 0.6000000238
152237  -39.973  -72.194  -34.076 0.4000000060
133991  -31.282  -68.925  -26.007 0.6000000238
9498  -40.237  -71.604  -34.161 0.4000000060
9486  -40.577  -72.108  -33.483 0.4000000060
10292  -38.821  -71.689  -24.176 0.3000000119
148065  -31.276  -69.667  -25.981 0.6999999881
155186  -40.760  -71.683  -32.990 0.3000000119
12269  -40.539  -70.209  -33.021 0.3000000119
13987  -34.368  -67.851  -32.692 0.5000000000
13102  -34.790  -68.202  -33.194 0.5000000000
14003  -35.508  -67.872  -33.362 0.5000000000
14020  -36.674  -68.034  -34.014 0.4000000060
13955  -33.589  -67.961  -30.855 0.5000000000
13122  -37.258  -68.672  -34.514 0.4000000060
12298  -37.519  -69.496  -34.498 0.4000000060
134025  -34.663  -67.167  -30.176 0.6000000238
11409  -38.513  -70.365  -34.857 0.4000000060
11410  -39.067  -70.877  -34.856 0.4000000060
9347  -37.234  -72.408  -20.477 0.3000000119
9327  -37.535  -72.636  -19.708 0.3000000119
13047  -31.754  -68.088  -27.339 0.6000000238
10408  -39.571  -71.263  -34.596 0.4000000060
9497  -39.904  -71.701  -34.354 0.4000000060
10409  -39.932  -71.164  -34.626 0.4000000060
11399  -40.556  -70.340  -33.946 0.4000000060
130933  -40.678  -71.045  -33.189 0.3000000119
12178  -31.069  -69.647  -25.312 0.6000000238
138636  -34.826  -67.325  -32.361 0.5000000000
13989  -35.726  -67.241  -33.154 0.5000000000
14897  -36.472  -66.856  -33.317 0.4000000060
14019  -36.109  -67.954  -33.578 0.4000000060
13957  -35.207  -67.203  -30.848 0.5000000000
13970  -35.648  -67.045  -31.696 0.5000000000
14021  -37.644  -67.935  -34.752 0.4000000060
151537  -34.245  -67.169  -29.591 0.6000000238
139604  -34.999  -67.154  -29.376 0.6000000238
13943  -36.436  -67.207  -29.853 0.6000000238
12307  -37.882  -69.022  -35.134 0.4000000060
135813  -33.651  -67.426  -29.412 0.6000000238
13933  -34.299  -67.164  -28.716 0.6000000238
12308  -38.745  -69.470  -35.364 0.4000000060
12309  -39.491  -69.870  -35.292 0.4000000060
13931  -32.885  -67.678  -28.386 0.6000000238
10417  -39.850  -70.733  -34.828 0.4000000060
12299  -40.381  -69.257  -34.841 0.4000000060
142797  -40.324  -70.103  -34.624 0.4000000060
13123  -40.667  -68.599  -34.511 0.4000000060
10257  -37.111  -71.819  -22.369 0.3000000119
141670  -37.411  -71.570  -21.860 0.3000000119
153336  -31.998  -67.573  -27.334 0.6000000238
12287  -40.565  -69.515  -33.778 0.4000000060
10277  -39.024  -70.920  -23.794 0.3000000119
10275  -37.441  -71.790  -23.101 0.3000000119
13038  -31.457  -67.989  -26.466 0.6000000238
12177  -31.006  -68.749  -25.129 0.6000000238
14786  -30.779  -66.208  -25.222 0.6999999881
13901  -32.069  -66.584  -26.344 0.6999999881
13020  -31.086  -67.983  -25.495 0.6000000238
15721  -32.356  -65.306  -25.560 0.6999999881
132668  -30.215  -65.708  -24.979 0.6000000238
14788  -32.651  -66.040  -25.674 0.6999999881
14775  -34.266  -66.599  -24.808 0.6000000238
15719  -30.492  -64.997  -25.238 0.6999999881
16730  -33.190  -64.975  -25.545 0.6999999881
14880  -36.266  -66.693  -32.354 0.5000000000
144364  -36.684  -66.383  -32.874 0.5000000000
13958  -36.220  -67.125  -30.640 0.5000000000
14864  -37.409  -66.358  -30.743 0.5000000000
15850  -37.816  -65.616  -33.303 0.5000000000
14914  -37.656  -66.330  -33.780 0.4000000060
14924  -37.988  -66.931  -34.329 0.4000000060
145276  -35.994  -67.246  -29.225 0.6000000238
13944  -36.812  -67.081  -29.210 0.6000000238
14863  -37.105  -66.916  -30.149 0.6000000238
15781  -37.809  -66.191  -29.984 0.6000000238
14022  -38.562  -67.576  -35.068 0.4000000060
13932  -33.422  -67.393  -28.556 0.6000000238
13935  -37.164  -66.933  -28.424 0.6000000238
14850  -37.971  -66.027  -29.012 0.6000000238
13133  -38.527  -68.495  -35.353 0.4000000060
131478  -32.913  -67.271  -27.769 0.6000000238
13920  -34.843  -67.266  -27.688 0.6000000238
13921  -35.863  -67.306  -27.587 0.6000000238
13922  -36.915  -67.163  -27.391 0.6000000238
14839  -37.653  -66.699  -27.859 0.6000000238
13135  -40.243  -68.559  -35.291 0.4000000060
14025  -41.879  -67.027  -34.288 0.4000000060
155930  -33.152  -67.131  -27.358 0.6000000238
132501  -35.332  -67.555  -26.780 0.6000000238
140223  -36.139  -67.448  -26.783 0.6000000238
14809  -37.344  -66.977  -26.640 0.6000000238
136937  -38.598  -65.807  -26.093 0.6000000238
13136  -40.745  -68.021  -34.831 0.4000000060
13112  -40.962  -68.111  -34.184 0.4000000060
13917  -32.276  -67.252  -27.187 0.6000000238
13903  -34.188  -67.605  -26.038 0.5000000000
13905  -35.783  -67.725  -26.024 0.6000000238
14790  -37.447  -66.967  -25.875 0.6000000238
14791  -38.104  -66.415  -25.585 0.6000000238
15711  -38.987  -65.674  -24.751 0.6999999881
13877  -31.207  -67.130  -25.811 0.6999999881
13918  -32.695  -67.010  -26.967 0.6000000238
13878  -34.542  -67.608  -25.436 0.6000000238
13880  -36.261  -67.632  -25.316 0.6000000238
14779  -38.322  -66.269  -24.728 0.6000000238
140088  -39.367  -65.451  -24.139 0.6000000238
139873  -40.623  -64.711  -23.865 0.6000000238
13847  -37.170  -67.149  -24.122 0.6000000238
131235  -37.817  -66.632  -23.962 0.6000000238
14770  -38.681  -65.889  -23.811 0.6000000238
16708  -40.214  -64.724  -23.229 0.6000000238
13859  -34.279  -67.214  -25.051 0.6000000238
13862  -36.038  -67.556  -24.562 0.6000000238
14769  -37.152  -66.822  -23.315 0.5000000000
14761  -37.981  -66.298  -23.047 0.6000000238
15696  -39.565  -64.962  -22.778 0.6000000238
13845  -35.942  -67.274  -23.933 0.5000000000
16729  -32.007  -64.698  -25.728 0.6999999881
16731  -34.555  -65.251  -25.147 0.6999999881
15709  -34.874  -66.306  -24.205 0.5000000000
15710  -35.320  -66.606  -23.711 0.6000000238
14768  -36.379  -66.889  -23.299 0.5000000000
129769  -37.849  -65.947  -22.224 0.5000000000
15704  -35.533  -66.144  -22.954 0.6000000238
22000  -30.421  -59.614  -30.503 0.6000000238
19984  -30.634  -61.093  -29.848 0.6000000238
19997  -31.967  -61.013  -31.245 0.6000000238
14881  -37.014  -66.157  -32.198 0.5000000000
145900  -37.363  -66.053  -31.455 0.5000000000
15837  -37.828  -65.316  -32.776 0.5000000000
155369  -38.390  -65.982  -33.820 0.5000000000
14840  -38.169  -66.099  -28.198 0.5000000000
15782  -38.303  -65.401  -29.598 0.5000000000
16780  -39.243  -64.427  -28.620 0.5000000000
14925  -38.941  -66.821  -34.522 0.4000000060
15866  -40.467  -66.160  -34.232 0.4000000060
15767  -38.581  -65.255  -28.626 0.5000000000
131549  -39.533  -64.257  -28.023 0.5000000000
14034  -39.865  -67.985  -35.514 0.4000000060
14934  -40.584  -67.196  -35.098 0.4000000060
14928  -41.682  -66.784  -34.470 0.4000000060
15736  -39.081  -65.189  -26.559 0.5000000000
16768  -39.544  -64.539  -27.204 0.5000000000
16767  -39.080  -64.825  -27.887 0.5000000000
14036  -40.882  -67.266  -34.923 0.4000000060
142631  -39.209  -65.336  -25.637 0.6000000238
16734  -40.659  -64.527  -25.554 0.6000000238
16718  -40.467  -64.806  -24.679 0.6000000238
156269  -41.106  -64.469  -24.897 0.5000000000
17734  -40.457  -63.996  -22.912 0.4000000060
17748  -41.056  -63.525  -23.377 0.4000000060
18833  -41.783  -62.983  -23.875 0.4000000060
17732  -39.020  -63.865  -21.932 0.6000000238
17733  -39.726  -63.742  -22.427 0.6000000238
18831  -40.126  -62.390  -23.030 0.5000000000
19862  -40.551  -61.883  -23.506 0.4000000060
19863  -41.390  -62.245  -23.677 0.4000000060
20919  -40.659  -60.540  -23.900 0.4000000060
16727  -30.470  -64.537  -25.755 0.6999999881
144723  -38.247  -65.188  -21.719 0.6000000238
19846  -39.332  -62.217  -22.787 0.5000000000
20903  -40.106  -61.092  -23.856 0.4000000060
16716  -35.044  -65.420  -24.348 0.6000000238
14747  -36.894  -66.188  -21.779 0.5000000000
15687  -37.363  -65.726  -21.530 0.5000000000
18814  -38.990  -62.999  -22.223 0.5000000000
19845  -38.987  -61.654  -22.925 0.5000000000
19861  -39.581  -61.552  -23.394 0.4000000060
20902  -39.374  -60.702  -23.768 0.4000000060
132829  -35.155  -65.765  -23.639 0.6000000238
16671  -37.223  -64.428  -20.770 0.5000000000
143760  -30.051  -57.818  -29.660 0.6999999881
21995  -29.994  -59.490  -29.668 0.6000000238
22935  -29.689  -58.480  -28.526 0.6999999881
144648  -29.943  -60.243  -29.170 0.6000000238
153196  -28.933  -58.907  -27.547 0.6000000238
19966  -31.460  -61.222  -29.366 0.6000000238
19946  -29.870  -61.055  -28.015 0.6000000238
20960  -28.720  -60.174  -26.862 0.6000000238
21965  -28.557  -59.502  -26.537 0.6000000238
21937  -28.193  -59.734  -24.686 0.6000000238
20993  -33.020  -60.786  -30.113 0.5000000000
19948  -31.503  -61.158  -28.461 0.6000000238
19931  -30.497  -61.126  -27.379 0.6000000238
20961  -29.003  -60.717  -26.841 0.6000000238
20934  -28.330  -60.386  -25.232 0.6000000238
136037  -38.522  -65.258  -33.199 0.5000000000
20994  -33.916  -60.550  -29.636 0.5000000000
19949  -32.283  -61.007  -28.809 0.5000000000
19895  -29.880  -61.289  -25.651 0.5000000000
19872  -28.625  -61.111  -24.899 0.5000000000
15800  -37.866  -65.546  -30.920 0.4000000060
15801  -38.543  -64.872  -30.432 0.5000000000
150099  -38.975  -65.432  -33.504 0.5000000000
15865  -39.397  -66.110  -34.022 0.4000000060
20962  -33.166  -60.585  -28.290 0.5000000000
19933  -32.290  -60.803  -27.884 0.5000000000
150619  -31.086  -61.083  -25.628 0.5000000000
19873  -29.299  -61.463  -24.961 0.5000000000
141601  -39.302  -64.182  -30.188 0.5000000000
15852  -40.893  -65.518  -33.735 0.4000000060
15853  -42.026  -65.700  -33.903 0.4000000060
15854  -42.964  -66.104  -33.570 0.4000000060
141811  -34.624  -60.604  -29.224 0.5000000000
143158  -33.177  -60.654  -27.362 0.5000000000
19896  -31.441  -61.495  -24.768 0.6000000238
15867  -41.537  -66.262  -34.338 0.4000000060
19935  -35.229  -61.127  -27.201 0.6000000238
19915  -33.036  -60.918  -26.477 0.6000000238
152477  -31.985  -61.112  -25.323 0.6999999881
16769  -40.118  -64.072  -27.275 0.4000000060
16754  -40.993  -64.208  -26.181 0.5000000000
130219  -33.357  -63.574  -29.219 0.6000000238
16735  -41.407  -64.182  -25.491 0.5000000000
18846  -42.448  -62.672  -24.648 0.4000000060
17824  -32.887  -63.662  -28.498 0.6000000238
17756  -42.041  -63.429  -24.566 0.4000000060
17805  -32.373  -63.636  -27.535 0.6000000238
153944  -33.346  -63.977  -26.328 0.6000000238
20920  -41.811  -60.575  -23.865 0.4000000060
16751  -35.935  -64.142  -25.646 0.6000000238
16749  -32.736  -64.281  -25.954 0.6999999881
16707  -35.144  -65.211  -23.255 0.6000000238
16691  -35.164  -65.434  -22.400 0.6000000238
15694  -35.716  -65.914  -22.077 0.5000000000
15679  -36.963  -65.275  -20.884 0.5000000000
145402  -29.954  -57.860  -28.918 0.6999999881
22934  -29.253  -58.314  -27.783 0.6999999881
23790  -29.110  -57.762  -26.257 0.6000000238
22901  -28.691  -58.739  -26.025 0.6000000238
22902  -29.161  -58.040  -25.393 0.6000000238
22884  -28.584  -58.878  -25.073 0.6000000238
22845  -28.462  -59.167  -23.120 0.6999999881
21905  -28.270  -60.021  -22.778 0.6000000238
20916  -28.135  -60.636  -24.319 0.6000000238
16807  -39.130  -64.162  -31.123 0.5000000000
16823  -38.942  -64.313  -32.038 0.5000000000
15838  -38.739  -64.793  -32.681 0.5000000000
139724  -39.270  -64.407  -32.445 0.5000000000
19858  -28.516  -61.479  -23.959 0.6000000238
20868  -28.473  -60.783  -22.445 0.5000000000
16824  -39.654  -63.952  -32.055 0.5000000000
16858  -40.233  -64.775  -33.088 0.5000000000
16859  -41.305  -64.873  -33.277 0.4000000060
140021  -30.955  -61.921  -24.125 0.6000000238
19859  -30.136  -61.997  -23.774 0.6000000238
19824  -28.751  -61.344  -22.139 0.5000000000
16795  -39.521  -63.940  -29.313 0.5000000000
146876  -35.088  -63.331  -28.859 0.6000000238
18914  -36.269  -62.201  -28.736 0.4000000060
151821  -36.010  -61.539  -27.468 0.6000000238
129380  -32.912  -61.305  -25.566 0.6000000238
19875  -31.832  -61.991  -24.083 0.6000000238
18810  -29.640  -62.163  -22.557 0.6000000238
17811  -40.408  -63.555  -27.719 0.4000000060
133013  -40.170  -63.408  -28.389 0.4000000060
17827  -36.016  -62.985  -28.594 0.5000000000
18897  -36.529  -62.108  -27.281 0.5000000000
19917  -35.014  -61.357  -26.282 0.6000000238
19916  -33.912  -61.329  -26.036 0.6999999881
19877  -33.356  -61.894  -24.844 0.6000000238
18842  -32.828  -62.180  -24.156 0.6000000238
18826  -31.066  -62.401  -23.204 0.6000000238
17787  -40.755  -63.877  -26.916 0.5000000000
17825  -34.037  -63.505  -28.518 0.6000000238
18876  -36.301  -62.186  -25.916 0.6000000238
19899  -34.780  -61.705  -25.479 0.6000000238
18828  -33.274  -62.751  -23.524 0.6000000238
18813  -31.934  -62.909  -22.559 0.6000000238
18812  -31.100  -62.787  -22.073 0.6000000238
150638  -41.839  -63.638  -26.254 0.4000000060
17807  -35.365  -63.694  -27.262 0.5000000000
17809  -36.545  -62.722  -27.083 0.6000000238
18858  -35.532  -62.203  -24.860 0.6000000238
17746  -33.492  -63.384  -22.882 0.6000000238
17730  -32.705  -63.500  -22.135 0.6000000238
17806  -34.270  -63.631  -27.552 0.6000000238
152601  -34.525  -63.996  -26.613 0.6000000238
17785  -36.289  -63.451  -25.872 0.6000000238
18830  -35.276  -63.560  -23.761 0.6000000238
18829  -34.348  -63.081  -23.531 0.6000000238
129318  -35.432  -64.257  -23.717 0.6000000238
16717  -35.459  -64.594  -24.147 0.6000000238
15677  -35.580  -65.274  -20.955 0.5000000000
16670  -36.423  -64.688  -20.538 0.5000000000
24790  -30.025  -56.115  -28.933 0.6999999881
143589  -29.853  -56.486  -27.729 0.6999999881
26772  -28.580  -55.160  -29.577 0.6999999881
26761  -29.217  -55.266  -27.555 0.6999999881
24789  -30.015  -55.902  -28.055 0.6999999881
24754  -29.619  -56.253  -26.946 0.6999999881
23773  -29.585  -57.028  -25.514 0.6000000238
23760  -29.637  -57.495  -24.173 0.6000000238
23736  -29.447  -57.771  -22.548 0.5000000000
145752  -29.052  -58.230  -23.491 0.6999999881
22846  -28.851  -58.567  -22.591 0.5000000000
22832  -29.066  -58.492  -21.747 0.5000000000
147002  -29.047  -59.322  -21.117 0.5000000000
133729  -40.030  -63.525  -31.559 0.4000000060
17882  -40.415  -63.586  -32.074 0.5000000000
17883  -41.214  -63.503  -32.374 0.5000000000
16840  -40.723  -64.150  -32.638 0.5000000000
139326  -42.084  -63.685  -32.559 0.4000000060
17828  -40.048  -63.323  -29.149 0.4000000060
17869  -40.622  -63.052  -31.461 0.4000000060
19825  -29.194  -61.545  -21.572 0.6000000238
18811  -30.326  -62.410  -22.372 0.6000000238
18795  -30.538  -62.371  -21.538 0.6000000238
17717  -31.868  -63.197  -21.643 0.6000000238
18771  -30.851  -62.248  -20.824 0.6000000238
16689  -34.280  -64.383  -22.330 0.6000000238
138912  -33.172  -63.934  -21.582 0.6000000238
18773  -32.199  -62.928  -20.316 0.6000000238
16706  -34.889  -64.566  -22.945 0.6000000238
17700  -32.675  -63.500  -20.697 0.5000000000
16678  -34.585  -64.801  -21.271 0.6000000238
151226  -34.184  -64.362  -20.717 0.5000000000
16669  -35.654  -64.822  -20.540 0.5000000000
144343  -27.865  -54.954  -28.831 0.6999999881
26752  -28.703  -54.627  -27.263 0.6999999881
26753  -29.482  -54.732  -26.945 0.6999999881
25760  -29.856  -55.270  -26.738 0.6999999881
26730  -29.535  -54.915  -25.602 0.6000000238
140284  -29.984  -56.014  -25.214 0.6999999881
140331  -30.001  -56.782  -24.716 0.4000000060
26759  -26.642  -54.603  -28.147 0.6999999881
27776  -27.411  -53.882  -27.421 0.6999999881
27777  -28.161  -54.100  -27.089 0.6000000238
26729  -29.093  -54.503  -26.121 0.6000000238
23750  -29.819  -56.897  -22.975 0.5000000000
25782  -24.768  -56.115  -28.164 0.6999999881
26749  -25.911  -54.514  -27.657 0.6999999881
23737  -29.834  -56.947  -22.078 0.5000000000
25781  -23.842  -55.813  -27.917 0.6999999881
23725  -29.488  -57.732  -21.456 0.5000000000
25770  -22.351  -55.408  -27.688 0.6000000238
140838  -21.480  -55.980  -27.614 0.6000000238
25768  -20.718  -55.631  -27.220 0.6000000238
25757  -18.910  -55.835  -26.355 0.5000000000
25741  -18.479  -55.389  -24.874 0.5000000000
18960  -41.477  -62.494  -31.413 0.4000000060
17884  -42.620  -63.219  -32.222 0.4000000060
18774  -32.958  -63.117  -20.102 0.6000000238
145181  -29.692  -55.057  -24.906 0.5000000000
152339  -29.984  -55.253  -24.990 0.5000000000
26750  -26.591  -54.002  -27.532 0.6000000238
137753  -26.802  -53.667  -26.505 0.6000000238
27755  -27.496  -53.982  -25.931 0.6000000238
133571  -28.222  -54.327  -24.222 0.6000000238
25742  -29.463  -55.303  -23.591 0.5000000000
24727  -29.897  -56.206  -23.269 0.5000000000
24711  -29.949  -55.989  -21.665 0.5000000000
26757  -24.353  -55.080  -27.753 0.6999999881
27775  -25.575  -54.131  -27.280 0.6000000238
130705  -25.919  -53.904  -26.191 0.6000000238
27754  -26.629  -53.920  -25.607 0.6000000238
26700  -26.726  -54.700  -23.698 0.6000000238
25705  -30.367  -55.518  -20.305 0.5000000000
137131  -23.094  -54.079  -27.455 0.6999999881
27762  -24.313  -53.777  -26.644 0.6000000238
26727  -24.221  -54.243  -25.205 0.6000000238
152511  -24.958  -54.443  -25.070 0.6000000238
26699  -25.847  -54.873  -23.711 0.6000000238
26746  -22.218  -53.865  -27.217 0.6000000238
27751  -23.080  -53.573  -26.203 0.6000000238
26726  -23.357  -54.007  -25.406 0.6000000238
26715  -24.514  -54.690  -24.412 0.6000000238
26738  -21.213  -53.727  -26.936 0.6000000238
131278  -21.828  -54.007  -25.258 0.6000000238
26696  -22.136  -54.319  -24.260 0.6000000238
26697  -22.982  -54.552  -23.923 0.6000000238
26737  -20.380  -54.375  -26.529 0.5000000000
26710  -19.135  -54.868  -25.546 0.5000000000
26712  -21.114  -54.295  -24.674 0.5000000000
26695  -21.552  -54.584  -23.592 0.6000000238
138197  -22.954  -54.903  -23.031 0.6000000238
17871  -42.300  -62.593  -31.819 0.4000000060
25740  -17.705  -56.057  -24.583 0.5000000000
26694  -20.342  -54.750  -23.835 0.5000000000
132303  -21.024  -54.816  -22.717 0.6000000238
136953  -22.059  -54.693  -22.755 0.6000000238
25730  -17.406  -55.869  -23.796 0.5000000000
26679  -18.893  -54.847  -22.302 0.5000000000
25732  -19.132  -55.003  -23.746 0.4000000060
26680  -20.433  -54.788  -21.930 0.5000000000
145613  -21.628  -54.323  -20.958 0.6000000238
26703  -28.915  -54.881  -23.194 0.6000000238
25712  -29.436  -54.864  -21.992 0.5000000000
25724  -29.721  -55.360  -22.309 0.5000000000
26701  -27.885  -54.488  -23.486 0.6000000238
130542  -28.244  -54.979  -21.983 0.5000000000
150383  -30.341  -54.938  -20.264 0.5000000000
26686  -26.471  -55.160  -22.174 0.6999999881
25711  -26.749  -55.118  -21.333 0.6999999881
26698  -24.924  -54.991  -23.607 0.6000000238
153987  -25.772  -54.965  -22.192 0.6999999881
26684  -24.312  -54.745  -21.875 0.6000000238
130337  -25.130  -54.590  -21.690 0.6999999881
26666  -23.398  -54.554  -21.378 0.6000000238
26667  -24.284  -54.237  -21.197 0.6999999881
26651  -22.827  -54.226  -20.731 0.6000000238
26652  -23.545  -53.979  -20.686 0.6999999881
25720  -15.978  -55.816  -23.040 0.5000000000
26678  -18.129  -54.714  -22.937 0.5000000000
137116  -19.701  -54.345  -21.624 0.4000000060
145952  -20.805  -54.243  -21.239 0.6000000238
26650  -22.095  -54.086  -20.562 0.6000000238
142464  -17.338  -54.542  -23.209 0.5000000000
27717  -19.508  -53.603  -21.549 0.4000000060
28698  -20.126  -52.789  -21.113 0.5000000000
144578  -29.613  -54.884  -21.318 0.5000000000
26656  -29.545  -54.671  -20.616 0.5000000000
26669  -27.504  -55.196  -21.289 0.6000000238
146983  -27.417  -54.164  -20.063 0.5000000000
27691  -28.572  -53.387  -19.468 0.5000000000
26653  -26.321  -54.474  -20.848 0.6999999881
27708  -25.782  -53.609  -20.845 0.6999999881
28685  -25.590  -52.597  -20.888 0.6000000238
150534  -23.268  -52.226  -20.449 0.6999999881
28684  -24.815  -52.326  -20.706 0.6000000238
27706  -21.820  -53.291  -20.393 0.6000000238
29604  -22.506  -51.598  -20.571 0.6000000238
28706  -17.989  -53.012  -23.287 0.5000000000
138724  -20.019  -52.099  -21.577 0.4000000060
29603  -21.536  -51.419  -20.756 0.6000000238
29638  -18.724  -51.575  -23.609 0.4000000060
29618  -19.563  -51.715  -22.750 0.4000000060
29619  -20.417  -51.437  -21.899 0.5000000000
29620  -21.195  -51.104  -21.320 0.5000000000
27709  -26.770  -53.826  -20.280 0.6000000238
28667  -27.856  -52.629  -19.614 0.5000000000
28687  -27.045  -52.833  -20.069 0.6000000238
29609  -27.336  -51.731  -20.105 0.5000000000
29608  -26.091  -51.959  -20.907 0.6000000238
30592  -25.880  -51.053  -20.980 0.6000000238
30593  -26.597  -51.306  -20.634 0.5000000000
30590  -24.050  -50.869  -20.843 0.6999999881
30613  -25.568  -50.308  -21.281 0.5000000000
30588  -22.054  -50.844  -21.003 0.6000000238
29631  -20.174  -50.931  -22.969 0.4000000060
30609  -21.768  -50.693  -21.936 0.5000000000
36815  -15.568  -44.469  -18.946 0.4000000060
35658  -17.011  -44.317  -17.900 0.3000000119
36828  -16.761  -43.842  -19.642 0.4000000060
30594  -27.930  -50.788  -20.092 0.5000000000
34595  -16.246  -45.734  -20.140 0.3000000119
35674  -16.695  -44.813  -20.500 0.4000000060
30614  -26.564  -50.446  -20.988 0.5000000000
30615  -27.501  -50.246  -20.825 0.5000000000
33540  -18.468  -47.391  -20.708 0.3000000119
35675  -17.603  -45.275  -20.992 0.4000000060
151754  -26.246  -49.819  -21.510 0.5000000000
32576  -18.793  -48.231  -20.944 0.3000000119
31599  -24.933  -49.955  -21.917 0.6000000238
30631  -23.306  -50.322  -22.293 0.6999999881
150569  -24.539  -49.969  -22.662 0.6000000238
30629  -21.535  -50.725  -23.311 0.5000000000
30645  -23.042  -50.443  -23.193 0.5000000000
30652  -23.206  -50.455  -24.068 0.4000000060
31641  -24.098  -50.328  -24.209 0.4000000060
134693  -17.793  -46.766  -17.291 0.3000000119
35649  -17.676  -45.152  -17.582 0.3000000119
128974  -18.252  -43.933  -18.785 0.3000000119
37872  -17.384  -43.442  -20.142 0.3000000119
36849  -18.004  -43.877  -21.461 0.4000000060
31602  -27.954  -49.607  -21.419 0.5000000000
34597  -19.063  -46.850  -20.779 0.4000000060
138268  -18.098  -44.711  -21.449 0.4000000060
31621  -27.445  -49.157  -22.086 0.5000000000
34598  -20.000  -47.346  -20.798 0.4000000060
131512  -20.675  -46.779  -21.280 0.4000000060
31600  -25.622  -49.589  -21.973 0.5000000000
32604  -27.122  -48.831  -22.965 0.5000000000
32578  -20.043  -48.047  -20.828 0.4000000060
31644  -25.982  -49.368  -23.796 0.5000000000
30646  -23.874  -50.241  -23.138 0.5000000000
31665  -25.653  -49.830  -24.656 0.5000000000
31640  -20.879  -50.021  -24.467 0.3000000119
31662  -22.377  -49.543  -25.542 0.4000000060
31663  -23.340  -50.212  -25.140 0.4000000060
31664  -25.078  -50.027  -25.048 0.4000000060
33511  -18.620  -47.251  -17.360 0.3000000119
34579  -18.642  -45.443  -17.965 0.3000000119
147507  -18.346  -43.475  -19.452 0.4000000060
37900  -18.384  -43.346  -21.551 0.4000000060
31603  -29.784  -49.819  -21.908 0.4000000060
36850  -18.472  -44.136  -22.046 0.4000000060
137181  -30.394  -49.538  -22.886 0.4000000060
141640  -19.854  -45.699  -21.943 0.4000000060
35700  -20.242  -45.185  -22.523 0.4000000060
31622  -28.391  -49.150  -22.283 0.4000000060
35701  -21.261  -45.754  -22.132 0.4000000060
32620  -26.655  -48.969  -23.829 0.5000000000
34611  -21.586  -47.143  -21.582 0.4000000060
33567  -21.911  -47.617  -22.904 0.3000000119
32635  -26.858  -49.039  -24.787 0.5000000000
32644  -22.440  -48.419  -26.080 0.3000000119
34570  -18.235  -46.221  -17.587 0.3000000119
128950  -18.907  -44.703  -18.496 0.3000000119
128479  -19.037  -43.984  -19.154 0.3000000119
37886  -19.466  -43.060  -20.534 0.4000000060
136494  -18.996  -42.838  -21.529 0.4000000060
38930  -20.325  -42.593  -22.269 0.3000000119
37922  -19.496  -43.699  -22.598 0.4000000060
31625  -31.784  -49.722  -22.537 0.4000000060
154326  -32.641  -49.636  -22.701 0.4000000060
36863  -19.924  -44.353  -22.826 0.4000000060
31646  -30.041  -49.231  -23.477 0.4000000060
32605  -27.981  -48.589  -23.137 0.4000000060
34612  -22.101  -46.408  -21.988 0.3000000119
32622  -28.449  -48.411  -24.242 0.4000000060
33552  -21.572  -47.709  -21.863 0.3000000119
34625  -22.815  -46.472  -22.489 0.3000000119
33582  -22.870  -46.878  -23.855 0.3000000119
31678  -24.624  -49.744  -25.730 0.4000000060
33521  -20.067  -47.235  -17.895 0.3000000119
146478  -19.918  -44.058  -19.698 0.4000000060
128668  -20.633  -43.445  -20.377 0.4000000060
148008  -19.906  -42.768  -21.211 0.4000000060
31650  -34.158  -49.143  -23.791 0.4000000060
31648  -32.313  -49.872  -23.507 0.4000000060
37924  -20.778  -43.232  -22.981 0.4000000060
31647  -30.746  -49.672  -23.742 0.4000000060
152446  -21.743  -45.291  -22.719 0.4000000060
32623  -29.624  -48.745  -24.245 0.4000000060
32624  -30.633  -49.556  -24.583 0.4000000060
139656  -22.622  -45.644  -22.588 0.3000000119
138328  -29.226  -48.430  -25.035 0.4000000060
34627  -24.064  -46.079  -22.955 0.3000000119
32636  -27.622  -48.631  -25.100 0.5000000000
33569  -23.169  -46.850  -23.018 0.3000000119
34639  -23.759  -46.512  -23.496 0.3000000119
32649  -27.963  -48.648  -26.361 0.5000000000
33596  -24.058  -47.448  -26.357 0.3000000119
32648  -25.976  -49.458  -26.526 0.4000000060
31676  -22.954  -49.340  -25.962 0.4000000060
128699  -20.517  -45.805  -18.816 0.3000000119
38954  -20.940  -42.290  -22.469 0.3000000119
38972  -21.597  -42.284  -23.588 0.3000000119
31669  -33.680  -49.271  -24.184 0.4000000060
36879  -22.200  -44.071  -23.573 0.3000000119
146938  -31.854  -49.955  -24.119 0.4000000060
32641  -33.395  -49.111  -24.392 0.3000000119
142507  -22.941  -44.056  -23.775 0.3000000119
32639  -30.797  -49.839  -25.609 0.4000000060
31667  -31.630  -49.697  -24.867 0.4000000060
36881  -24.767  -45.091  -23.296 0.3000000119
35725  -25.862  -45.737  -23.942 0.3000000119
32659  -28.938  -48.538  -27.074 0.4000000060
33588  -23.376  -46.885  -24.794 0.3000000119
34661  -24.493  -46.482  -26.360 0.3000000119
33601  -24.678  -47.529  -26.940 0.3000000119
33603  -27.189  -48.267  -27.551 0.3000000119
37939  -22.275  -43.173  -24.125 0.3000000119
38993  -22.621  -41.550  -24.186 0.3000000119
37940  -23.471  -43.513  -24.221 0.3000000119
33591  -32.835  -48.481  -24.691 0.3000000119
32652  -31.522  -49.524  -25.769 0.4000000060
33598  -32.016  -48.691  -25.336 0.4000000060
36883  -26.361  -44.810  -23.773 0.3000000119
32651  -30.469  -49.470  -26.306 0.4000000060
135112  -31.272  -49.383  -26.788 0.4000000060
35735  -25.725  -45.799  -24.804 0.3000000119
34662  -25.285  -45.828  -26.172 0.3000000119
32666  -28.794  -48.232  -27.581 0.3000000119
143546  -26.336  -47.409  -27.580 0.3000000119
38997  -27.178  -42.889  -24.374 0.3000000119
35726  -26.452  -45.281  -24.303 0.3000000119
32662  -31.401  -48.527  -27.402 0.3000000119
34665  -31.708  -47.391  -26.055 0.3000000119
35736  -26.605  -45.482  -25.551 0.3000000119
32667  -29.588  -48.493  -27.670 0.3000000119
34663  -26.362  -46.195  -26.901 0.3000000119
33608  -28.364  -47.729  -27.757 0.3000000119
38998  -27.333  -42.769  -25.229 0.3000000119
40105  -27.149  -41.950  -25.850 0.3000000119
35737  -27.279  -45.091  -25.677 0.3000000119
33604  -31.373  -47.760  -27.978 0.3000000119
37970  -27.420  -43.637  -25.699 0.3000000119
39034  -26.824  -42.049  -28.168 0.3000000119
32655  -24.502  -48.362  -26.684 0.4000000060
149949  -22.308  -47.355  -25.130 0.3000000119
33589  -24.014  -46.864  -25.593 0.3000000119
6808  -37.807  -75.830  -33.699 0.6000000238
5311  -37.690  -77.099  -33.476 0.5000000000
5309  -36.408  -77.243  -33.103 0.5000000000
5980  -35.505  -76.932  -32.557 0.5000000000
143270  -37.443  -77.562  -33.052 0.5000000000
5964  -39.503  -76.595  -28.970 0.5000000000
8532  -38.806  -74.169  -31.195 0.6999999881
9463  -39.126  -73.075  -32.489 0.6999999881
8513  -38.586  -74.371  -29.340 0.6999999881
6760  -37.560  -75.335  -30.107 0.6999999881
142721  -38.856  -77.448  -30.709 0.4000000060
7605  -37.875  -75.202  -28.591 0.6999999881
6775  -39.890  -75.828  -31.937 0.5000000000
7639  -41.351  -73.755  -30.821 0.5000000000
9464  -41.626  -72.316  -31.055 0.3000000119
10397  -37.900  -71.023  -33.349 0.6000000238
10375  -37.532  -71.407  -31.483 0.6000000238
11385  -37.190  -70.567  -33.033 0.5000000000
11339  -33.686  -70.580  -29.830 0.6000000238
9438  -38.019  -72.494  -28.970 0.6999999881
8445  -36.132  -73.240  -21.863 0.3000000119
10331  -36.121  -71.836  -27.580 0.6000000238
10341  -36.809  -71.909  -28.124 0.6000000238
8489  -38.009  -73.697  -27.834 0.6999999881
7668  -39.522  -74.937  -33.587 0.5000000000
5982  -38.300  -76.881  -33.298 0.5000000000
8487  -36.728  -73.976  -27.021 0.6000000238
7604  -37.296  -74.985  -28.459 0.6999999881
8475  -34.756  -73.524  -25.717 0.5000000000
7603  -35.828  -74.256  -28.096 0.5000000000
10294  -40.111  -71.585  -25.049 0.3000000119
10306  -32.332  -72.273  -25.379 0.6000000238
7602  -34.608  -74.343  -27.837 0.5000000000
11330  -41.351  -71.203  -29.069 0.3000000119
8586  -39.382  -73.894  -33.468 0.5000000000
7601  -33.608  -74.353  -28.393 0.5000000000
140103  -38.288  -69.835  -35.021 0.4000000060
10235  -37.476  -71.952  -21.178 0.3000000119
13934  -35.399  -67.186  -28.499 0.6000000238
14807  -31.496  -66.537  -25.903 0.6999999881
13902  -33.792  -67.272  -25.690 0.6000000238
14776  -34.905  -67.046  -24.409 0.6000000238
146837  -36.404  -67.185  -28.389 0.6000000238
16794  -38.947  -64.684  -29.444 0.5000000000
14023  -39.461  -67.437  -35.208 0.4000000060
14810  -38.006  -66.448  -26.529 0.6000000238
15752  -38.978  -65.119  -27.241 0.5000000000
14778  -37.532  -66.979  -24.889 0.6000000238
16719  -41.114  -64.405  -24.213 0.4000000060
16748  -31.750  -64.114  -26.096 0.6000000238
16750  -33.951  -64.534  -25.831 0.6999999881
19965  -30.785  -61.193  -28.986 0.6000000238
148738  -38.359  -64.794  -31.528 0.4000000060
16781  -39.748  -63.814  -28.543 0.4000000060
19879  -42.125  -62.114  -24.093 0.4000000060
16680  -38.577  -64.359  -21.679 0.4000000060
16766  -30.704  -64.004  -27.141 0.6000000238
21981  -29.305  -59.339  -28.076 0.6000000238
19914  -31.272  -60.883  -26.645 0.6000000238
16839  -39.865  -64.247  -32.500 0.5000000000
20963  -34.303  -60.672  -27.861 0.5000000000
137254  -29.216  -61.973  -23.269 0.6000000238
19950  -35.561  -61.047  -28.171 0.4000000060
17765  -36.026  -63.885  -25.015 0.5000000000
18898  -40.690  -63.006  -28.206 0.5000000000
18843  -33.913  -62.437  -24.173 0.6000000238
18860  -36.443  -62.702  -25.815 0.5000000000
24786  -22.220  -57.178  -28.240 0.6000000238
25731  -18.160  -55.446  -23.913 0.5000000000
26718  -27.461  -54.266  -24.239 0.5000000000
27753  -24.896  -54.045  -25.882 0.6000000238
26728  -25.722  -54.230  -25.311 0.6000000238
138164  -27.087  -55.014  -22.980 0.6000000238
26725  -22.476  -53.727  -25.758 0.6000000238
25721  -16.997  -55.322  -23.511 0.5000000000
26655  -28.717  -54.551  -20.413 0.5000000000
29606  -24.468  -51.494  -20.638 0.6000000238
27728  -18.653  -53.509  -22.311 0.5000000000
30611  -23.647  -50.491  -21.376 0.6000000238
35666  -15.679  -44.947  -19.979 0.3000000119
149950  -27.174  -50.878  -20.484 0.5000000000
135206  -20.975  -50.613  -24.056 0.3000000119
155020  -29.146  -49.962  -21.162 0.4000000060
130290  -28.912  -49.861  -21.683 0.4000000060
30651  -22.423  -50.417  -24.780 0.4000000060
32634  -21.677  -48.402  -25.534 0.3000000119
31680  -26.253  -49.645  -25.384 0.5000000000
129227  -31.339  -49.846  -23.410 0.4000000060
34571  -19.268  -46.554  -17.862 0.3000000119
35702  -23.398  -45.841  -22.725 0.3000000119
32650  -29.292  -48.867  -26.189 0.4000000060
32656  -25.218  -48.714  -27.110 0.3000000119
36880  -23.868  -44.539  -23.485 0.3000000119
32658  -27.102  -48.922  -27.090 0.4000000060
128781  -21.485  -46.267  -18.862 0.3000000119
143509  -25.923  -44.063  -23.709 0.3000000119
32660  -29.974  -49.111  -27.104 0.4000000060
36894  -27.430  -44.509  -24.997 0.3000000119
6773  -28.978  -74.728  -30.351 0.5000000000
7630  -29.593  -74.039  -30.349 0.5000000000
7614  -30.303  -73.743  -29.897 0.5000000000
7632  -31.325  -73.757  -30.260 0.4000000060
6758  -28.102  -75.540  -29.333 0.5000000000
6759  -28.734  -74.949  -29.516 0.5000000000
7613  -29.453  -74.136  -29.663 0.5000000000
137188  -30.965  -73.799  -28.696 0.5000000000
132595  -31.748  -74.365  -28.794 0.5000000000
7600  -32.635  -74.495  -28.828 0.4000000060
6747  -27.784  -75.475  -28.427 0.4000000060
7596  -28.702  -74.678  -28.103 0.5000000000
7598  -30.297  -73.742  -28.319 0.5000000000
6737  -32.670  -75.191  -27.339 0.4000000060
135717  -28.686  -74.337  -27.233 0.5000000000
132924  -29.722  -73.820  -27.127 0.5000000000
7583  -29.531  -73.981  -27.861 0.5000000000
8479  -29.611  -73.580  -26.012 0.5000000000
145971  -30.582  -73.889  -26.769 0.5000000000
7555  -30.571  -73.766  -26.054 0.5000000000
7570  -31.412  -74.365  -26.183 0.5000000000
139759  -32.762  -74.553  -25.611 0.4000000060
7568  -28.293  -74.215  -26.430 0.5000000000
8471  -30.316  -73.395  -25.384 0.5000000000
7556  -31.245  -73.850  -25.443 0.5000000000
152543  -32.455  -74.026  -25.255 0.5000000000
156306  -27.417  -70.831  -24.919 0.5000000000
8469  -28.158  -73.467  -25.182 0.5000000000
8458  -27.784  -73.033  -24.593 0.5000000000
8459  -28.758  -72.936  -24.673 0.5000000000
9392  -29.218  -72.450  -24.124 0.5000000000
8460  -29.937  -72.882  -24.621 0.5000000000
142853  -30.019  -72.367  -24.023 0.5000000000
8461  -31.027  -73.257  -24.768 0.5000000000
8462  -32.439  -73.353  -25.109 0.5000000000
10271  -27.781  -71.253  -23.861 0.5000000000
12169  -28.079  -69.576  -24.125 0.5000000000
13037  -28.175  -68.050  -25.286 0.5000000000
10273  -29.014  -71.345  -23.451 0.5000000000
12159  -28.650  -69.035  -23.733 0.5000000000
12988  -28.714  -68.217  -23.869 0.5000000000
10274  -29.884  -71.264  -23.478 0.5000000000
142698  -30.060  -70.699  -23.547 0.5000000000
138572  -29.883  -69.897  -23.632 0.5000000000
132160  -31.118  -71.928  -24.153 0.5000000000
10289  -30.539  -71.248  -23.812 0.5000000000
144327  -30.766  -72.522  -24.233 0.5000000000
9395  -32.297  -72.685  -24.998 0.5000000000
15750  -30.099  -64.667  -27.532 0.5000000000
15733  -29.413  -65.091  -26.259 0.6000000238
142822  -28.516  -67.100  -24.749 0.5000000000
12990  -29.734  -68.498  -23.707 0.5000000000
14773  -29.552  -66.208  -24.781 0.5000000000
12170  -30.619  -69.092  -24.444 0.5000000000
13006  -30.186  -68.318  -23.979 0.5000000000
10290  -31.069  -71.146  -24.439 0.5000000000
148975  -31.139  -70.556  -25.112 0.5000000000
10291  -31.767  -72.039  -24.697 0.5000000000
17823  -31.972  -63.790  -28.532 0.5000000000
17804  -31.387  -63.855  -27.799 0.5000000000
15718  -29.762  -65.468  -25.087 0.6000000238
134062  -31.252  -58.771  -32.424 0.5000000000
148013  -31.287  -58.950  -31.766 0.6000000238
22951  -30.720  -57.829  -32.990 0.5000000000
22947  -31.243  -58.060  -31.902 0.5000000000
22941  -30.257  -58.560  -30.273 0.6000000238
22946  -30.877  -57.840  -31.046 0.6000000238
150977  -30.615  -56.905  -32.395 0.5000000000
24846  -30.338  -56.276  -31.668 0.6000000238
25817  -29.577  -55.197  -31.875 0.5000000000
23824  -30.262  -57.080  -30.032 0.6000000238
25795  -29.792  -55.874  -29.971 0.6000000238
134364  -28.287  -55.173  -31.698 0.5000000000
26784  -29.040  -55.212  -30.578 0.6000000238
147766  -29.461  -55.762  -29.148 0.6000000238
25803  -27.232  -55.349  -30.484 0.5000000000
26782  -28.027  -55.074  -29.976 0.5000000000
24806  -25.390  -56.788  -28.876 0.5000000000
24788  -24.454  -56.955  -28.686 0.6000000238
23815  -21.273  -57.904  -28.272 0.6000000238
23816  -22.071  -58.323  -28.654 0.5000000000
25784  -26.471  -55.406  -28.611 0.6000000238
25793  -26.675  -55.564  -29.632 0.5000000000
154693  -23.006  -56.913  -28.209 0.5000000000
24753  -19.969  -56.512  -27.164 0.6000000238
24765  -20.658  -56.762  -27.619 0.6000000238
25758  -19.885  -55.374  -26.673 0.6000000238
10307  -40.594  -71.455  -25.720 0.3000000119
12179  -40.525  -69.110  -25.565 0.3000000119
11303  -41.060  -71.320  -27.580 0.3000000119
13022  -41.132  -67.840  -25.738 0.3000000119
11316  -40.877  -70.541  -27.946 0.3000000119
10324  -40.794  -71.351  -26.619 0.3000000119
10308  -41.050  -72.234  -26.334 0.3000000119
6724  -32.450  -75.171  -26.677 0.4000000060
147395  -30.373  -69.739  -24.064 0.5000000000
13858  -30.047  -67.510  -24.278 0.5000000000
21000  -31.410  -60.532  -31.253 0.5000000000
7599  -31.314  -74.276  -27.971 0.4000000060
6723  -31.847  -74.917  -26.660 0.5000000000
8470  -29.231  -73.306  -25.327 0.5000000000
150050  -27.459  -71.758  -24.175 0.5000000000
9382  -27.939  -71.910  -23.874 0.5000000000
11287  -27.987  -69.939  -25.485 0.5000000000
13005  -28.261  -68.613  -24.321 0.5000000000
143019  -28.404  -69.976  -23.623 0.5000000000
13844  -29.573  -67.879  -23.875 0.5000000000
11289  -40.516  -70.337  -25.850 0.3000000119
138833  -40.694  -68.882  -27.914 0.3000000119
12192  -40.577  -69.392  -26.548 0.3000000119
11302  -40.642  -70.434  -27.028 0.3000000119
12200  -40.644  -69.604  -27.510 0.3000000119
13049  -40.743  -68.631  -27.082 0.3000000119
34654  -31.646  -47.118  -24.921 0.3000000119
5303  -36.865  -77.747  -32.922 0.5000000000
5304  -38.032  -77.525  -32.702 0.5000000000
5310  -37.121  -77.206  -33.310 0.5000000000
5965  -39.951  -75.988  -29.275 0.5000000000
5983  -39.204  -76.387  -32.641 0.5000000000
5992  -37.873  -76.524  -33.677 0.6000000238
6713  -32.975  -75.092  -26.092 0.4000000060
6725  -33.026  -75.230  -26.717 0.4000000060
6727  -40.820  -74.932  -26.702 0.4000000060
6736  -31.923  -75.039  -27.314 0.4000000060
6739  -40.775  -75.030  -27.268 0.4000000060
6748  -28.486  -75.137  -28.727 0.5000000000
6749  -32.214  -74.914  -28.045 0.4000000060
6750  -33.013  -74.996  -27.944 0.5000000000
6752  -38.012  -75.398  -29.135 0.6999999881
6763  -40.839  -74.757  -29.156 0.5000000000
6823  -38.217  -74.933  -34.141 0.6000000238
7554  -28.635  -73.720  -25.912 0.5000000000
7557  -32.011  -74.339  -25.487 0.5000000000
7559  -34.528  -74.167  -25.835 0.5000000000
7569  -29.124  -73.804  -26.610 0.5000000000
7571  -32.262  -74.849  -26.062 0.4000000060
7573  -34.370  -74.593  -26.230 0.5000000000
7574  -35.432  -74.138  -26.235 0.5000000000
7582  -28.015  -75.052  -27.708 0.4000000060
7584  -30.473  -73.836  -27.541 0.5000000000
7585  -31.224  -74.402  -27.079 0.5000000000
7586  -33.374  -75.104  -27.198 0.5000000000
7587  -34.249  -74.802  -27.019 0.5000000000
7597  -29.309  -74.240  -28.758 0.5000000000
7606  -38.275  -75.042  -28.857 0.6999999881
7615  -31.113  -73.808  -29.381 0.5000000000
7616  -32.045  -74.321  -29.651 0.4000000060
7619  -35.991  -73.957  -29.074 0.6000000238
7638  -40.851  -74.615  -30.844 0.5000000000
7650  -40.776  -74.226  -31.801 0.5000000000
7658  -37.840  -74.974  -33.841 0.6000000238
7666  -38.450  -74.631  -33.841 0.8000000119
7667  -38.960  -74.767  -33.753 0.5000000000
8464  -39.501  -73.462  -24.728 0.3000000119
8472  -31.850  -73.659  -25.041 0.5000000000
8473  -33.167  -73.891  -25.359 0.5000000000
8480  -35.435  -73.605  -25.976 0.5000000000
8482  -41.407  -73.497  -26.364 0.4000000060
8488  -37.414  -74.171  -27.581 0.6000000238
8499  -38.436  -74.083  -28.505 0.6999999881
8500  -41.630  -73.381  -27.735 0.4000000060
8512  -35.127  -73.553  -29.385 0.6000000238
8529  -34.528  -72.966  -30.681 0.5000000000
8531  -35.892  -73.785  -29.888 0.5000000000
8554  -38.642  -73.931  -32.963 0.6999999881
8555  -40.690  -73.685  -32.696 0.4000000060
8572  -38.893  -73.952  -33.361 0.8000000119
8573  -40.754  -72.906  -33.158 0.4000000060
8587  -40.406  -72.579  -33.616 0.4000000060
9305  -37.717  -72.771  -18.952 0.3000000119
9326  -36.726  -72.779  -20.139 0.3000000119
9374  -36.585  -72.498  -22.241 0.3000000119
9375  -36.921  -72.258  -22.818 0.3000000119
9383  -28.697  -71.966  -23.741 0.5000000000
9384  -29.569  -71.911  -23.676 0.5000000000
9391  -28.284  -72.483  -24.158 0.5000000000
9393  -30.402  -71.874  -23.785 0.5000000000
9394  -31.681  -72.776  -24.631 0.5000000000
9397  -39.555  -72.074  -24.731 0.3000000119
9402  -34.000  -73.235  -25.722 0.6000000238
9410  -33.791  -72.686  -25.999 0.6000000238
9411  -34.617  -72.830  -25.893 0.6000000238
9420  -37.281  -73.407  -27.311 0.6000000238
9429  -38.295  -73.207  -28.398 0.6999999881
9430  -41.675  -72.311  -29.163 0.3000000119
9452  -38.995  -73.222  -31.279 0.6999999881
9453  -41.716  -72.528  -30.406 0.4000000060
9471  -39.402  -72.900  -33.365 0.4000000060
9485  -40.177  -72.232  -33.956 0.4000000060
9496  -39.703  -71.743  -34.257 0.4000000060
10258  -37.885  -71.230  -22.471 0.3000000119
10272  -28.311  -71.468  -23.640 0.5000000000
10288  -26.890  -72.021  -24.609 0.5000000000
10293  -39.469  -71.370  -24.414 0.3000000119
10328  -32.112  -71.248  -27.915 0.6999999881
10330  -35.356  -71.793  -27.154 0.6000000238
10342  -37.322  -71.988  -28.662 0.6999999881
10343  -41.571  -71.868  -28.825 0.4000000060
10353  -41.712  -72.029  -29.785 0.3000000119
10363  -38.064  -72.050  -31.051 0.6999999881
10377  -41.551  -71.827  -31.186 0.3000000119
10386  -37.740  -71.176  -32.465 0.6000000238
10388  -41.190  -71.618  -32.113 0.3000000119
10399  -40.522  -71.358  -33.760 0.4000000060
10407  -39.152  -71.300  -34.468 0.4000000060
10410  -40.338  -71.003  -34.347 0.4000000060
10416  -39.500  -70.871  -34.858 0.4000000060
11266  -28.320  -70.812  -23.561 0.5000000000
11267  -29.260  -70.519  -23.383 0.5000000000
11277  -27.865  -70.496  -23.973 0.5000000000
11278  -30.449  -70.497  -23.954 0.5000000000
11279  -30.719  -70.132  -24.583 0.5000000000
11288  -31.334  -70.405  -25.963 0.6999999881
11315  -31.726  -70.750  -27.636 0.6999999881
11328  -34.140  -70.884  -28.851 0.6000000238
11329  -35.172  -70.995  -28.572 0.6000000238
11338  -33.001  -70.222  -29.773 0.5000000000
11342  -41.319  -71.041  -29.688 0.3000000119
11352  -33.832  -70.294  -30.614 0.5000000000
11364  -33.460  -69.935  -30.779 0.6000000238
11382  -34.454  -69.953  -31.994 0.5000000000
11411  -40.148  -70.647  -34.640 0.4000000060
11412  -40.408  -70.462  -34.384 0.4000000060
11417  -39.015  -70.369  -35.159 0.4000000060
11418  -39.585  -70.490  -35.030 0.4000000060
12160  -29.470  -69.077  -23.589 0.5000000000
12161  -30.146  -69.081  -23.815 0.5000000000
12168  -27.728  -70.267  -24.690 0.5000000000
12176  -28.048  -69.268  -24.924 0.5000000000
12191  -31.380  -69.685  -26.576 0.6999999881
12250  -34.040  -69.565  -31.859 0.5000000000
12282  -34.273  -68.640  -32.759 0.5000000000
12283  -35.851  -68.957  -33.534 0.5000000000
12284  -36.658  -69.417  -33.802 0.5000000000
12285  -37.361  -69.857  -34.062 0.4000000060
12297  -36.637  -68.845  -34.008 0.4000000060
12300  -40.523  -69.652  -34.405 0.4000000060
12310  -40.014  -70.123  -35.024 0.4000000060
12989  -29.157  -68.322  -23.675 0.5000000000
13019  -30.604  -68.114  -24.643 0.5000000000
13039  -40.757  -68.444  -26.157 0.3000000119
13048  -32.007  -68.904  -28.007 0.6000000238
13065  -32.746  -68.830  -29.964 0.6000000238
13134  -39.451  -68.857  -35.491 0.4000000060
13843  -29.015  -67.702  -23.928 0.5000000000
13846  -36.561  -67.260  -23.968 0.5000000000
13856  -28.535  -67.753  -24.303 0.5000000000
13857  -29.398  -67.125  -24.336 0.5000000000
13860  -34.845  -67.477  -24.871 0.6000000238
13861  -35.413  -67.429  -24.474 0.6000000238
13863  -36.755  -67.427  -24.678 0.6000000238
13876  -30.574  -67.183  -24.961 0.6000000238
13879  -35.374  -67.701  -25.219 0.6000000238
13881  -36.952  -67.369  -25.379 0.6000000238
13900  -31.742  -67.264  -26.697 0.6999999881
13904  -34.909  -67.785  -26.004 0.6000000238
13906  -36.692  -67.377  -26.193 0.6000000238
13919  -33.756  -67.201  -27.725 0.6000000238
13942  -35.629  -67.231  -30.022 0.6000000238
13956  -34.278  -67.448  -31.010 0.5000000000
13969  -34.270  -67.631  -31.913 0.5000000000
13988  -34.981  -67.490  -33.059 0.5000000000
14004  -36.266  -67.513  -33.514 0.4000000060
14006  -41.711  -67.253  -33.940 0.4000000060
14024  -41.170  -67.648  -34.424 0.4000000060
14033  -39.163  -68.062  -35.488 0.4000000060
14035  -40.463  -67.716  -35.198 0.4000000060
14746  -36.334  -66.157  -21.903 0.5000000000
14748  -37.263  -66.237  -22.050 0.5000000000
14758  -36.091  -66.446  -22.669 0.6000000238
14759  -36.775  -66.522  -22.467 0.5000000000
14760  -37.405  -66.418  -22.587 0.5000000000
14767  -35.810  -66.818  -23.430 0.6000000238
14772  -28.972  -66.595  -24.600 0.5000000000
14774  -30.034  -66.608  -24.687 0.5000000000
14777  -35.475  -67.116  -23.963 0.6000000238
14787  -31.567  -65.725  -25.605 0.6999999881
14789  -33.580  -66.657  -25.402 0.6999999881
14808  -32.938  -66.722  -26.124 0.6000000238
14825  -37.628  -66.754  -27.169 0.6000000238
14826  -38.153  -66.258  -27.400 0.6000000238
14849  -37.412  -66.643  -29.204 0.6000000238
14879  -35.481  -67.029  -32.732 0.5000000000
14898  -37.315  -65.766  -32.823 0.5000000000
14913  -37.051  -67.057  -33.995 0.4000000060
14926  -40.053  -66.828  -34.869 0.4000000060
14927  -40.968  -66.780  -34.777 0.4000000060
14933  -40.147  -67.413  -35.295 0.4000000060
15678  -36.219  -65.320  -20.852 0.5000000000
15684  -35.203  -65.333  -21.508 0.5000000000
15685  -35.926  -65.701  -21.382 0.5000000000
15686  -36.635  -65.788  -21.325 0.5000000000
15695  -38.764  -65.526  -22.685 0.6000000238
15705  -39.473  -65.294  -23.401 0.6000000238
15712  -39.668  -65.227  -24.790 0.6000000238
15720  -31.328  -65.031  -25.392 0.6999999881
15722  -33.557  -65.849  -25.150 0.6000000238
15723  -38.651  -65.885  -25.359 0.6999999881
15734  -29.873  -64.878  -25.581 0.6000000238
15735  -38.597  -65.728  -26.912 0.5000000000
15751  -38.604  -65.537  -27.701 0.5000000000
15851  -39.807  -65.422  -33.565 0.5000000000
16668  -35.001  -64.888  -20.800 0.5000000000
16677  -33.947  -64.387  -21.535 0.6000000238
16679  -37.952  -64.435  -21.274 0.4000000060
16690  -34.624  -64.914  -21.985 0.6000000238
16692  -39.177  -64.623  -22.197 0.6000000238
16693  -39.875  -64.419  -22.655 0.6000000238
16709  -40.913  -64.226  -23.506 0.6000000238
16720  -41.584  -64.043  -24.681 0.4000000060
16728  -31.115  -64.560  -25.679 0.6999999881
16732  -35.530  -64.628  -24.989 0.6000000238
16733  -39.928  -64.855  -25.587 0.6000000238
16745  -29.560  -64.954  -27.014 0.5000000000
16746  -30.057  -64.457  -26.464 0.6000000238
16747  -30.889  -64.094  -26.257 0.6999999881
16752  -39.584  -64.856  -26.308 0.5000000000
16753  -40.161  -64.406  -26.445 0.5000000000
16779  -31.314  -64.142  -28.625 0.5000000000
16822  -38.297  -64.954  -32.376 0.5000000000
16841  -41.672  -64.252  -32.859 0.4000000060
16857  -39.273  -64.846  -32.988 0.5000000000
17699  -31.923  -63.245  -20.905 0.6000000238
17701  -33.474  -63.734  -20.424 0.5000000000
17718  -32.543  -63.631  -21.267 0.5000000000
17719  -33.274  -63.990  -21.007 0.6000000238
17731  -33.605  -63.986  -22.238 0.6000000238
17747  -34.361  -63.848  -22.951 0.6000000238
17749  -41.508  -63.809  -23.955 0.4000000060
17755  -35.914  -63.649  -24.358 0.5000000000
17766  -36.316  -63.128  -25.036 0.5000000000
17767  -41.947  -63.759  -25.256 0.5000000000
17768  -42.458  -63.225  -25.362 0.4000000060
17782  -31.524  -63.746  -26.827 0.6000000238
17783  -32.468  -63.790  -26.530 0.6000000238
17784  -35.803  -63.954  -26.473 0.6000000238
17786  -36.505  -62.883  -26.434 0.6000000238
17808  -36.129  -63.236  -27.559 0.6000000238
17810  -39.931  -63.926  -27.891 0.5000000000
17826  -35.183  -63.419  -28.081 0.6000000238
17829  -40.420  -63.025  -28.768 0.4000000060
17856  -39.521  -63.876  -31.637 0.4000000060
17857  -39.708  -63.613  -31.044 0.5000000000
17870  -41.734  -63.010  -32.093 0.5000000000
18748  -33.320  -62.528  -19.692 0.6000000238
18772  -31.499  -62.624  -20.555 0.6000000238
18794  -29.718  -62.135  -21.845 0.6000000238
18796  -31.261  -62.817  -21.229 0.6000000238
18815  -39.763  -62.915  -22.595 0.5000000000
18816  -40.420  -63.249  -22.873 0.4000000060
18825  -30.079  -62.210  -23.044 0.6000000238
18827  -32.721  -63.003  -22.915 0.6000000238
18832  -40.966  -62.717  -23.310 0.4000000060
18844  -35.072  -62.677  -24.197 0.6000000238
18845  -35.881  -62.908  -24.539 0.6000000238
18857  -34.430  -62.086  -24.812 0.6000000238
18859  -36.171  -62.445  -25.226 0.5000000000
18877  -36.538  -62.393  -26.534 0.6000000238
18896  -36.399  -62.532  -27.874 0.5000000000
18961  -42.803  -62.289  -31.490 0.4000000060
19843  -28.618  -61.465  -22.922 0.6000000238
19844  -29.069  -61.899  -22.349 0.6000000238
19874  -30.310  -61.613  -24.751 0.6000000238
19876  -32.383  -61.568  -24.772 0.6000000238
19878  -41.279  -61.443  -23.804 0.4000000060
19893  -28.622  -60.818  -25.660 0.5000000000
19894  -29.004  -61.247  -25.687 0.5000000000
19897  -32.083  -60.837  -26.041 0.6999999881
19898  -33.839  -61.669  -25.372 0.6999999881
19900  -35.772  -61.858  -25.648 0.6000000238
19911  -28.803  -60.842  -26.244 0.6000000238
19912  -29.378  -61.105  -26.382 0.5000000000
19913  -30.298  -61.108  -26.478 0.5000000000
19918  -36.051  -61.715  -26.596 0.6000000238
19930  -29.651  -61.041  -27.174 0.6000000238
19932  -31.400  -61.004  -27.587 0.6000000238
19934  -34.107  -60.927  -26.864 0.6000000238
19936  -36.214  -61.816  -28.066 0.6000000238
19947  -30.695  -61.214  -28.206 0.6000000238
19967  -32.220  -61.101  -29.733 0.5000000000
19985  -31.400  -61.114  -30.427 0.6000000238
19986  -32.207  -61.085  -30.541 0.6000000238
20869  -28.784  -60.776  -21.549 0.5000000000
20900  -28.220  -60.765  -23.366 0.5000000000
20947  -28.479  -60.297  -26.151 0.6000000238
20978  -29.704  -60.296  -28.440 0.6000000238
20979  -30.109  -60.982  -28.758 0.6000000238
20980  -33.081  -60.729  -29.205 0.5000000000
20981  -33.969  -60.515  -28.787 0.5000000000
20982  -34.810  -60.693  -28.616 0.5000000000
20992  -30.122  -60.406  -29.940 0.6000000238
20999  -30.748  -60.497  -30.567 0.6000000238
21889  -28.539  -60.184  -22.039 0.5000000000
21890  -28.749  -59.986  -21.452 0.5000000000
21906  -28.646  -59.370  -22.098 0.5000000000
21922  -28.047  -59.891  -23.727 0.6000000238
21952  -28.365  -59.588  -25.642 0.6000000238
21980  -28.811  -59.488  -27.299 0.6000000238
21990  -29.795  -59.421  -28.855 0.6000000238
22001  -31.096  -59.702  -31.221 0.6000000238
22865  -28.464  -59.015  -24.102 0.6999999881
22885  -29.079  -58.199  -24.526 0.6999999881
22917  -28.796  -58.569  -26.998 0.6000000238
22931  -21.260  -58.787  -28.360 0.6000000238
22937  -29.939  -58.609  -29.279 0.6999999881
22942  -31.025  -58.732  -31.088 0.6000000238
22952  -31.093  -58.078  -32.625 0.5000000000
23726  -29.714  -56.914  -21.065 0.5000000000
23749  -29.649  -57.447  -23.415 0.5000000000
23757  -18.038  -56.802  -24.239 0.5000000000
23803  -19.997  -57.602  -27.642 0.6000000238
23805  -29.347  -57.383  -27.212 0.6000000238
23819  -29.804  -57.426  -28.222 0.6999999881
23820  -30.215  -56.989  -29.088 0.6999999881
23830  -30.537  -57.049  -30.904 0.6000000238
23839  -30.901  -57.217  -31.772 0.5000000000
23854  -30.987  -57.439  -32.557 0.5000000000
24707  -30.147  -56.195  -20.724 0.5000000000
24718  -29.857  -56.179  -22.584 0.5000000000
24726  -29.932  -56.640  -23.852 0.4000000060
24734  -30.098  -55.869  -24.514 0.5000000000
24735  -29.931  -55.733  -23.803 0.5000000000
24743  -29.577  -56.117  -26.088 0.6999999881
24766  -22.057  -56.318  -27.948 0.6000000238
24767  -29.899  -55.596  -27.397 0.6999999881
24785  -21.327  -56.971  -28.021 0.6000000238
24787  -23.717  -56.742  -28.293 0.5000000000
24808  -30.159  -56.441  -29.700 0.6000000238
24829  -30.245  -56.302  -30.539 0.6000000238
25713  -29.830  -55.157  -21.550 0.5000000000
25722  -18.030  -55.206  -23.245 0.5000000000
25723  -18.987  -55.175  -22.828 0.5000000000
25733  -29.339  -55.006  -22.764 0.5000000000
25734  -29.717  -55.582  -23.073 0.5000000000
25747  -18.487  -55.508  -25.847 0.5000000000
25748  -19.210  -55.075  -26.207 0.5000000000
25759  -20.687  -54.512  -27.019 0.6000000238
25769  -21.623  -54.781  -27.312 0.6000000238
25771  -23.290  -54.927  -27.750 0.6999999881
25772  -29.955  -54.963  -27.121 0.6999999881
25780  -22.950  -56.173  -27.995 0.6000000238
25783  -25.786  -55.853  -28.364 0.6000000238
25785  -29.552  -55.750  -28.247 0.6000000238
25792  -26.162  -56.159  -28.899 0.6000000238
25794  -29.494  -55.486  -30.585 0.6000000238
25804  -28.027  -55.171  -30.848 0.5000000000
25805  -29.589  -55.246  -31.246 0.5000000000
25806  -30.046  -55.599  -30.979 0.6000000238
25818  -29.990  -55.437  -31.627 0.5000000000
25827  -29.497  -55.481  -32.235 0.5000000000
26635  -28.074  -54.263  -19.945 0.5000000000
26636  -29.233  -54.118  -19.823 0.5000000000
26649  -21.254  -53.773  -20.708 0.6000000238
26654  -27.318  -54.718  -20.491 0.5000000000
26657  -30.057  -54.933  -20.804 0.5000000000
26664  -18.734  -54.230  -22.025 0.4000000060
26665  -22.371  -54.514  -21.126 0.6000000238
26668  -25.622  -54.282  -21.166 0.6999999881
26670  -29.110  -54.705  -21.441 0.5000000000
26677  -16.388  -54.804  -23.125 0.5000000000
26681  -21.586  -54.673  -21.752 0.6000000238
26682  -22.681  -54.784  -22.060 0.6000000238
26683  -23.625  -54.920  -22.429 0.6000000238
26685  -25.304  -55.024  -22.687 0.6999999881
26687  -27.278  -55.256  -22.077 0.6000000238
26688  -29.016  -54.699  -22.422 0.5000000000
26702  -28.406  -54.631  -23.593 0.6000000238
26711  -20.054  -54.426  -25.159 0.5000000000
26713  -22.765  -54.241  -24.849 0.6000000238
26714  -23.636  -54.480  -24.545 0.6000000238
26716  -25.421  -54.627  -24.467 0.6000000238
26717  -26.467  -54.361  -24.601 0.6000000238
26719  -28.930  -55.099  -24.198 0.5000000000
26724  -19.822  -54.440  -26.010 0.5000000000
26739  -22.203  -53.538  -26.656 0.6000000238
26740  -28.990  -54.453  -26.713 0.6999999881
26741  -29.612  -54.780  -26.513 0.6999999881
26747  -23.962  -54.288  -27.556 0.6999999881
26748  -24.941  -54.468  -27.519 0.6999999881
26751  -27.968  -54.398  -27.788 0.6999999881
26758  -25.345  -55.176  -27.871 0.6999999881
26760  -28.469  -55.058  -28.216 0.6999999881
26770  -27.062  -55.016  -28.823 0.5000000000
26771  -27.394  -55.112  -29.697 0.5000000000
26773  -28.962  -55.471  -28.743 0.6000000238
26783  -28.547  -55.135  -30.520 0.6000000238
26792  -28.907  -55.092  -31.391 0.5000000000
27690  -27.602  -53.603  -19.840 0.6000000238
27705  -20.901  -52.906  -20.637 0.6000000238
27707  -23.572  -53.086  -20.449 0.6999999881
27718  -20.334  -53.600  -21.008 0.6000000238
27719  -25.015  -53.914  -21.057 0.6999999881
27727  -17.959  -53.984  -22.911 0.5000000000
27741  -27.233  -54.044  -25.071 0.6000000238
27742  -27.908  -54.170  -25.019 0.6000000238
27752  -23.911  -53.721  -25.958 0.6000000238
27756  -28.282  -54.327  -25.763 0.6000000238
27761  -23.592  -53.625  -26.588 0.6000000238
27763  -25.230  -53.924  -26.750 0.6000000238
27764  -26.185  -53.809  -26.944 0.6000000238
27765  -27.502  -53.753  -26.828 0.6000000238
27766  -28.260  -54.197  -26.476 0.6000000238
27772  -22.966  -53.672  -26.937 0.6000000238
27773  -23.719  -53.864  -27.166 0.6000000238
27774  -24.579  -54.056  -27.221 0.6000000238
27786  -27.284  -54.346  -28.113 0.6999999881
28680  -20.703  -51.897  -20.889 0.5000000000
28681  -21.592  -52.255  -20.489 0.6000000238
28682  -22.586  -52.708  -20.374 0.6000000238
28683  -24.026  -52.222  -20.438 0.6000000238
28686  -26.283  -52.841  -20.599 0.6000000238
28697  -19.429  -52.727  -22.001 0.4000000060
28707  -18.704  -52.425  -23.224 0.5000000000
29605  -23.569  -51.477  -20.571 0.6999999881
29607  -25.367  -51.698  -20.869 0.6000000238
30589  -23.065  -50.900  -20.914 0.6000000238
30591  -24.974  -50.863  -20.878 0.5000000000
30608  -20.952  -50.921  -22.443 0.5000000000
30610  -22.693  -50.556  -21.595 0.6999999881
30612  -24.582  -50.442  -21.259 0.6000000238
30616  -28.448  -50.129  -20.762 0.4000000060
30628  -20.760  -50.755  -23.375 0.4000000060
30630  -22.446  -50.563  -22.670 0.5000000000
30632  -24.165  -50.175  -22.055 0.6000000238
30643  -21.619  -50.529  -24.383 0.3000000119
30644  -22.378  -50.581  -23.790 0.4000000060
31601  -27.011  -49.672  -21.424 0.5000000000
31619  -25.037  -49.607  -22.756 0.5000000000
31620  -25.703  -49.174  -22.888 0.5000000000
31623  -29.484  -49.461  -22.503 0.4000000060
31624  -30.816  -49.566  -22.317 0.4000000060
31642  -24.657  -50.034  -23.488 0.5000000000
31643  -25.280  -49.651  -23.704 0.5000000000
31645  -29.047  -48.784  -23.203 0.4000000060
31649  -33.392  -49.498  -23.566 0.4000000060
31661  -21.521  -49.605  -25.067 0.4000000060
31666  -31.113  -50.007  -25.276 0.4000000060
31668  -32.707  -49.506  -24.232 0.3000000119
31677  -23.769  -49.565  -25.853 0.4000000060
31679  -25.503  -49.847  -25.648 0.4000000060
31681  -31.073  -49.912  -26.102 0.4000000060
32545  -18.403  -48.166  -17.061 0.3000000119
32621  -27.387  -48.581  -23.973 0.5000000000
32625  -33.959  -49.132  -24.158 0.4000000060
32633  -21.213  -48.512  -24.908 0.3000000119
32637  -28.462  -48.483  -25.368 0.4000000060
32638  -30.023  -48.989  -25.310 0.4000000060
32640  -32.380  -49.159  -24.893 0.3000000119
32645  -23.175  -48.660  -26.273 0.4000000060
32646  -24.002  -48.644  -26.308 0.4000000060
32647  -24.967  -49.289  -26.422 0.4000000060
32657  -26.242  -48.709  -27.315 0.3000000119
32661  -30.808  -49.409  -26.969 0.4000000060
32665  -27.987  -48.418  -27.302 0.3000000119
32668  -30.552  -48.801  -27.763 0.4000000060
32669  -31.165  -48.503  -27.930 0.4000000060
33513  -20.019  -47.977  -17.632 0.3000000119
33539  -17.518  -47.030  -20.515 0.3000000119
33541  -19.418  -47.774  -20.716 0.3000000119
33551  -20.752  -47.720  -21.250 0.4000000060
33568  -22.692  -47.148  -22.844 0.3000000119
33581  -22.171  -47.160  -23.857 0.3000000119
33590  -32.126  -47.956  -25.360 0.4000000060
33595  -23.148  -47.546  -26.131 0.3000000119
33597  -31.711  -48.489  -26.350 0.4000000060
33602  -25.410  -47.822  -27.447 0.3000000119
33610  -30.014  -47.967  -28.116 0.3000000119
33611  -30.825  -47.933  -28.269 0.3000000119
34569  -17.262  -45.979  -17.340 0.3000000119
34609  -18.533  -45.837  -21.164 0.4000000060
34610  -19.545  -46.362  -21.146 0.4000000060
34626  -23.359  -46.462  -22.837 0.3000000119
34640  -24.659  -46.160  -23.476 0.3000000119
34641  -25.231  -46.143  -24.094 0.3000000119
34652  -24.383  -46.524  -24.344 0.3000000119
34669  -25.206  -46.606  -27.075 0.3000000119
34671  -31.133  -46.944  -27.697 0.3000000119
34672  -31.533  -47.631  -27.140 0.3000000119
35656  -15.143  -44.891  -18.591 0.4000000060
35657  -15.931  -44.542  -18.198 0.4000000060
35665  -15.249  -44.856  -19.301 0.3000000119
35687  -17.432  -44.235  -21.073 0.4000000060
35688  -18.901  -45.238  -21.884 0.4000000060
35689  -20.752  -45.984  -21.787 0.4000000060
35690  -21.375  -46.493  -21.620 0.3000000119
35713  -24.608  -45.741  -23.211 0.3000000119
35714  -25.348  -45.659  -23.470 0.3000000119
35715  -26.027  -45.343  -23.653 0.3000000119
35727  -27.198  -45.082  -24.840 0.3000000119
36816  -17.348  -43.818  -18.597 0.3000000119
36827  -15.861  -44.386  -19.559 0.3000000119
36837  -16.307  -44.363  -20.155 0.4000000060
36838  -16.954  -43.956  -20.548 0.4000000060
36862  -19.312  -44.541  -22.495 0.4000000060
36864  -20.716  -44.574  -22.951 0.4000000060
36865  -22.226  -44.829  -23.052 0.4000000060
36866  -23.103  -44.880  -22.989 0.3000000119
36867  -24.028  -45.408  -23.004 0.3000000119
36878  -21.468  -44.225  -23.265 0.3000000119
36882  -25.662  -44.911  -23.418 0.3000000119
36893  -27.005  -44.671  -24.300 0.3000000119
36910  -27.400  -44.451  -26.138 0.3000000119
37862  -17.644  -43.504  -19.445 0.3000000119
37873  -18.023  -43.042  -20.046 0.4000000060
37885  -18.501  -42.975  -20.788 0.4000000060
37901  -18.916  -43.440  -22.223 0.4000000060
37902  -19.591  -42.869  -22.152 0.3000000119
37923  -20.123  -43.481  -22.750 0.4000000060
37938  -21.482  -43.278  -23.597 0.4000000060
37943  -26.656  -44.110  -23.912 0.3000000119
37956  -27.194  -43.823  -24.290 0.3000000119
37957  -27.403  -43.539  -24.810 0.3000000119
37982  -27.588  -43.586  -26.798 0.3000000119
38914  -20.236  -42.544  -21.708 0.4000000060
38931  -20.809  -42.264  -21.848 0.3000000119
38973  -22.153  -42.141  -24.059 0.3000000119
38994  -22.790  -42.521  -24.543 0.3000000119
39014  -27.334  -42.759  -26.477 0.3000000119
40075  -21.432  -41.852  -22.842 0.3000000119
128901  -18.845  -43.243  -19.917 0.4000000060
129141  -37.169  -66.306  -33.363 0.5000000000
129198  -24.827  -46.289  -25.224 0.3000000119
129383  -26.868  -49.138  -26.083 0.5000000000
129607  -36.604  -74.508  -27.865 0.6000000238
129738  -33.871  -67.396  -30.203 0.6000000238
130572  -32.214  -60.759  -26.960 0.5000000000
130663  -33.478  -67.156  -26.692 0.6000000238
130689  -26.642  -52.129  -20.446 0.6000000238
130820  -38.699  -62.095  -22.380 0.5000000000
131036  -34.410  -67.440  -26.798 0.5000000000
131179  -29.297  -61.779  -24.221 0.5000000000
131782  -24.986  -53.147  -20.828 0.6000000238
131890  -18.044  -46.387  -20.854 0.4000000060
132162  -28.140  -55.014  -20.883 0.6000000238
132321  -26.097  -55.113  -28.075 0.6999999881
132360  -36.642  -71.422  -28.917 0.6000000238
132966  -27.451  -71.181  -24.450 0.5000000000
133033  -37.565  -65.075  -21.173 0.5000000000
133391  -34.961  -74.335  -26.035 0.5000000000
133491  -31.220  -49.919  -24.358 0.4000000060
133550  -32.305  -67.766  -27.858 0.6000000238
133659  -37.089  -71.558  -30.193 0.6000000238
133699  -31.465  -68.836  -26.955 0.6000000238
134070  -37.995  -75.190  -34.130 0.6000000238
134072  -26.932  -42.009  -27.287 0.3000000119
134083  -41.670  -72.817  -28.461 0.4000000060
134588  -24.346  -50.126  -25.025 0.4000000060
134792  -39.618  -76.562  -29.932 0.5000000000
134816  -40.009  -69.399  -35.276 0.4000000060
134850  -29.682  -55.279  -25.822 0.6000000238
135186  -36.764  -66.693  -31.313 0.5000000000
135527  -41.519  -73.952  -27.118 0.4000000060
135539  -41.034  -63.051  -31.935 0.4000000060
135592  -37.392  -74.649  -28.040 0.6000000238
135659  -28.798  -54.654  -25.141 0.6000000238
135804  -26.916  -53.612  -27.109 0.6000000238
135826  -33.343  -63.627  -27.808 0.6000000238
135880  -38.228  -65.168  -32.910 0.5000000000
136392  -37.667  -66.509  -28.530 0.6000000238
136854  -40.512  -70.875  -33.986 0.4000000060
137175  -34.414  -70.561  -30.241 0.5000000000
137239  -30.104  -55.496  -21.058 0.5000000000
137245  -32.276  -62.519  -23.420 0.6000000238
137446  -24.340  -52.864  -20.582 0.6999999881
137465  -29.364  -56.921  -26.396 0.6999999881
137507  -26.181  -55.094  -22.948 0.6999999881
138412  -30.363  -57.689  -30.360 0.6000000238
138437  -30.232  -73.734  -29.108 0.5000000000
138560  -22.745  -53.650  -20.444 0.6000000238
139278  -19.976  -54.988  -22.757 0.5000000000
139497  -40.060  -65.145  -23.972 0.6000000238
139704  -40.652  -74.816  -25.586 0.3000000119
139945  -21.654  -53.688  -26.234 0.6000000238
140181  -32.174  -71.722  -26.306 0.6999999881
140194  -16.316  -44.065  -18.778 0.3000000119
140200  -25.991  -54.764  -21.532 0.6999999881
140589  -38.563  -74.528  -30.251 0.6999999881
140668  -38.327  -63.578  -21.527 0.4000000060
140901  -29.787  -55.480  -27.566 0.6999999881
141427  -29.225  -60.358  -27.570 0.6000000238
141515  -20.796  -53.966  -25.941 0.6000000238
141568  -22.915  -57.512  -28.588 0.5000000000
142021  -23.876  -54.940  -23.520 0.6000000238
142227  -33.344  -63.647  -26.987 0.6000000238
142349  -26.469  -49.190  -22.211 0.5000000000
142758  -30.812  -65.423  -25.237 0.6999999881
142898  -35.234  -73.007  -25.869 0.5000000000
143000  -28.446  -54.707  -22.944 0.6000000238
143301  -36.735  -72.420  -20.968 0.3000000119
144060  -27.829  -54.896  -22.724 0.6000000238
144314  -22.533  -54.520  -27.512 0.6000000238
144391  -30.062  -56.542  -28.393 0.6999999881
144652  -29.102  -69.685  -23.450 0.5000000000
144874  -24.906  -50.096  -24.350 0.5000000000
144895  -37.720  -70.501  -33.947 0.4000000060
144913  -24.493  -55.014  -22.691 0.6000000238
145056  -20.646  -57.574  -28.005 0.6000000238
145490  -29.578  -57.510  -24.880 0.6000000238
145699  -38.358  -72.838  -29.690 0.6999999881
146130  -27.331  -54.565  -23.620 0.6000000238
146308  -32.645  -68.857  -29.232 0.6000000238
146346  -29.172  -55.471  -29.805 0.6000000238
146383  -24.301  -53.572  -20.736 0.6999999881
146539  -19.547  -45.687  -18.417 0.3000000119
146601  -20.199  -46.516  -18.264 0.3000000119
146720  -18.046  -44.396  -17.980 0.3000000119
147087  -35.332  -68.484  -33.409 0.5000000000
147254  -36.289  -63.331  -26.761 0.6000000238
147927  -17.732  -43.415  -20.868 0.4000000060
148144  -28.871  -67.218  -24.316 0.5000000000
148247  -41.356  -71.389  -31.421 0.3000000119
148313  -31.670  -68.859  -27.473 0.6000000238
148344  -37.659  -65.419  -32.070 0.5000000000
148362  -36.823  -72.520  -27.340 0.6000000238
148889  -31.081  -49.046  -27.466 0.3000000119
148934  -28.837  -61.500  -24.514 0.5000000000
149105  -41.294  -67.288  -34.608 0.4000000060
149142  -19.599  -54.927  -22.134 0.4000000060
149887  -26.275  -49.426  -24.492 0.5000000000
150735  -22.378  -47.165  -22.129 0.3000000119
150939  -35.231  -64.476  -25.765 0.6000000238
151053  -29.929  -73.709  -26.556 0.5000000000
151060  -28.248  -75.171  -28.255 0.4000000060
151176  -36.073  -66.803  -32.950 0.5000000000
151575  -33.859  -67.916  -31.496 0.5000000000
151920  -29.913  -55.289  -24.356 0.5000000000
152064  -40.654  -68.923  -34.223 0.4000000060
152147  -28.721  -60.514  -26.539 0.6000000238
152276  -21.163  -42.498  -23.050 0.3000000119
152320  -22.929  -46.903  -22.591 0.3000000119
152631  -30.213  -60.873  -29.355 0.6000000238
152743  -28.020  -54.697  -20.346 0.5000000000
152753  -27.731  -48.880  -22.563 0.5000000000
152798  -42.166  -62.250  -31.463 0.4000000060
153054  -29.120  -47.434  -28.127 0.3000000119
153119  -38.125  -65.492  -30.223 0.4000000060
153285  -38.085  -69.994  -34.734 0.4000000060
153474  -31.232  -49.922  -25.570 0.4000000060
153540  -26.557  -49.212  -26.848 0.4000000060
153614  -26.361  -48.977  -23.111 0.5000000000
153711  -24.837  -54.895  -22.176 0.6999999881
154045  -41.571  -73.432  -29.254 0.4000000060
154124  -35.633  -76.079  -32.081 0.5000000000
154673  -35.940  -63.591  -27.022 0.5000000000
154887  -36.394  -73.020  -22.402 0.3000000119
155317  -19.809  -54.778  -26.344 0.6000000238
155409  -34.452  -65.958  -24.665 0.5000000000
155827  -22.367  -54.591  -23.492 0.6000000238
156035  -27.681  -55.157  -30.259 0.5000000000
156289  -33.576  -73.507  -25.539 0.6000000238
156479  -19.372  -54.814  -24.629 0.5000000000
