#!ascii label  , from subject sub125 vox2ras=TkReg
569
11995  -51.548  -69.518  -9.627 0.0000000000
155374  -44.789  -67.171  -16.864 0.0000000000
16607  -49.579  -64.099  -15.171 0.0000000000
12080  -50.438  -69.358  -16.155 0.0000000000
149781  -51.392  -62.905  -20.104 0.0000000000
16577  -46.565  -64.626  -9.615 0.0000000000
22733  -44.248  -59.143  -13.414 0.0000000000
155170  -46.996  -56.628  -6.942 0.0000000000
20800  -48.932  -60.871  -16.062 0.0000000000
17670  -52.631  -63.404  -18.287 0.0000000000
20802  -52.019  -60.202  -17.734 0.0000000000
18652  -44.761  -61.740  -11.824 0.0000000000
21737  -41.585  -59.623  -10.751 0.0000000000
25552  -50.816  -55.279  -8.121 0.0000000000
24582  -48.345  -56.165  -9.349 0.0000000000
10143  -49.568  -72.566  -11.233 0.0000000000
12924  -47.784  -68.467  -16.306 0.0000000000
135928  -47.238  -72.515  -16.257 0.0000000000
11201  -45.128  -70.985  -17.383 0.0000000000
15621  -50.518  -65.932  -12.631 0.0000000000
12019  -50.536  -68.916  -12.781 0.0000000000
15659  -50.928  -66.021  -18.129 0.0000000000
15665  -48.047  -65.201  -18.370 0.0000000000
17615  -47.716  -64.293  -12.184 0.0000000000
19731  -45.944  -62.144  -15.024 0.0000000000
135614  -47.810  -59.803  -13.325 0.0000000000
22680  -42.908  -57.933  -8.361 0.0000000000
139122  -44.613  -56.712  -10.626 0.0000000000
23619  -48.039  -57.879  -11.330 0.0000000000
22709  -52.230  -59.072  -11.632 0.0000000000
10178  -48.559  -71.715  -14.503 0.0000000000
19744  -42.293  -62.233  -17.097 0.0000000000
14728  -42.491  -66.251  -18.145 0.0000000000
14741  -44.806  -67.181  -20.719 0.0000000000
20784  -50.537  -59.924  -15.380 0.0000000000
149019  -50.902  -60.461  -17.062 0.0000000000
11109  -50.887  -70.904  -10.424 0.0000000000
13782  -46.128  -67.613  -16.471 0.0000000000
137247  -46.050  -69.163  -16.197 0.0000000000
12076  -44.590  -69.266  -16.871 0.0000000000
11215  -44.990  -70.821  -18.256 0.0000000000
12091  -43.752  -69.223  -18.060 0.0000000000
16598  -50.275  -65.326  -13.762 0.0000000000
16604  -51.511  -65.014  -14.765 0.0000000000
17686  -52.950  -63.007  -19.368 0.0000000000
15670  -52.405  -64.794  -18.365 0.0000000000
16651  -51.144  -64.747  -19.000 0.0000000000
15666  -49.225  -65.227  -18.476 0.0000000000
17685  -49.373  -63.926  -19.382 0.0000000000
16589  -49.104  -65.340  -11.418 0.0000000000
16583  -47.533  -64.451  -10.866 0.0000000000
19706  -43.464  -60.670  -12.889 0.0000000000
18663  -45.288  -62.208  -13.136 0.0000000000
145535  -45.066  -60.992  -14.451 0.0000000000
20768  -46.510  -60.471  -14.682 0.0000000000
151453  -46.025  -59.509  -13.715 0.0000000000
23578  -45.165  -57.204  -7.751 0.0000000000
24567  -42.652  -56.695  -9.095 0.0000000000
25566  -44.978  -55.642  -9.014 0.0000000000
23592  -50.483  -57.040  -9.953 0.0000000000
23601  -48.460  -57.109  -10.772 0.0000000000
23621  -49.827  -57.814  -11.101 0.0000000000
22707  -49.879  -58.659  -11.702 0.0000000000
12037  -50.582  -69.439  -14.937 0.0000000000
146906  -49.489  -70.643  -13.697 0.0000000000
10192  -49.596  -70.731  -15.628 0.0000000000
7478  -46.652  -73.929  -16.573 0.0000000000
140402  -41.224  -61.430  -16.981 0.0000000000
17666  -42.435  -63.778  -17.511 0.0000000000
15682  -43.836  -65.756  -20.843 0.0000000000
17656  -49.428  -63.067  -16.439 0.0000000000
17657  -51.545  -63.525  -16.919 0.0000000000
18711  -50.315  -61.845  -17.258 0.0000000000
19759  -52.439  -61.597  -18.601 0.0000000000
18758  -53.513  -62.000  -19.823 0.0000000000
17607  -45.866  -62.881  -10.435 0.0000000000
19700  -43.339  -60.746  -11.835 0.0000000000
21747  -42.804  -59.004  -11.828 0.0000000000
24556  -48.964  -56.265  -7.339 0.0000000000
25568  -47.682  -55.813  -8.791 0.0000000000
24573  -49.465  -56.144  -8.196 0.0000000000
24584  -50.004  -56.490  -9.165 0.0000000000
25586  -51.431  -55.560  -10.304 0.0000000000
12925  -49.025  -68.664  -16.321 0.0000000000
11182  -49.004  -70.546  -16.044 0.0000000000
12056  -47.826  -70.297  -16.065 0.0000000000
10200  -46.574  -71.670  -16.347 0.0000000000
9311  -46.240  -73.060  -18.442 0.0000000000
9330  -46.396  -72.598  -19.391 0.0000000000
11224  -46.464  -71.077  -19.586 0.0000000000
153032  -46.692  -69.558  -20.327 0.0000000000
13753  -51.321  -66.973  -11.312 0.0000000000
12879  -50.993  -68.584  -11.280 0.0000000000
12906  -51.354  -67.705  -14.516 0.0000000000
12928  -51.390  -68.005  -16.205 0.0000000000
16610  -52.517  -64.815  -16.361 0.0000000000
14724  -52.054  -66.527  -17.574 0.0000000000
13792  -50.667  -67.386  -17.172 0.0000000000
14713  -49.508  -66.945  -17.218 0.0000000000
14720  -47.517  -66.324  -17.357 0.0000000000
15655  -46.101  -65.673  -17.656 0.0000000000
15600  -50.529  -66.074  -11.313 0.0000000000
16592  -49.265  -65.277  -12.767 0.0000000000
16601  -48.971  -64.674  -13.917 0.0000000000
17618  -46.685  -63.177  -12.287 0.0000000000
17623  -47.387  -63.815  -13.486 0.0000000000
17654  -47.884  -63.453  -15.554 0.0000000000
19746  -47.971  -61.766  -16.119 0.0000000000
20770  -48.161  -60.399  -14.857 0.0000000000
20756  -49.548  -60.025  -13.976 0.0000000000
23584  -41.546  -57.459  -9.141 0.0000000000
23614  -42.437  -57.666  -10.844 0.0000000000
133132  -43.896  -57.877  -11.416 0.0000000000
24592  -45.896  -56.215  -10.304 0.0000000000
23617  -45.850  -57.783  -11.228 0.0000000000
22722  -45.613  -58.726  -12.405 0.0000000000
22724  -47.482  -59.361  -12.066 0.0000000000
21764  -49.697  -59.562  -12.758 0.0000000000
11131  -49.797  -70.663  -12.332 0.0000000000
9233  -48.467  -73.140  -12.355 0.0000000000
154249  -48.232  -71.928  -15.757 0.0000000000
8326  -46.415  -73.903  -15.063 0.0000000000
18733  -47.778  -62.843  -19.440 0.0000000000
16647  -46.726  -64.251  -18.726 0.0000000000
16634  -45.296  -65.036  -17.859 0.0000000000
16632  -43.208  -64.467  -17.527 0.0000000000
133274  -43.620  -66.817  -17.469 0.0000000000
132264  -43.486  -68.145  -19.180 0.0000000000
12959  -44.848  -67.970  -20.249 0.0000000000
141750  -50.852  -60.023  -14.520 0.0000000000
11096  -51.037  -71.198  -9.424 0.0000000000
11994  -51.365  -70.217  -9.983 0.0000000000
14709  -45.544  -67.008  -16.748 0.0000000000
12922  -45.202  -68.757  -16.513 0.0000000000
12921  -44.546  -68.515  -16.838 0.0000000000
12936  -44.015  -68.842  -17.294 0.0000000000
13791  -44.121  -67.765  -17.157 0.0000000000
155485  -50.395  -64.332  -14.941 0.0000000000
16603  -50.744  -64.860  -14.464 0.0000000000
149941  -51.186  -64.388  -15.191 0.0000000000
17694  -52.422  -63.265  -19.805 0.0000000000
16662  -52.543  -63.593  -19.304 0.0000000000
144959  -51.305  -63.582  -19.758 0.0000000000
16660  -50.609  -64.099  -19.434 0.0000000000
17693  -50.246  -63.349  -19.763 0.0000000000
15585  -47.105  -65.262  -8.757 0.0000000000
16578  -47.354  -64.874  -9.875 0.0000000000
16584  -48.164  -65.176  -10.205 0.0000000000
16582  -46.818  -64.083  -10.455 0.0000000000
21777  -43.605  -59.618  -13.407 0.0000000000
143741  -44.456  -61.235  -13.767 0.0000000000
21778  -44.340  -59.942  -13.875 0.0000000000
21791  -45.080  -60.309  -14.217 0.0000000000
21779  -45.184  -59.470  -13.739 0.0000000000
24540  -47.459  -57.005  -6.540 0.0000000000
23575  -48.086  -57.428  -6.126 0.0000000000
24539  -46.702  -57.296  -6.855 0.0000000000
23579  -45.895  -57.473  -7.478 0.0000000000
24553  -45.569  -56.532  -7.716 0.0000000000
24569  -44.476  -55.907  -8.585 0.0000000000
25551  -46.204  -55.848  -8.011 0.0000000000
151787  -51.248  -57.040  -10.125 0.0000000000
23602  -50.210  -57.453  -10.488 0.0000000000
22689  -50.608  -58.055  -11.133 0.0000000000
23604  -51.852  -57.727  -10.542 0.0000000000
12057  -50.564  -69.539  -15.756 0.0000000000
11150  -50.226  -70.167  -15.461 0.0000000000
12079  -50.195  -70.165  -16.004 0.0000000000
16645  -41.449  -63.752  -18.300 0.0000000000
149922  -42.326  -65.326  -19.797 0.0000000000
15680  -42.528  -64.661  -20.226 0.0000000000
19747  -48.773  -61.601  -16.402 0.0000000000
18697  -49.450  -62.207  -16.784 0.0000000000
19748  -49.588  -61.357  -16.701 0.0000000000
20816  -51.618  -60.918  -17.865 0.0000000000
19758  -51.171  -61.531  -17.695 0.0000000000
19776  -53.311  -61.575  -19.668 0.0000000000
137746  -52.821  -60.527  -19.060 0.0000000000
20738  -42.808  -60.207  -11.759 0.0000000000
21746  -42.152  -59.013  -11.246 0.0000000000
24542  -49.315  -56.490  -6.544 0.0000000000
24557  -49.777  -56.142  -7.346 0.0000000000
24574  -50.121  -55.870  -8.275 0.0000000000
24585  -51.022  -56.272  -9.847 0.0000000000
9216  -48.719  -73.882  -11.372 0.0000000000
13784  -48.336  -67.743  -16.584 0.0000000000
129496  -48.456  -69.501  -16.164 0.0000000000
131354  -47.209  -69.269  -16.117 0.0000000000
11181  -45.635  -70.931  -16.619 0.0000000000
131997  -46.300  -70.750  -16.222 0.0000000000
10199  -45.758  -71.782  -17.028 0.0000000000
10210  -45.508  -71.664  -17.871 0.0000000000
9310  -45.905  -72.247  -18.483 0.0000000000
11222  -44.841  -70.357  -18.977 0.0000000000
11223  -45.521  -71.005  -18.915 0.0000000000
150410  -45.635  -70.500  -19.362 0.0000000000
11237  -47.094  -70.667  -20.209 0.0000000000
12115  -46.411  -70.136  -19.947 0.0000000000
14677  -51.265  -66.544  -12.034 0.0000000000
137039  -51.337  -67.081  -11.708 0.0000000000
12913  -51.770  -67.504  -15.336 0.0000000000
137030  -52.011  -67.255  -16.094 0.0000000000
155868  -52.370  -63.733  -17.462 0.0000000000
16621  -52.337  -64.211  -16.713 0.0000000000
17658  -52.571  -64.041  -17.713 0.0000000000
15660  -52.285  -65.991  -17.923 0.0000000000
14729  -51.871  -66.102  -18.113 0.0000000000
13793  -51.633  -67.186  -17.162 0.0000000000
14723  -51.324  -66.674  -17.665 0.0000000000
16649  -48.683  -64.542  -18.935 0.0000000000
15657  -48.773  -65.802  -17.930 0.0000000000
135291  -47.965  -65.863  -17.772 0.0000000000
14719  -46.676  -66.263  -17.283 0.0000000000
15656  -47.105  -65.600  -17.889 0.0000000000
16588  -48.411  -64.926  -11.855 0.0000000000
132056  -49.190  -65.308  -12.137 0.0000000000
16591  -48.498  -64.854  -12.542 0.0000000000
16596  -48.697  -64.747  -13.230 0.0000000000
17620  -47.958  -64.274  -12.962 0.0000000000
18653  -45.520  -62.066  -11.301 0.0000000000
18654  -46.079  -62.626  -10.986 0.0000000000
18658  -46.080  -62.656  -11.822 0.0000000000
18672  -45.390  -62.139  -14.395 0.0000000000
138087  -46.137  -63.021  -13.782 0.0000000000
17626  -46.768  -63.366  -14.198 0.0000000000
17627  -47.474  -63.803  -14.316 0.0000000000
17638  -47.174  -63.413  -15.017 0.0000000000
18695  -47.867  -62.802  -16.022 0.0000000000
19732  -46.624  -61.876  -15.484 0.0000000000
137177  -47.123  -60.128  -14.244 0.0000000000
20769  -47.421  -60.493  -14.811 0.0000000000
21794  -47.865  -60.083  -14.109 0.0000000000
20755  -48.870  -60.161  -14.428 0.0000000000
133938  -49.109  -60.001  -13.601 0.0000000000
22679  -41.981  -57.747  -8.621 0.0000000000
24589  -43.294  -56.516  -10.127 0.0000000000
24577  -42.607  -56.712  -9.779 0.0000000000
23596  -42.837  -57.103  -10.498 0.0000000000
23615  -43.151  -57.764  -11.170 0.0000000000
24581  -47.535  -55.985  -9.568 0.0000000000
25573  -46.813  -55.633  -9.206 0.0000000000
23600  -47.448  -57.048  -10.807 0.0000000000
23618  -46.927  -58.042  -11.315 0.0000000000
22703  -45.312  -58.309  -11.749 0.0000000000
22704  -46.189  -58.574  -11.703 0.0000000000
22723  -46.573  -59.144  -12.338 0.0000000000
22705  -47.680  -58.844  -11.647 0.0000000000
22708  -51.075  -58.831  -11.634 0.0000000000
22726  -49.217  -59.357  -12.083 0.0000000000
21749  -50.649  -59.244  -12.087 0.0000000000
21765  -50.824  -59.401  -12.762 0.0000000000
12006  -50.588  -69.214  -11.889 0.0000000000
11115  -50.412  -70.283  -11.573 0.0000000000
11132  -50.177  -69.809  -12.950 0.0000000000
10162  -48.914  -71.495  -13.582 0.0000000000
137422  -48.071  -72.449  -13.783 0.0000000000
9232  -47.966  -73.579  -12.986 0.0000000000
9248  -47.609  -72.823  -14.278 0.0000000000
11164  -48.369  -71.252  -15.947 0.0000000000
10190  -48.433  -71.671  -15.666 0.0000000000
9271  -47.807  -72.352  -15.908 0.0000000000
7477  -45.778  -74.766  -16.335 0.0000000000
8339  -46.854  -73.503  -15.966 0.0000000000
18754  -48.939  -61.925  -19.776 0.0000000000
18753  -47.899  -61.960  -19.526 0.0000000000
16646  -45.800  -64.189  -18.409 0.0000000000
149153  -44.848  -64.108  -18.057 0.0000000000
16631  -42.462  -64.680  -17.700 0.0000000000
133130  -42.996  -65.358  -17.557 0.0000000000
15652  -43.615  -65.938  -17.424 0.0000000000
130474  -42.955  -66.144  -17.673 0.0000000000
14716  -42.969  -66.918  -17.916 0.0000000000
13798  -42.681  -66.922  -18.655 0.0000000000
14740  -43.967  -66.729  -20.552 0.0000000000
13816  -44.046  -67.521  -20.216 0.0000000000
20783  -49.551  -60.221  -15.539 0.0000000000
20801  -49.925  -60.611  -16.500 0.0000000000
21803  -50.519  -60.005  -16.258 0.0000000000
21817  -51.393  -59.971  -16.822 0.0000000000
21818  -52.250  -59.586  -17.066 0.0000000000
138754  -50.503  -55.289  -8.924 0.0000000000
11108  -50.224  -71.621  -11.096 0.0000000000
13783  -47.174  -67.494  -16.531 0.0000000000
12923  -46.677  -68.350  -16.269 0.0000000000
152017  -45.828  -68.327  -16.355 0.0000000000
156243  -45.250  -69.482  -16.516 0.0000000000
11180  -44.890  -70.172  -16.929 0.0000000000
12092  -44.236  -69.687  -17.519 0.0000000000
11214  -44.272  -69.944  -18.381 0.0000000000
12105  -43.858  -69.327  -18.724 0.0000000000
15631  -50.639  -65.748  -13.307 0.0000000000
16599  -51.001  -65.421  -14.048 0.0000000000
15639  -51.539  -65.499  -14.436 0.0000000000
15640  -52.026  -65.632  -14.873 0.0000000000
17671  -52.622  -63.550  -18.615 0.0000000000
16637  -52.553  -64.415  -18.085 0.0000000000
16653  -52.552  -63.988  -18.792 0.0000000000
16652  -52.150  -64.623  -18.804 0.0000000000
15668  -51.578  -65.451  -18.526 0.0000000000
15658  -49.803  -65.849  -18.031 0.0000000000
15667  -50.427  -65.335  -18.547 0.0000000000
16650  -49.872  -64.650  -18.968 0.0000000000
148853  -48.308  -65.020  -11.125 0.0000000000
16587  -47.812  -64.545  -11.558 0.0000000000
19707  -44.069  -61.268  -12.338 0.0000000000
18657  -45.387  -62.187  -12.304 0.0000000000
19714  -44.185  -61.275  -13.223 0.0000000000
18662  -44.877  -61.868  -13.683 0.0000000000
19722  -45.451  -61.509  -14.713 0.0000000000
20781  -46.116  -61.309  -15.109 0.0000000000
20767  -45.637  -60.739  -14.662 0.0000000000
21793  -46.572  -59.841  -13.999 0.0000000000
21780  -47.215  -59.816  -13.625 0.0000000000
22668  -45.275  -58.126  -8.127 0.0000000000
23587  -43.964  -57.085  -8.065 0.0000000000
23586  -42.690  -57.028  -8.588 0.0000000000
24568  -43.622  -56.457  -8.600 0.0000000000
24579  -44.181  -55.863  -9.241 0.0000000000
25583  -44.844  -55.792  -9.670 0.0000000000
151706  -49.779  -56.921  -9.835 0.0000000000
24593  -47.935  -56.454  -10.155 0.0000000000
144932  -49.382  -57.256  -10.617 0.0000000000
23620  -49.045  -57.836  -11.297 0.0000000000
22706  -48.679  -58.700  -11.705 0.0000000000
22690  -51.556  -58.277  -11.037 0.0000000000
22691  -52.499  -58.418  -10.915 0.0000000000
138725  -50.375  -69.078  -13.778 0.0000000000
12018  -50.080  -69.970  -14.432 0.0000000000
10179  -49.247  -71.126  -14.857 0.0000000000
147821  -47.380  -72.906  -16.175 0.0000000000
18706  -41.325  -62.505  -17.538 0.0000000000
18707  -41.825  -62.997  -17.379 0.0000000000
131665  -42.485  -63.055  -17.293 0.0000000000
17665  -41.879  -63.957  -17.777 0.0000000000
15650  -42.043  -64.864  -18.016 0.0000000000
15664  -42.115  -65.593  -18.383 0.0000000000
14733  -42.274  -66.237  -18.904 0.0000000000
14739  -43.154  -66.333  -20.188 0.0000000000
17640  -49.425  -63.666  -15.913 0.0000000000
16608  -50.366  -63.946  -15.632 0.0000000000
17641  -50.381  -63.479  -16.361 0.0000000000
18698  -50.545  -62.772  -17.091 0.0000000000
17669  -51.910  -63.046  -17.738 0.0000000000
20815  -50.483  -61.110  -17.176 0.0000000000
18712  -51.432  -62.181  -17.842 0.0000000000
18713  -52.626  -62.603  -18.588 0.0000000000
18714  -52.990  -62.792  -19.132 0.0000000000
18735  -53.212  -62.302  -19.593 0.0000000000
18757  -53.050  -61.931  -20.195 0.0000000000
17602  -46.159  -63.713  -10.179 0.0000000000
18650  -44.885  -61.723  -10.848 0.0000000000
19694  -43.244  -61.277  -10.807 0.0000000000
19701  -44.110  -61.326  -11.296 0.0000000000
20743  -42.992  -60.066  -12.524 0.0000000000
21760  -43.091  -59.391  -12.720 0.0000000000
24541  -48.351  -56.610  -6.579 0.0000000000
24555  -47.626  -56.371  -7.105 0.0000000000
144553  -46.988  -56.101  -7.557 0.0000000000
24571  -47.709  -55.942  -7.902 0.0000000000
24572  -48.565  -56.113  -8.282 0.0000000000
24583  -49.252  -56.388  -9.119 0.0000000000
150737  -50.591  -56.619  -9.693 0.0000000000
24595  -51.814  -56.513  -10.322 0.0000000000
12926  -50.175  -68.828  -16.457 0.0000000000
155109  -49.676  -70.586  -15.960 0.0000000000
130548  -47.203  -71.016  -16.022 0.0000000000
9289  -46.424  -73.443  -17.716 0.0000000000
10218  -45.566  -71.500  -18.477 0.0000000000
10225  -46.708  -71.811  -19.667 0.0000000000
10238  -46.937  -72.028  -20.204 0.0000000000
10239  -47.308  -71.420  -20.796 0.0000000000
11238  -47.496  -70.712  -20.693 0.0000000000
12880  -51.287  -67.864  -10.985 0.0000000000
12002  -51.330  -69.072  -10.456 0.0000000000
12884  -51.157  -67.651  -11.796 0.0000000000
12891  -50.769  -68.286  -13.124 0.0000000000
12892  -51.196  -67.544  -13.349 0.0000000000
12905  -50.730  -68.404  -14.188 0.0000000000
12038  -50.912  -68.736  -15.245 0.0000000000
12912  -50.926  -68.828  -16.007 0.0000000000
16620  -51.379  -63.990  -16.089 0.0000000000
16609  -52.021  -64.690  -15.647 0.0000000000
15661  -52.507  -65.317  -17.777 0.0000000000
14725  -52.428  -66.087  -17.303 0.0000000000
13786  -51.680  -67.433  -16.669 0.0000000000
149544  -51.187  -67.821  -16.736 0.0000000000
12927  -50.786  -68.522  -16.345 0.0000000000
13785  -49.604  -67.832  -16.717 0.0000000000
150400  -49.336  -66.305  -17.625 0.0000000000
14721  -48.498  -66.464  -17.371 0.0000000000
14711  -47.870  -66.974  -16.910 0.0000000000
152003  -47.119  -66.761  -16.904 0.0000000000
14710  -46.416  -66.875  -16.762 0.0000000000
14718  -45.845  -66.320  -17.136 0.0000000000
13746  -51.361  -67.578  -10.464 0.0000000000
14676  -51.062  -66.373  -11.600 0.0000000000
15610  -50.579  -65.941  -12.043 0.0000000000
15599  -49.793  -65.785  -10.886 0.0000000000
15609  -49.907  -65.673  -11.747 0.0000000000
16593  -49.988  -65.664  -13.029 0.0000000000
16597  -49.445  -65.131  -13.482 0.0000000000
16606  -48.870  -64.272  -14.611 0.0000000000
17608  -46.435  -63.299  -10.763 0.0000000000
17613  -46.664  -63.258  -11.437 0.0000000000
142246  -47.097  -63.679  -12.003 0.0000000000
18664  -46.022  -62.668  -12.897 0.0000000000
17622  -46.753  -63.256  -13.170 0.0000000000
17619  -47.260  -63.736  -12.636 0.0000000000
17624  -48.190  -64.265  -13.891 0.0000000000
17628  -48.006  -63.905  -14.842 0.0000000000
17639  -48.683  -63.839  -15.425 0.0000000000
17655  -48.594  -63.324  -16.036 0.0000000000
18696  -48.621  -62.505  -16.403 0.0000000000
153811  -48.390  -61.239  -16.076 0.0000000000
20782  -46.980  -61.078  -15.273 0.0000000000
154411  -47.966  -60.939  -15.572 0.0000000000
138628  -48.669  -60.483  -15.306 0.0000000000
20771  -49.878  -60.059  -14.620 0.0000000000
23591  -41.941  -56.948  -9.442 0.0000000000
23595  -41.922  -57.258  -10.235 0.0000000000
22688  -41.861  -58.068  -10.819 0.0000000000
22701  -42.609  -58.344  -11.345 0.0000000000
144523  -43.469  -58.666  -11.972 0.0000000000
22721  -44.188  -58.723  -12.782 0.0000000000
153797  -46.477  -55.607  -8.605 0.0000000000
25572  -45.449  -55.639  -9.442 0.0000000000
24591  -45.041  -56.171  -10.246 0.0000000000
24580  -46.900  -56.137  -10.185 0.0000000000
23599  -46.414  -56.998  -10.801 0.0000000000
23598  -45.434  -56.901  -10.735 0.0000000000
23616  -44.768  -57.600  -11.201 0.0000000000
152558  -44.886  -58.549  -12.413 0.0000000000
22734  -44.957  -58.738  -13.137 0.0000000000
22735  -45.825  -59.066  -13.169 0.0000000000
21761  -46.601  -59.453  -13.291 0.0000000000
21763  -48.196  -59.691  -12.626 0.0000000000
22725  -48.326  -59.424  -11.981 0.0000000000
135910  -48.857  -59.649  -12.420 0.0000000000
136283  -48.986  -59.877  -12.928 0.0000000000
21782  -49.664  -59.864  -13.432 0.0000000000
21783  -50.566  -59.704  -13.427 0.0000000000
12001  -51.033  -69.727  -10.896 0.0000000000
139820  -49.358  -71.473  -12.349 0.0000000000
9234  -48.900  -72.340  -12.312 0.0000000000
11165  -49.066  -71.129  -15.793 0.0000000000
10191  -48.791  -71.462  -15.538 0.0000000000
9249  -48.208  -72.110  -15.053 0.0000000000
8340  -47.401  -73.013  -15.879 0.0000000000
9256  -47.764  -72.497  -15.434 0.0000000000
8327  -47.091  -73.278  -14.819 0.0000000000
21805  -52.453  -59.583  -16.001 0.0000000000
20824  -53.218  -60.479  -19.851 0.0000000000
19803  -53.314  -61.086  -19.885 0.0000000000
19801  -51.648  -61.956  -20.371 0.0000000000
18755  -50.178  -62.452  -20.005 0.0000000000
17692  -48.960  -62.972  -19.631 0.0000000000
17684  -48.226  -63.756  -19.318 0.0000000000
18732  -47.102  -62.180  -19.320 0.0000000000
17683  -47.227  -63.615  -19.169 0.0000000000
16636  -47.163  -64.880  -18.435 0.0000000000
16635  -46.355  -64.946  -18.204 0.0000000000
142471  -44.940  -66.434  -17.126 0.0000000000
17667  -43.164  -63.466  -17.433 0.0000000000
17668  -43.970  -63.847  -17.740 0.0000000000
149076  -44.210  -64.748  -17.630 0.0000000000
15653  -44.473  -65.646  -17.417 0.0000000000
14717  -44.300  -66.908  -17.116 0.0000000000
13790  -43.446  -67.529  -17.697 0.0000000000
12942  -43.558  -68.661  -18.617 0.0000000000
12950  -43.853  -68.916  -19.260 0.0000000000
13808  -44.001  -68.241  -19.781 0.0000000000
12951  -44.737  -68.967  -19.836 0.0000000000
12122  -45.956  -69.299  -20.086 0.0000000000
7457  -46.296  -74.085  -15.863 0.0000000000
8318  -48.173  -73.993  -11.810 0.0000000000
8364  -46.989  -73.281  -16.371 0.0000000000
9217  -49.074  -73.320  -11.344 0.0000000000
10201  -47.764  -71.924  -16.026 0.0000000000
10224  -46.073  -71.764  -19.054 0.0000000000
10226  -47.169  -71.325  -20.150 0.0000000000
11149  -49.809  -70.591  -15.010 0.0000000000
11200  -44.603  -70.362  -17.722 0.0000000000
12077  -45.743  -70.091  -16.355 0.0000000000
12883  -50.806  -68.322  -12.166 0.0000000000
12935  -43.579  -68.329  -17.831 0.0000000000
13794  -52.208  -66.850  -16.853 0.0000000000
13799  -43.203  -67.735  -18.442 0.0000000000
13806  -42.722  -66.732  -19.456 0.0000000000
14669  -51.266  -66.854  -10.798 0.0000000000
14712  -48.736  -67.169  -16.919 0.0000000000
15611  -50.917  -66.162  -12.328 0.0000000000
15632  -51.118  -65.796  -13.696 0.0000000000
15643  -51.939  -65.229  -15.068 0.0000000000
15647  -52.593  -65.386  -16.798 0.0000000000
15651  -42.478  -65.497  -17.854 0.0000000000
15654  -45.344  -65.811  -17.431 0.0000000000
16602  -49.778  -64.678  -14.344 0.0000000000
16622  -52.566  -64.700  -17.224 0.0000000000
16633  -43.672  -65.250  -17.490 0.0000000000
16648  -47.644  -64.402  -18.892 0.0000000000
16658  -41.539  -64.294  -18.936 0.0000000000
16661  -51.836  -64.066  -19.437 0.0000000000
17609  -46.962  -63.734  -11.031 0.0000000000
17614  -47.256  -63.984  -11.547 0.0000000000
17695  -53.205  -62.610  -19.832 0.0000000000
18656  -44.725  -61.796  -12.789 0.0000000000
18671  -44.926  -61.479  -14.214 0.0000000000
18673  -46.068  -62.763  -14.544 0.0000000000
18683  -46.657  -62.692  -15.231 0.0000000000
18684  -47.234  -62.309  -15.781 0.0000000000
18694  -41.519  -62.074  -17.190 0.0000000000
18734  -53.218  -62.278  -19.358 0.0000000000
18756  -52.473  -62.579  -20.183 0.0000000000
19743  -40.931  -61.039  -16.975 0.0000000000
20742  -42.785  -59.576  -11.861 0.0000000000
20753  -43.194  -60.047  -13.164 0.0000000000
20754  -43.872  -60.549  -13.558 0.0000000000
20757  -50.300  -60.011  -13.967 0.0000000000
20766  -44.560  -60.792  -14.063 0.0000000000
20796  -41.326  -60.724  -16.667 0.0000000000
21745  -41.391  -58.739  -10.582 0.0000000000
21748  -50.013  -59.297  -12.295 0.0000000000
21762  -47.322  -59.524  -12.865 0.0000000000
21781  -48.466  -59.957  -13.465 0.0000000000
21784  -51.561  -59.633  -13.320 0.0000000000
21792  -45.837  -59.985  -14.241 0.0000000000
22685  -41.083  -58.016  -9.579 0.0000000000
22687  -41.274  -57.924  -10.222 0.0000000000
22702  -44.432  -58.374  -11.852 0.0000000000
22720  -43.571  -58.994  -13.027 0.0000000000
23577  -44.612  -56.561  -7.977 0.0000000000
23585  -42.046  -56.984  -8.884 0.0000000000
23588  -44.584  -57.572  -8.074 0.0000000000
23594  -41.472  -57.434  -9.756 0.0000000000
23597  -43.785  -57.023  -10.782 0.0000000000
24554  -46.373  -56.571  -7.323 0.0000000000
24570  -45.261  -55.875  -8.288 0.0000000000
24578  -43.388  -56.319  -9.483 0.0000000000
24590  -44.094  -56.139  -10.056 0.0000000000
24594  -48.889  -56.607  -10.048 0.0000000000
25567  -46.996  -55.710  -8.338 0.0000000000
25584  -45.460  -55.826  -9.917 0.0000000000
130870  -46.920  -62.888  -19.234 0.0000000000
131192  -49.757  -69.806  -16.220 0.0000000000
132572  -43.369  -57.222  -8.340 0.0000000000
135391  -45.537  -62.535  -13.822 0.0000000000
136869  -45.883  -55.523  -8.877 0.0000000000
140236  -51.119  -67.683  -12.530 0.0000000000
140828  -46.930  -58.955  -11.691 0.0000000000
142286  -42.930  -65.497  -20.293 0.0000000000
144102  -47.343  -61.555  -15.687 0.0000000000
144809  -52.079  -57.229  -10.381 0.0000000000
144852  -46.076  -55.723  -9.704 0.0000000000
145077  -46.285  -73.817  -18.395 0.0000000000
148190  -47.310  -62.992  -15.569 0.0000000000
148869  -44.179  -66.337  -17.263 0.0000000000
150401  -49.941  -65.695  -12.386 0.0000000000
151529  -50.594  -68.122  -16.660 0.0000000000
151583  -48.253  -56.226  -7.412 0.0000000000
152211  -45.474  -62.247  -10.601 0.0000000000
153267  -46.978  -73.338  -15.532 0.0000000000
153404  -48.547  -72.185  -13.382 0.0000000000
153464  -52.904  -63.051  -19.631 0.0000000000
153608  -45.139  -67.865  -16.635 0.0000000000
153661  -46.630  -63.075  -14.804 0.0000000000
154041  -51.308  -68.224  -15.549 0.0000000000
154429  -47.396  -69.869  -20.644 0.0000000000
154559  -48.352  -62.428  -19.602 0.0000000000
155039  -41.713  -64.383  -18.246 0.0000000000
