#!ascii label  , from subject sub125 vox2ras=TkReg
902
67550  -28.349  -15.958  -27.720 0.4285714328
68516  -29.136  -14.553  -28.520 0.2857142985
67566  -28.707  -15.237  -28.028 0.4285714328
68517  -30.006  -14.025  -28.021 0.4285714328
69494  -30.863  -13.591  -27.593 0.4285714328
69506  -29.541  -13.804  -28.982 0.2857142985
69507  -30.455  -13.206  -28.519 0.4285714328
70555  -31.191  -12.436  -28.596 0.4285714328
131498  -30.478  -12.691  -29.959 0.4285714328
70566  -31.048  -12.152  -29.450 0.4285714328
71585  -30.796  -11.985  -31.196 0.4285714328
71586  -31.507  -11.536  -30.687 0.4285714328
153980  -30.521  -11.509  -32.469 0.5714285970
71596  -31.292  -11.375  -31.564 0.5714285970
72606  -31.954  -10.880  -31.039 0.4285714328
72618  -32.403  -10.292  -31.492 0.2857142985
72632  -31.570  -10.622  -32.826 0.7142857313
72633  -32.189  -10.154  -32.358 0.7142857313
73717  -33.299  -9.314  -31.869 0.7142857313
74770  -33.943  -8.812  -31.796 0.4285714328
149858  -33.967  -7.614  -32.627 0.5714285970
74784  -32.845  -8.713  -33.291 0.5714285970
74803  -33.387  -8.071  -33.075 0.5714285970
75815  -33.710  -7.299  -33.248 0.5714285970
75805  -34.366  -7.005  -32.600 0.4285714328
76777  -33.405  -6.367  -33.962 0.5714285970
78616  -34.264  -5.043  -33.143 0.5714285970
75826  -33.058  -6.989  -34.504 0.7142857313
77697  -33.812  -5.740  -33.526 0.7142857313
151112  -33.591  -5.074  -33.630 0.7142857313
144824  -34.484  -4.138  -33.031 0.5714285970
143310  -31.763  -7.906  -35.301 0.5714285970
77706  -33.180  -5.576  -34.190 0.8571428657
78615  -33.808  -4.352  -33.566 0.7142857313
140229  -32.499  -5.794  -34.806 0.7142857313
76799  -31.787  -5.997  -35.208 0.5714285970
141477  -33.372  -3.039  -34.345 0.7142857313
80410  -34.737  -2.666  -33.010 0.5714285970
78626  -33.231  -4.705  -34.132 0.7142857313
79509  -33.351  -3.898  -34.179 0.7142857313
80425  -33.821  -2.498  -33.865 0.5714285970
81322  -34.047  -1.776  -33.720 0.5714285970
78625  -32.246  -4.413  -35.197 0.5714285970
79508  -32.781  -3.702  -34.901 0.7142857313
81333  -33.725  -1.070  -34.173 0.7142857313
80437  -32.675  -2.830  -35.080 0.7142857313
80438  -33.337  -2.035  -34.468 0.7142857313
81332  -33.026  -1.126  -34.856 0.7142857313
82227  -33.454  -0.315  -34.596 0.7142857313
82228  -34.066  -0.250  -33.942 0.5714285970
81331  -32.580  -1.941  -35.288 0.7142857313
79524  -31.817  -3.601  -35.531 0.5714285970
83170  -33.832  0.453  -34.378 0.5714285970
84139  -34.179  1.288  -34.193 0.5714285970
81346  -32.612  -1.172  -35.760 0.8571428657
81345  -32.192  -1.870  -36.159 0.8571428657
138749  -33.592  1.051  -34.789 0.7142857313
84158  -33.156  1.218  -35.589 0.7142857313
82241  -32.855  -0.356  -35.279 0.8571428657
83184  -32.746  0.340  -35.753 0.7142857313
85186  -32.616  2.696  -36.251 0.8571428657
85187  -33.248  2.248  -35.658 0.5714285970
139018  -32.481  0.891  -36.271 0.8571428657
82240  -32.523  -0.417  -36.111 0.8571428657
139402  -32.316  3.001  -37.030 0.8571428657
86219  -32.447  3.858  -37.128 0.8571428657
87194  -32.113  4.260  -37.758 0.8571428657
84157  -32.578  1.772  -36.228 0.8571428657
85214  -31.966  3.388  -37.489 0.8571428657
86234  -31.473  3.846  -37.730 1.0000000000
148191  -31.897  2.631  -37.257 0.8571428657
87193  -31.714  4.563  -38.013 1.0000000000
87192  -30.449  5.043  -37.845 1.0000000000
88189  -29.123  5.700  -37.665 0.7142857313
88192  -31.408  5.137  -38.101 1.0000000000
88190  -29.907  5.697  -37.769 1.0000000000
91240  -28.303  7.778  -37.364 1.0000000000
155203  -27.149  7.698  -37.236 0.8571428657
92106  -26.552  9.361  -36.607 0.8571428657
92129  -27.344  8.710  -36.852 1.0000000000
94000  -27.210  11.090  -36.270 0.8571428657
93034  -26.771  10.245  -36.532 0.8571428657
93035  -27.487  10.058  -36.361 1.0000000000
94924  -27.121  12.567  -35.426 0.8571428657
94932  -27.540  11.907  -35.514 0.8571428657
95932  -27.593  13.377  -35.248 0.7142857313
94922  -25.747  12.333  -35.630 0.5714285970
96908  -27.120  13.873  -35.020 0.7142857313
149978  -27.767  14.066  -35.221 0.5714285970
145589  -25.072  13.951  -34.596 0.5714285970
95930  -25.305  13.070  -35.087 0.5714285970
96899  -24.126  14.265  -34.219 0.4285714328
96901  -26.408  14.933  -34.398 0.4285714328
136680  -26.975  14.743  -34.815 0.4285714328
97844  -24.848  15.370  -33.172 0.2857142985
138743  -25.805  15.569  -32.795 0.2857142985
97825  -25.615  15.583  -31.821 0.2857142985
150303  -33.490  -6.982  -33.860 0.5714285970
149703  -34.084  -3.290  -33.519 0.5714285970
84138  -33.681  1.808  -34.900 0.5714285970
83185  -33.232  0.417  -35.023 0.7142857313
86205  -33.293  3.336  -35.759 0.8571428657
153994  -32.707  3.436  -36.481 0.8571428657
87181  -32.599  4.743  -37.357 0.8571428657
89201  -28.922  6.365  -37.609 0.8571428657
97826  -27.411  15.520  -31.352 0.1428571492
68531  -28.809  -14.502  -29.552 0.2857142985
68542  -29.367  -13.891  -30.010 0.2857142985
69519  -30.048  -13.256  -29.521 0.2857142985
70565  -30.563  -12.647  -29.160 0.4285714328
71576  -31.709  -11.703  -29.876 0.4285714328
148290  -29.867  -13.300  -30.439 0.2857142985
70587  -30.047  -12.420  -31.698 0.5714285970
72617  -31.739  -10.755  -31.962 0.5714285970
73688  -33.188  -9.854  -31.157 0.4285714328
72643  -31.214  -10.272  -33.452 0.2857142985
73716  -32.665  -9.431  -32.694 0.7142857313
74785  -33.347  -8.759  -32.488 0.4285714328
74801  -31.815  -8.989  -34.641 0.5714285970
130561  -34.788  -6.183  -32.448 0.4285714328
74813  -32.209  -8.433  -35.059 0.7142857313
75825  -32.537  -7.634  -35.010 0.7142857313
76778  -34.021  -6.492  -33.255 0.7142857313
77698  -34.379  -5.805  -33.025 0.5714285970
77686  -34.752  -5.438  -32.643 0.4285714328
75833  -31.853  -6.938  -35.304 0.5714285970
76788  -32.501  -6.673  -34.939 0.5714285970
131402  -34.380  -0.949  -33.501 0.5714285970
77716  -31.890  -5.175  -35.230 0.5714285970
84170  -31.846  1.340  -36.723 1.0000000000
143937  -32.270  5.157  -38.081 1.0000000000
147121  -30.262  2.603  -37.405 1.0000000000
89200  -27.950  6.540  -37.567 0.7142857313
155784  -29.313  6.886  -37.736 1.0000000000
90222  -27.557  7.595  -37.313 0.7142857313
129894  -29.186  7.450  -37.661 1.0000000000
130884  -27.582  7.093  -37.502 0.7142857313
147725  -27.686  8.101  -37.125 0.8571428657
93999  -26.362  11.066  -36.431 0.8571428657
92107  -27.151  9.513  -36.621 1.0000000000
92108  -27.905  9.279  -36.726 1.0000000000
94923  -26.409  12.460  -35.644 0.7142857313
96900  -25.794  14.335  -34.372 0.7142857313
140673  -26.214  13.290  -35.415 0.7142857313
97845  -25.535  15.309  -33.377 0.2857142985
143533  -27.485  14.719  -35.228 0.4285714328
97854  -27.304  15.606  -35.177 0.4285714328
97851  -26.588  15.638  -34.035 0.4285714328
73733  -31.464  -9.514  -33.880 0.4285714328
73747  -31.118  -9.227  -34.668 0.4285714328
96897  -25.067  14.664  -33.800 0.4285714328
96907  -26.455  14.087  -34.766 0.7142857313
97850  -25.870  15.079  -33.879 0.2857142985
97846  -26.257  15.544  -33.482 0.2857142985
67551  -29.256  -15.699  -27.283 0.4285714328
68500  -29.639  -14.849  -27.563 0.4285714328
68515  -28.337  -15.157  -29.108 0.2857142985
68501  -30.581  -14.464  -27.158 0.4285714328
70574  -29.621  -13.168  -31.163 0.2857142985
70575  -30.334  -12.683  -30.854 0.4285714328
70576  -30.959  -12.101  -30.326 0.4285714328
71595  -30.633  -11.731  -31.985 0.4285714328
72631  -30.968  -10.859  -33.099 0.2857142985
73715  -31.936  -9.939  -33.189 0.5714285970
73734  -32.206  -9.199  -33.664 0.5714285970
155386  -32.931  -8.246  -33.642 0.5714285970
75814  -33.021  -7.722  -34.049 0.5714285970
78605  -34.902  -4.734  -32.596 0.5714285970
76789  -32.950  -6.306  -34.501 0.7142857313
134088  -32.644  -5.003  -34.698 0.5714285970
80426  -34.314  -2.390  -33.442 0.5714285970
80453  -31.938  -2.656  -35.685 0.8571428657
85199  -32.132  2.211  -36.823 0.8571428657
148845  -32.347  0.197  -36.325 0.8571428657
87191  -29.507  5.010  -37.737 1.0000000000
93991  -26.713  11.793  -35.902 0.8571428657
95931  -26.845  13.126  -35.363 0.7142857313
95924  -25.775  13.715  -34.927 0.5714285970
134678  -24.579  13.443  -34.601 0.5714285970
96896  -23.568  14.696  -33.443 0.4285714328
97824  -24.560  15.524  -31.605 0.2857142985
129881  -26.427  15.594  -31.176 0.1428571492
69529  -29.178  -13.807  -30.796 0.2857142985
90223  -28.363  7.084  -37.487 1.0000000000
99554  -27.424  18.034  -36.750 0.2857142985
132065  -27.409  18.231  -36.495 0.1428571492
98645  -27.439  16.576  -35.761 0.2857142985
99555  -27.911  17.571  -37.148 0.2857142985
99553  -27.350  17.589  -36.131 0.1428571492
134280  -27.052  16.330  -34.301 0.1428571492
98644  -27.263  16.411  -34.940 0.2857142985
98666  -28.774  16.945  -37.773 0.2857142985
98656  -27.567  17.154  -36.496 0.2857142985
96926  -29.879  14.567  -39.146 0.2857142985
97879  -29.468  15.403  -38.306 0.2857142985
99546  -27.432  18.028  -35.690 0.1428571492
96918  -29.396  14.556  -37.050 0.2857142985
98657  -28.205  16.626  -37.010 0.2857142985
96923  -30.395  13.486  -38.151 0.1428571492
139201  -29.609  14.791  -38.080 0.2857142985
97874  -28.506  15.769  -36.898 0.2857142985
99545  -27.363  17.208  -35.353 0.1428571492
97863  -28.168  15.290  -36.343 0.2857142985
98648  -27.858  16.166  -36.393 0.2857142985
94983  -30.482  12.292  -40.237 0.1428571492
94972  -30.572  12.193  -39.720 0.1428571492
96922  -30.092  14.189  -37.933 0.4285714328
96916  -27.993  14.646  -35.703 0.2857142985
94017  -30.811  11.168  -37.411 0.2857142985
95942  -30.001  13.005  -36.305 0.4285714328
95941  -28.435  13.807  -35.525 0.2857142985
93070  -31.523  10.741  -38.388 0.1428571492
94941  -30.645  11.962  -37.708 0.2857142985
137858  -29.406  13.838  -36.175 0.4285714328
94002  -29.126  11.414  -35.885 0.5714285970
131631  -29.099  13.038  -35.693 0.7142857313
93057  -31.718  9.986  -38.553 0.1428571492
93056  -31.137  10.354  -37.749 0.1428571492
141104  -29.479  10.631  -36.376 0.4285714328
92134  -32.331  9.766  -38.494 0.2857142985
92133  -31.787  9.253  -38.565 0.7142857313
94001  -28.131  11.244  -35.523 0.7142857313
92130  -28.373  8.489  -37.091 0.8571428657
93037  -29.691  9.750  -36.976 0.8571428657
146042  -28.591  10.685  -35.737 0.5714285970
92135  -32.500  9.304  -38.068 0.2857142985
93998  -25.635  10.888  -36.288 0.5714285970
93036  -28.550  9.881  -36.149 0.8571428657
91225  -32.690  8.625  -37.218 0.1428571492
91242  -30.996  8.501  -38.160 0.7142857313
153906  -32.727  8.015  -37.048 0.1428571492
131189  -28.411  1.792  -37.496 0.5714285970
137453  -29.938  4.126  -37.674 0.8571428657
137526  -29.001  4.258  -37.651 0.8571428657
146868  -28.613  3.488  -37.614 0.4285714328
87190  -28.602  5.081  -37.728 0.5714285970
89203  -30.912  6.605  -37.960 0.8571428657
149748  -29.088  8.024  -37.488 0.8571428657
90215  -32.794  7.496  -36.931 0.2857142985
146246  -30.759  7.789  -38.075 0.8571428657
91241  -30.008  7.888  -37.823 0.8571428657
90196  -33.228  7.328  -36.247 0.4285714328
91244  -31.943  8.331  -38.061 0.7142857313
91243  -31.720  8.756  -38.421 0.7142857313
129524  -28.340  1.007  -37.362 0.2857142985
154094  -29.627  2.457  -37.507 0.5714285970
131026  -29.120  2.841  -37.647 0.5714285970
143681  -30.990  4.365  -37.930 0.8571428657
89202  -29.943  6.396  -37.869 0.8571428657
129893  -30.172  7.187  -38.001 0.8571428657
90214  -32.528  7.041  -37.480 0.4285714328
89205  -32.304  6.661  -37.863 0.8571428657
90224  -31.082  7.359  -38.034 0.8571428657
80469  -30.012  -2.841  -36.676 0.7142857313
81359  -29.814  -2.075  -37.225 0.4285714328
80470  -30.811  -2.461  -36.553 0.7142857313
144027  -31.659  -0.953  -37.099 0.8571428657
82263  -30.461  -0.286  -37.367 0.5714285970
83208  -29.532  0.383  -37.325 0.5714285970
82260  -28.243  0.168  -37.292 0.4285714328
82264  -30.754  0.448  -37.263 0.8571428657
83209  -30.146  0.362  -37.333 0.5714285970
129683  -29.170  1.166  -37.301 0.5714285970
85213  -31.421  1.908  -37.073 0.8571428657
85212  -30.658  1.932  -37.192 0.7142857313
130885  -29.941  1.905  -37.358 0.5714285970
133783  -32.508  5.912  -38.022 0.7142857313
89204  -31.808  5.993  -38.169 0.8571428657
88173  -34.177  5.599  -35.378 0.2857142985
88181  -33.512  5.965  -36.139 0.4285714328
146112  -32.853  5.959  -36.937 0.5714285970
78636  -31.302  -4.521  -35.596 0.4285714328
79522  -30.156  -4.057  -35.930 0.4285714328
133812  -29.518  -3.424  -36.479 0.4285714328
135575  -32.250  -1.133  -36.577 0.7142857313
81361  -31.649  -1.756  -36.731 0.7142857313
82253  -32.062  -0.325  -36.735 0.7142857313
83197  -31.305  0.797  -37.010 0.8571428657
87174  -33.663  4.203  -35.630 0.7142857313
87175  -34.270  4.684  -35.130 0.2857142985
88172  -33.623  5.001  -35.890 0.5714285970
87182  -33.066  4.263  -36.432 0.5714285970
77715  -31.011  -5.321  -35.606 0.4285714328
131096  -29.957  -5.190  -35.779 0.5714285970
79523  -30.765  -3.911  -35.811 0.5714285970
79534  -30.389  -3.375  -36.167 0.5714285970
85174  -33.766  2.767  -34.970 0.4285714328
86196  -34.007  3.715  -35.053 0.4285714328
75824  -30.934  -7.964  -35.250 0.5714285970
137268  -35.139  -2.934  -32.629 0.4285714328
81306  -34.768  -1.745  -33.068 0.4285714328
83159  -34.685  1.128  -33.544 0.4285714328
84120  -34.709  1.848  -33.654 0.4285714328
85175  -34.177  2.277  -34.240 0.4285714328
72596  -33.214  -10.840  -30.124 0.1428571492
82219  -34.600  -0.142  -33.292 0.4285714328
83160  -34.938  0.570  -33.020 0.4285714328
72608  -33.535  -10.252  -30.416 0.1428571492
73701  -33.863  -9.283  -31.195 0.1428571492
76759  -35.030  -6.906  -31.937 0.2857142985
79473  -36.166  -3.507  -31.172 0.2857142985
82186  -36.569  -1.213  -31.160 0.2857142985
81289  -35.799  -2.100  -32.110 0.2857142985
78606  -35.424  -4.355  -32.083 0.4285714328
82203  -36.398  -0.552  -31.713 0.2857142985
80392  -35.498  -2.841  -32.210 0.2857142985
82202  -35.881  -0.627  -32.329 0.2857142985
82201  -35.048  -0.695  -32.804 0.4285714328
73689  -33.861  -9.704  -30.673 0.1428571492
72607  -32.789  -10.557  -30.726 0.1428571492
74756  -34.875  -8.437  -30.857 0.2857142985
77676  -36.581  -5.688  -30.508 0.2857142985
78594  -36.505  -4.217  -30.807 0.2857142985
148441  -35.753  -4.932  -31.562 0.2857142985
77687  -35.340  -5.377  -32.077 0.2857142985
78593  -35.930  -4.267  -31.399 0.2857142985
73677  -34.799  -9.462  -29.796 0.1428571492
75767  -36.131  -7.630  -30.036 0.2857142985
74740  -35.291  -8.796  -30.148 0.2857142985
75778  -35.724  -7.129  -30.639 0.2857142985
75777  -35.518  -7.994  -30.493 0.2857142985
73702  -34.341  -8.805  -31.185 0.2857142985
76761  -35.901  -6.323  -30.887 0.2857142985
69508  -31.147  -12.957  -27.959 0.2857142985
145029  -32.356  -11.471  -29.444 0.1428571492
71577  -33.142  -11.101  -29.332 0.1428571492
66579  -29.781  -16.299  -26.876 0.2857142985
66596  -28.909  -16.662  -27.186 0.2857142985
70556  -32.030  -12.084  -28.260 0.2857142985
67552  -30.300  -15.517  -26.819 0.1428571492
152662  -29.104  -17.598  -27.044 0.1428571492
73690  -34.490  -9.228  -30.568 0.1428571492
74741  -35.827  -8.286  -30.005 0.2857142985
77675  -35.854  -5.590  -31.252 0.2857142985
80393  -35.913  -2.773  -31.584 0.2857142985
79486  -34.802  -3.421  -32.860 0.4285714328
80411  -35.271  -2.283  -32.604 0.4285714328
81307  -35.526  -1.468  -32.498 0.2857142985
83141  -36.186  0.303  -32.062 0.2857142985
132277  -30.388  -2.070  -37.083 0.7142857313
84183  -30.295  1.163  -37.239 0.5714285970
87166  -34.481  4.104  -34.420 0.2857142985
88159  -34.567  5.430  -34.648 0.2857142985
89194  -32.639  6.276  -37.636 0.7142857313
93990  -26.032  11.683  -36.048 0.4285714328
89186  -33.653  6.835  -35.822 0.2857142985
92131  -29.731  8.689  -37.407 0.8571428657
146015  -27.932  10.494  -35.684 0.8571428657
131726  -32.086  9.161  -38.591 0.5714285970
93038  -30.405  10.519  -37.096 0.4285714328
94003  -30.049  11.394  -36.502 0.4285714328
99536  -27.586  17.569  -34.839 0.1428571492
95946  -30.562  12.758  -37.965 0.1428571492
98658  -28.973  16.072  -37.592 0.2857142985
67565  -27.933  -15.692  -28.586 0.2857142985
69495  -31.733  -13.181  -27.372 0.1428571492
71564  -31.759  -11.788  -29.009 0.1428571492
72597  -33.744  -10.441  -29.656 0.1428571492
73666  -34.848  -9.534  -29.098 0.1428571492
73678  -35.295  -9.103  -29.380 0.1428571492
74771  -34.485  -8.249  -31.575 0.2857142985
75791  -35.128  -7.595  -31.286 0.2857142985
78575  -37.121  -4.174  -30.411 0.2857142985
80378  -36.462  -2.735  -30.910 0.2857142985
130255  -30.366  -5.080  -35.787 0.5714285970
79521  -29.178  -3.945  -36.289 0.2857142985
84108  -36.216  1.308  -32.091 0.2857142985
81371  -29.029  -1.140  -37.486 0.4285714328
81372  -29.633  -1.420  -37.419 0.5714285970
83140  -35.653  0.914  -32.600 0.4285714328
84181  -27.708  1.535  -37.410 0.2857142985
83207  -28.890  0.536  -37.308 0.5714285970
84121  -35.217  1.417  -33.138 0.2857142985
85211  -28.342  2.656  -37.599 0.2857142985
85157  -35.329  2.262  -33.190 0.1428571492
86184  -34.776  3.688  -33.720 0.4285714328
86197  -34.260  3.221  -34.284 0.4285714328
88191  -30.762  5.824  -37.918 0.8571428657
87147  -34.840  4.530  -33.843 0.1428571492
89187  -34.095  6.336  -35.438 0.2857142985
89195  -32.967  6.702  -36.739 0.5714285970
90226  -32.158  7.496  -37.683 0.7142857313
92109  -28.857  9.151  -36.860 0.8571428657
91205  -33.724  8.348  -35.393 0.2857142985
92094  -33.119  8.884  -36.017 0.1428571492
146881  -32.283  8.712  -38.040 0.4285714328
91204  -33.090  8.013  -36.321 0.4285714328
92110  -32.863  9.653  -36.879 0.1428571492
92132  -30.906  9.544  -37.766 0.5714285970
141732  -32.729  9.900  -37.983 0.1428571492
92140  -32.064  9.788  -38.697 0.1428571492
93071  -31.975  10.437  -38.730 0.1428571492
98638  -27.361  16.923  -34.573 0.1428571492
154393  -32.217  10.110  -38.607 0.1428571492
95945  -30.205  13.601  -37.103 0.2857142985
95943  -30.418  12.728  -37.045 0.2857142985
94033  -31.087  11.366  -38.486 0.2857142985
94044  -30.964  11.723  -39.208 0.1428571492
94973  -30.788  12.092  -39.675 0.1428571492
153581  -30.005  14.388  -38.534 0.2857142985
96935  -29.572  13.936  -40.151 0.2857142985
95964  -29.869  13.278  -39.756 0.1428571492
95965  -29.952  12.442  -40.103 0.1428571492
68503  -32.200  -13.662  -26.812 0.1428571492
72584  -34.003  -10.601  -28.674 0.1428571492
89169  -34.502  6.210  -34.786 0.2857142985
95979  -30.036  12.685  -40.668 0.1428571492
68502  -31.461  -14.009  -26.891 0.1428571492
70540  -31.662  -12.608  -27.935 0.1428571492
71587  -32.449  -11.225  -30.199 0.1428571492
74786  -33.953  -8.201  -32.268 0.4285714328
144361  -34.517  -7.594  -32.051 0.2857142985
144527  -35.024  -4.034  -32.619 0.4285714328
80452  -31.089  -3.077  -35.905 0.5714285970
80471  -31.493  -2.387  -36.200 0.7142857313
136438  -31.876  0.485  -36.706 0.7142857313
88179  -32.666  5.569  -37.655 0.7142857313
86233  -30.608  3.480  -37.602 0.8571428657
131161  -31.204  2.822  -37.360 0.8571428657
147511  -29.491  6.059  -37.698 0.8571428657
94933  -28.612  12.140  -35.558 0.7142857313
94925  -28.073  12.829  -35.335 0.5714285970
96917  -28.735  14.606  -36.158 0.2857142985
97862  -27.668  15.509  -35.787 0.2857142985
74812  -31.495  -8.683  -35.128 0.5714285970
76760  -35.457  -6.217  -31.698 0.2857142985
97853  -26.930  15.639  -34.587 0.2857142985
82252  -31.351  -0.046  -37.127 0.8571428657
97875  -29.066  15.282  -37.449 0.2857142985
95949  -30.429  12.805  -39.107 0.1428571492
97864  -28.720  15.111  -36.801 0.2857142985
94956  -30.719  11.952  -38.852 0.1428571492
96927  -30.219  13.837  -38.783 0.1428571492
94934  -29.646  12.246  -35.982 0.5714285970
94034  -31.590  11.219  -38.750 0.1428571492
94935  -30.342  12.119  -36.706 0.4285714328
91224  -32.372  7.970  -37.520 0.4285714328
129900  -29.200  2.020  -37.516 0.5714285970
131667  -29.779  3.149  -37.573 0.5714285970
87189  -28.172  4.318  -37.586 0.4285714328
146874  -31.612  6.823  -37.962 0.8571428657
90225  -31.766  7.482  -37.878 0.8571428657
130518  -31.391  8.088  -38.119 0.8571428657
79533  -29.939  -3.597  -36.248 0.5714285970
81360  -31.016  -1.573  -37.150 0.7142857313
81373  -30.300  -1.252  -37.349 0.7142857313
154500  -30.860  -0.126  -37.326 0.7142857313
82262  -29.762  -0.513  -37.423 0.5714285970
156145  -29.840  0.917  -37.263 0.5714285970
82261  -28.968  -0.230  -37.398 0.4285714328
82251  -28.255  -0.778  -37.231 0.2857142985
84184  -30.943  1.239  -37.145 0.8571428657
88180  -33.027  5.249  -36.738 0.5714285970
78635  -30.520  -4.597  -35.798 0.5714285970
78634  -30.024  -4.606  -35.899 0.5714285970
135626  -34.615  4.804  -34.419 0.2857142985
83171  -34.392  0.507  -33.740 0.4285714328
85156  -34.703  2.764  -33.647 0.4285714328
147738  -34.955  -0.036  -32.847 0.4285714328
75792  -35.494  -6.831  -31.339 0.2857142985
79472  -35.659  -3.539  -31.801 0.2857142985
82185  -36.152  -1.326  -31.991 0.2857142985
79487  -35.272  -3.517  -32.391 0.2857142985
138817  -35.474  0.076  -32.589 0.4285714328
72598  -34.366  -9.949  -29.289 0.1428571492
141888  -36.231  -4.953  -30.932 0.2857142985
76732  -36.512  -6.623  -30.153 0.2857142985
66580  -30.633  -16.566  -26.678 0.1428571492
65569  -29.978  -17.302  -26.878 0.1428571492
67539  -31.162  -16.005  -26.559 0.1428571492
132254  -27.352  16.689  -34.014 0.1428571492
67553  -31.404  -15.083  -26.521 0.1428571492
93032  -24.723  9.860  -36.289 0.5714285970
91236  -25.609  8.746  -36.596 0.4285714328
92104  -24.855  9.262  -36.388 0.4285714328
92105  -25.563  9.555  -36.505 0.5714285970
91237  -26.327  8.207  -36.813 0.4285714328
92127  -26.169  8.872  -36.639 0.5714285970
89199  -27.227  6.782  -37.646 0.4285714328
90221  -27.045  7.396  -37.442 0.4285714328
90220  -26.439  7.516  -37.191 0.4285714328
91238  -26.847  7.858  -37.067 0.5714285970
91239  -27.207  8.037  -37.024 0.5714285970
92128  -26.775  8.465  -36.788 0.5714285970
130846  -37.434  -1.068  -30.362 0.1428571492
139047  -36.693  0.134  -31.185 0.1428571492
71604  -29.523  -11.486  -32.744 0.2857142985
81290  -36.273  -2.001  -31.429 0.1428571492
141414  -38.855  -1.132  -29.444 0.1428571492
81277  -38.530  -1.338  -29.219 0.1428571492
82175  -39.049  -0.399  -30.053 0.1428571492
82174  -38.234  -0.463  -30.064 0.1428571492
82176  -39.620  -0.483  -30.462 0.1428571492
70600  -30.100  -11.818  -32.405 0.2857142985
79456  -37.620  -3.677  -30.005 0.1428571492
81265  -38.503  -2.262  -29.142 0.1428571492
80379  -37.302  -2.785  -30.263 0.1428571492
81279  -40.097  -1.630  -30.854 0.1428571492
81266  -38.813  -1.722  -29.328 0.1428571492
82220  -40.563  -0.534  -33.272 0.1428571492
82188  -40.558  -0.605  -31.675 0.1428571492
70599  -29.396  -12.137  -32.208 0.2857142985
70598  -28.663  -12.280  -32.064 0.2857142985
77663  -37.210  -5.929  -30.055 0.1428571492
77648  -38.021  -5.066  -29.771 0.1428571492
78576  -37.772  -4.602  -30.003 0.1428571492
80369  -38.765  -2.710  -29.166 0.1428571492
79444  -38.406  -3.762  -28.886 0.1428571492
80380  -39.440  -2.601  -29.837 0.1428571492
153203  -38.679  -2.947  -28.897 0.1428571492
81323  -40.757  -1.397  -32.831 0.1428571492
81335  -40.379  -1.310  -33.857 0.1428571492
145902  -29.076  -12.855  -31.679 0.2857142985
69539  -28.398  -13.424  -31.354 0.2857142985
69527  -27.774  -13.928  -31.004 0.2857142985
149371  -36.667  -7.217  -29.179 0.1428571492
76709  -37.886  -5.916  -28.911 0.1428571492
139609  -37.687  -5.582  -29.760 0.1428571492
144405  -39.328  -3.338  -29.394 0.1428571492
78557  -38.171  -4.576  -29.301 0.1428571492
80382  -40.599  -2.949  -31.019 0.1428571492
80412  -40.837  -1.979  -32.047 0.1428571492
82229  -39.434  -0.660  -35.137 0.1428571492
81334  -39.763  -1.308  -34.850 0.1428571492
74742  -36.092  -8.094  -29.464 0.1428571492
131492  -37.355  -6.600  -28.916 0.1428571492
75747  -37.335  -7.155  -28.541 0.1428571492
136529  -38.759  -5.461  -28.546 0.1428571492
76710  -38.534  -6.203  -28.307 0.1428571492
78560  -40.341  -4.596  -29.686 0.1428571492
77628  -38.179  -5.161  -29.134 0.1428571492
79446  -40.525  -4.172  -30.326 0.1428571492
129169  -39.082  -4.269  -28.778 0.1428571492
79457  -39.932  -3.423  -30.447 0.1428571492
137285  -40.608  -2.109  -33.520 0.1428571492
80395  -40.965  -2.759  -31.574 0.1428571492
80440  -40.082  -2.053  -34.487 0.1428571492
74727  -37.050  -7.859  -28.374 0.1428571492
147325  -35.660  -8.588  -29.585 0.1428571492
76691  -39.713  -6.738  -27.826 0.1428571492
75722  -38.780  -6.904  -27.802 0.1428571492
77630  -39.775  -5.217  -28.506 0.1428571492
76711  -39.273  -6.059  -28.160 0.1428571492
143025  -41.200  -4.341  -30.457 0.1428571492
78547  -41.107  -5.018  -29.215 0.1428571492
131124  -41.426  -3.984  -31.076 0.1428571492
79474  -41.276  -3.425  -31.708 0.1428571492
138413  -40.900  -2.241  -32.763 0.1428571492
79458  -40.934  -3.657  -30.738 0.1428571492
75724  -40.133  -7.445  -27.641 0.1428571492
75721  -37.907  -7.522  -27.973 0.1428571492
77632  -41.332  -5.831  -28.838 0.1428571492
76713  -41.296  -6.820  -28.665 0.1428571492
137802  -41.272  -5.015  -30.122 0.1428571492
77649  -41.428  -5.722  -29.729 0.1428571492
79488  -41.302  -3.615  -32.568 0.1428571492
154114  -41.720  -4.606  -31.408 0.1428571492
141908  -40.215  -6.022  -28.222 0.1428571492
140575  -40.481  -4.849  -28.902 0.1428571492
78559  -39.614  -4.121  -29.754 0.1428571492
77677  -36.910  -4.867  -30.444 0.1428571492
81278  -39.634  -1.789  -30.106 0.1428571492
81308  -40.787  -1.162  -32.065 0.1428571492
81276  -36.870  -1.940  -30.648 0.1428571492
82173  -37.349  -0.143  -30.639 0.1428571492
69540  -28.974  -13.555  -31.266 0.2857142985
80427  -40.902  -2.976  -33.266 0.1428571492
153731  -40.426  -2.707  -34.128 0.1428571492
81348  -38.976  -1.389  -35.776 0.1428571492
82243  -38.737  -0.815  -36.075 0.1428571492
132863  -27.452  6.104  -37.729 0.4285714328
82230  -40.076  -0.544  -34.203 0.1428571492
82187  -40.144  0.057  -31.180 0.1428571492
83161  -40.319  0.282  -33.602 0.1428571492
83127  -37.210  0.653  -30.755 0.1428571492
142748  -25.303  10.235  -36.375 0.4285714328
96946  -29.483  13.818  -40.848 0.1428571492
93033  -26.028  10.270  -36.496 0.4285714328
139451  -29.360  14.489  -40.541 0.1428571492
152521  -36.802  -0.530  -30.938 0.1428571492
79455  -36.814  -3.504  -30.603 0.1428571492
84107  -35.769  1.760  -32.655 0.1428571492
82166  -39.278  -1.166  -29.621 0.1428571492
81267  -39.202  -1.869  -29.441 0.1428571492
142201  -37.760  -1.981  -29.693 0.1428571492
83116  -37.807  0.300  -30.478 0.1428571492
83118  -39.450  0.450  -30.596 0.1428571492
82177  -40.160  -0.849  -30.992 0.1428571492
80367  -38.051  -2.847  -28.864 0.1428571492
81291  -40.535  -1.388  -31.513 0.1428571492
82204  -40.700  -0.543  -32.411 0.1428571492
76733  -37.248  -6.271  -29.634 0.1428571492
77664  -37.483  -5.353  -30.094 0.1428571492
80368  -38.999  -3.572  -28.822 0.1428571492
79445  -38.718  -4.188  -28.805 0.1428571492
80381  -39.996  -2.464  -30.689 0.1428571492
80394  -40.512  -2.184  -31.314 0.1428571492
78558  -38.488  -4.674  -28.905 0.1428571492
77629  -38.984  -4.776  -28.695 0.1428571492
132280  -41.092  -3.331  -31.159 0.1428571492
80413  -41.106  -2.805  -32.279 0.1428571492
74726  -36.384  -8.076  -28.791 0.1428571492
75748  -37.975  -6.726  -28.396 0.1428571492
78546  -39.707  -4.544  -28.956 0.1428571492
78561  -40.925  -4.671  -30.003 0.1428571492
76712  -40.580  -6.788  -28.113 0.1428571492
77631  -40.796  -5.413  -28.589 0.1428571492
78577  -41.597  -4.757  -30.798 0.1428571492
131538  -41.015  -6.105  -28.380 0.1428571492
134346  -27.247  -17.791  -27.605 0.1428571492
147445  -27.431  -17.201  -27.788 0.1428571492
65581  -26.556  -17.767  -27.728 0.1428571492
66595  -27.926  -16.666  -27.674 0.1428571492
66607  -27.229  -16.703  -28.258 0.1428571492
67564  -27.245  -16.009  -28.772 0.1428571492
67578  -27.616  -15.551  -29.542 0.1428571492
67577  -27.050  -15.595  -29.564 0.1428571492
68529  -27.475  -15.308  -30.191 0.1428571492
68530  -28.150  -15.207  -30.114 0.1428571492
68541  -28.622  -14.430  -30.436 0.1428571492
68514  -26.503  -14.986  -28.978 0.1428571492
68528  -26.661  -14.911  -30.007 0.1428571492
68540  -27.987  -14.773  -30.652 0.1428571492
69526  -26.902  -13.687  -30.615 0.1428571492
70572  -26.514  -12.701  -30.570 0.1428571492
71594  -27.922  -11.862  -32.009 0.1428571492
70585  -27.616  -12.467  -31.410 0.1428571492
71603  -28.733  -11.687  -32.484 0.1428571492
71605  -30.333  -11.232  -32.912 0.1428571492
71602  -28.103  -11.059  -32.530 0.2857142985
73731  -29.717  -9.886  -33.791 0.2857142985
76787  -30.137  -6.957  -35.248 0.4285714328
76798  -31.198  -6.196  -35.416 0.4285714328
76797  -30.473  -5.891  -35.548 0.4285714328
88187  -26.958  5.675  -37.663 0.2857142985
130578  -28.264  5.856  -37.694 0.2857142985
90194  -23.800  8.163  -35.433 0.2857142985
91203  -24.091  8.895  -35.632 0.2857142985
92093  -24.318  9.484  -35.889 0.2857142985
70586  -28.239  -12.698  -31.697 0.1428571492
72616  -27.246  -10.866  -31.929 0.1428571492
72642  -30.433  -10.535  -33.480 0.1428571492
70564  -26.198  -13.438  -30.229 0.1428571492
70584  -27.049  -12.321  -30.976 0.1428571492
71593  -27.145  -11.714  -31.387 0.1428571492
72628  -27.670  -10.219  -32.576 0.2857142985
71614  -29.632  -10.797  -33.276 0.2857142985
152078  -28.330  -10.460  -32.904 0.2857142985
73714  -28.123  -9.761  -33.116 0.2857142985
73732  -30.661  -9.752  -33.943 0.2857142985
74811  -30.759  -8.714  -34.918 0.4285714328
133027  -30.097  -7.920  -34.812 0.4285714328
76786  -29.200  -6.696  -35.096 0.2857142985
86232  -27.860  3.517  -37.520 0.2857142985
131769  -27.385  4.352  -37.502 0.2857142985
88188  -27.670  5.226  -37.676 0.2857142985
87187  -25.963  5.105  -37.302 0.2857142985
88186  -26.353  5.860  -37.439 0.2857142985
148814  -26.733  7.007  -37.564 0.2857142985
90212  -25.217  7.709  -36.606 0.2857142985
134385  -24.134  7.375  -35.653 0.2857142985
91221  -24.527  8.949  -36.099 0.2857142985
154028  -26.554  5.247  -37.493 0.2857142985
86218  -26.423  3.560  -37.018 0.2857142985
88178  -25.580  5.886  -36.968 0.2857142985
89185  -24.276  6.507  -35.842 0.2857142985
89198  -26.186  6.734  -37.326 0.2857142985
89193  -25.430  6.858  -36.772 0.2857142985
89192  -24.702  7.158  -36.296 0.2857142985
91223  -25.781  8.009  -36.770 0.2857142985
87179  -25.265  4.932  -36.775 0.2857142985
155537  -24.871  5.482  -36.549 0.2857142985
88177  -24.818  6.252  -36.479 0.2857142985
75832  -31.056  -6.998  -35.397 0.4285714328
69528  -28.482  -14.063  -30.993 0.1428571492
74800  -30.306  -9.179  -34.300 0.4285714328
66608  -27.671  -16.200  -28.212 0.1428571492
91222  -25.021  8.520  -36.507 0.2857142985
72630  -28.858  -11.022  -32.961 0.1428571492
70573  -27.331  -13.055  -30.963 0.1428571492
66606  -26.838  -16.604  -28.377 0.1428571492
68539  -27.222  -14.562  -30.512 0.1428571492
69517  -26.081  -14.045  -29.939 0.1428571492
75823  -29.448  -7.386  -34.825 0.4285714328
90195  -24.506  8.165  -36.026 0.2857142985
145232  -29.976  -8.531  -34.447 0.4285714328
88171  -24.360  5.624  -35.977 0.2857142985
77714  -29.436  -5.284  -35.647 0.2857142985
76796  -29.705  -5.941  -35.453 0.2857142985
78642  -29.716  -4.057  -36.081 0.2857142985
99597  -28.177  17.461  -41.735 0.1428571492
99607  -27.978  16.592  -42.089 0.1428571492
98686  -29.200  16.635  -40.214 0.1428571492
98679  -29.476  16.189  -39.465 0.1428571492
144206  -29.519  15.026  -39.825 0.1428571492
138742  -27.345  17.346  -42.898 0.1428571492
101128  -28.115  19.624  -38.992 0.1428571492
78633  -29.476  -4.610  -35.903 0.2857142985
148997  -28.870  -4.345  -36.046 0.2857142985
97902  -29.101  14.520  -41.161 0.1428571492
98692  -28.223  15.717  -41.853 0.1428571492
98685  -28.644  16.088  -41.010 0.1428571492
151237  -29.193  15.439  -40.515 0.1428571492
99564  -29.310  17.114  -38.646 0.1428571492
97889  -29.654  15.520  -39.110 0.1428571492
99590  -29.164  17.694  -39.979 0.1428571492
100410  -28.725  18.681  -39.486 0.1428571492
99579  -29.159  18.009  -38.949 0.1428571492
100393  -27.573  18.455  -37.423 0.1428571492
99563  -28.538  17.844  -38.062 0.1428571492
98667  -29.387  16.245  -38.465 0.1428571492
99589  -28.767  17.211  -40.919 0.1428571492
143510  -29.403  17.150  -39.406 0.1428571492
100435  -27.718  18.238  -42.218 0.1428571492
86216  -24.915  4.060  -36.523 0.1428571492
141532  -25.758  4.270  -36.992 0.1428571492
89147  -21.578  6.464  -33.115 0.1428571492
89148  -22.293  6.763  -33.806 0.1428571492
86231  -27.143  3.565  -37.379 0.1428571492
89160  -23.348  6.438  -34.876 0.1428571492
90140  -21.505  7.339  -32.636 0.1428571492
90141  -21.914  8.196  -32.989 0.1428571492
91153  -21.297  8.963  -32.634 0.2857142985
81358  -29.141  -1.968  -37.362 0.2857142985
81357  -28.376  -1.722  -37.268 0.1428571492
84169  -27.041  1.283  -37.151 0.1428571492
85210  -27.717  2.268  -37.488 0.1428571492
90197  -33.745  7.587  -35.563 0.1428571492
90172  -23.207  7.980  -34.827 0.1428571492
92076  -23.419  9.266  -34.987 0.1428571492
91176  -22.357  8.777  -33.745 0.1428571492
91175  -21.739  9.022  -33.245 0.2857142985
92993  -22.482  10.214  -34.065 0.2857142985
95918  -22.528  13.323  -33.667 0.2857142985
95912  -21.421  13.356  -32.542 0.2857142985
96895  -22.900  14.294  -33.251 0.2857142985
145261  -24.360  15.449  -30.899 0.1428571492
141055  -23.983  9.818  -35.625 0.2857142985
92056  -22.074  9.561  -33.582 0.2857142985
141857  -23.409  10.973  -34.761 0.2857142985
94921  -24.938  12.115  -35.414 0.2857142985
93974  -23.470  11.642  -34.600 0.2857142985
94897  -22.021  12.533  -33.531 0.2857142985
94911  -24.471  12.675  -34.721 0.2857142985
94885  -21.469  12.566  -32.901 0.2857142985
97843  -23.965  15.380  -33.050 0.1428571492
96891  -21.898  14.173  -32.230 0.2857142985
97837  -26.983  15.349  -32.985 0.1428571492
149774  -27.650  15.353  -32.628 0.1428571492
94884  -20.908  12.612  -32.421 0.1428571492
94873  -20.458  12.532  -31.990 0.1428571492
91152  -20.616  8.880  -32.142 0.2857142985
95913  -22.268  13.751  -32.851 0.2857142985
96893  -23.373  14.954  -32.680 0.1428571492
96892  -22.705  14.423  -32.557 0.2857142985
97835  -23.872  15.457  -32.256 0.1428571492
147358  -23.414  15.003  -31.959 0.1428571492
91139  -20.348  8.197  -31.092 0.2857142985
96884  -21.621  14.415  -30.555 0.1428571492
97812  -24.582  15.479  -30.168 0.1428571492
96885  -22.555  14.571  -30.832 0.1428571492
89071  -19.452  7.849  -29.076 0.1428571492
89154  -34.874  5.975  -34.042 0.1428571492
85198  -26.180  2.738  -36.656 0.1428571492
91198  -34.323  7.999  -34.760 0.1428571492
85197  -25.354  2.641  -36.141 0.1428571492
87172  -23.841  4.327  -35.457 0.1428571492
132349  -23.951  5.068  -35.565 0.1428571492
88136  -22.159  5.842  -33.679 0.1428571492
144222  -22.921  7.064  -34.530 0.1428571492
90139  -21.156  7.386  -31.844 0.1428571492
92992  -21.695  10.308  -33.275 0.1428571492
144816  -21.943  11.018  -33.544 0.1428571492
93948  -21.132  11.871  -32.567 0.1428571492
93957  -21.644  11.802  -33.205 0.1428571492
96878  -21.504  14.488  -29.677 0.1428571492
96883  -20.862  14.223  -31.010 0.2857142985
96886  -23.312  14.865  -31.114 0.1428571492
97811  -23.746  15.431  -30.467 0.1428571492
90181  -34.342  7.068  -34.959 0.1428571492
95923  -23.802  13.408  -34.422 0.2857142985
97836  -24.732  15.542  -32.437 0.1428571492
130147  -23.304  13.896  -33.891 0.2857142985
131176  -24.259  14.901  -33.520 0.2857142985
97823  -23.830  15.394  -31.438 0.1428571492
98612  -26.927  15.194  -32.136 0.1428571492
93997  -24.792  10.501  -36.028 0.2857142985
83196  -27.574  0.697  -37.259 0.1428571492
134377  -27.483  -0.260  -37.042 0.1428571492
93989  -25.336  11.396  -35.806 0.2857142985
136565  -27.605  2.907  -37.488 0.1428571492
88142  -34.853  5.259  -33.966 0.1428571492
93988  -24.546  11.141  -35.564 0.2857142985
91189  -23.547  8.770  -35.228 0.1428571492
92077  -23.843  9.331  -35.492 0.1428571492
155771  -23.649  9.678  -35.295 0.1428571492
86217  -25.559  3.424  -36.558 0.1428571492
87173  -24.471  4.745  -36.118 0.1428571492
88170  -23.715  5.827  -35.360 0.1428571492
86203  -24.328  3.866  -35.789 0.1428571492
86204  -24.856  3.292  -35.948 0.1428571492
88152  -23.226  5.679  -34.726 0.1428571492
136925  -22.739  6.139  -34.364 0.1428571492
90159  -21.882  7.291  -33.318 0.1428571492
90160  -22.487  7.820  -33.961 0.1428571492
85209  -27.008  2.711  -37.256 0.1428571492
133481  -21.317  8.148  -32.235 0.1428571492
91188  -22.954  8.674  -34.584 0.1428571492
137135  -26.663  1.985  -36.832 0.1428571492
92057  -22.748  9.385  -34.362 0.2857142985
92041  -21.468  9.662  -32.885 0.2857142985
145012  -22.514  10.988  -34.109 0.2857142985
93011  -23.617  10.320  -35.188 0.2857142985
144294  -23.249  9.874  -34.723 0.2857142985
95922  -23.043  13.174  -34.329 0.2857142985
95911  -20.703  13.151  -32.113 0.1428571492
97813  -25.296  15.480  -30.815 0.1428571492
93973  -22.876  11.406  -34.393 0.2857142985
93975  -24.223  11.805  -34.865 0.2857142985
94898  -22.714  12.415  -34.251 0.2857142985
94910  -23.636  12.518  -34.503 0.2857142985
131956  -21.764  14.355  -31.449 0.2857142985
154165  -23.136  14.723  -32.262 0.2857142985
92982  -21.128  10.373  -32.547 0.1428571492
144220  -21.378  11.081  -32.803 0.2857142985
73700  -26.216  -9.642  -31.866 0.1428571492
73713  -27.334  -9.375  -32.818 0.1428571492
73729  -27.862  -8.942  -33.382 0.1428571492
140705  -25.650  -9.057  -31.648 0.1428571492
75803  -25.384  -7.628  -32.106 0.1428571492
75804  -25.890  -7.618  -32.834 0.1428571492
74783  -27.068  -8.583  -33.138 0.1428571492
75811  -26.542  -7.369  -33.378 0.1428571492
74796  -26.983  -7.948  -33.371 0.1428571492
74799  -29.397  -8.895  -34.061 0.1428571492
76775  -26.344  -6.541  -33.608 0.1428571492
75821  -27.890  -7.025  -34.135 0.1428571492
74810  -29.217  -8.042  -34.383 0.1428571492
75822  -28.652  -7.348  -34.529 0.1428571492
76770  -25.853  -6.963  -33.186 0.1428571492
76783  -26.792  -6.069  -34.125 0.1428571492
76785  -28.405  -6.537  -34.787 0.1428571492
77713  -28.739  -5.030  -35.626 0.1428571492
144417  -28.480  -3.786  -36.325 0.1428571492
79532  -28.854  -3.253  -36.671 0.1428571492
91140  -20.139  8.882  -31.623 0.1428571492
72614  -25.742  -9.926  -31.245 0.1428571492
74769  -25.797  -8.274  -32.295 0.1428571492
95904  -21.186  13.796  -31.816 0.1428571492
80468  -29.334  -2.682  -36.926 0.1428571492
72627  -26.876  -9.900  -32.228 0.1428571492
73730  -28.731  -9.357  -33.606 0.1428571492
74798  -28.471  -8.407  -33.883 0.1428571492
76795  -28.943  -5.894  -35.345 0.1428571492
73712  -26.439  -8.988  -32.477 0.1428571492
75790  -24.877  -7.557  -31.505 0.1428571492
74782  -26.423  -8.133  -32.968 0.1428571492
75812  -27.390  -7.479  -33.658 0.1428571492
74797  -27.622  -8.171  -33.581 0.1428571492
76776  -27.129  -6.774  -33.793 0.1428571492
75813  -28.080  -7.716  -33.994 0.1428571492
76784  -27.605  -6.300  -34.408 0.1428571492
76769  -25.335  -6.599  -32.747 0.1428571492
73687  -25.065  -9.743  -30.608 0.1428571492
69518  -26.545  -14.198  -30.290 0.1428571492
69538  -27.894  -13.176  -31.356 0.1428571492
71606  -31.063  -11.230  -32.468 0.5714285970
72629  -28.904  -10.259  -33.328 0.2857142985
73676  -34.211  -9.914  -30.109 0.1428571492
74802  -32.468  -8.477  -34.167 0.7142857313
84180  -27.238  1.975  -37.319 0.1428571492
84182  -29.729  1.433  -37.314 0.5714285970
87180  -26.571  4.455  -37.374 0.1428571492
87188  -27.006  5.014  -37.558 0.2857142985
89184  -23.754  6.680  -35.388 0.1428571492
90094  -19.525  7.971  -29.495 0.1428571492
90138  -20.663  7.401  -31.280 0.1428571492
90213  -25.863  7.381  -36.963 0.4285714328
91151  -20.758  8.148  -31.642 0.2857142985
93010  -23.086  10.592  -34.533 0.2857142985
93028  -24.158  10.400  -35.677 0.2857142985
93958  -22.265  11.736  -33.795 0.1428571492
93987  -23.806  11.059  -35.280 0.2857142985
94872  -20.039  12.442  -31.534 0.1428571492
95917  -21.829  13.155  -33.215 0.2857142985
96889  -22.719  14.541  -31.799 0.2857142985
96966  -29.294  14.036  -41.458 0.1428571492
130664  -19.686  7.643  -28.851 0.1428571492
133866  -24.082  15.526  -29.602 0.1428571492
135499  -32.714  -9.765  -31.881 0.5714285970
138037  -28.333  16.559  -41.510 0.1428571492
139603  -26.814  6.392  -37.643 0.4285714328
142038  -27.605  15.813  -33.130 0.1428571492
142344  -23.509  7.299  -35.134 0.2857142985
143315  -39.773  -1.129  -30.353 0.1428571492
144509  -30.975  -0.723  -37.335 0.7142857313
151417  -24.337  9.980  -35.950 0.2857142985
152587  -32.869  -4.343  -34.647 0.5714285970
152929  -28.560  -7.871  -34.217 0.1428571492
154139  -31.332  1.310  -36.979 0.8571428657
154311  -29.271  3.540  -37.627 0.4285714328
155279  -32.574  -8.105  -34.765 0.7142857313
