#!ascii label  , from subject sub125 vox2ras=TkReg
342
75815  -33.710  -7.299  -33.248 0.0000000000
79522  -30.156  -4.057  -35.930 0.0000000000
91237  -26.327  8.207  -36.813 0.0000000000
87191  -29.507  5.010  -37.737 0.0000000000
84157  -32.578  1.772  -36.228 0.0000000000
81306  -34.768  -1.745  -33.068 0.0000000000
93032  -24.723  9.860  -36.289 0.0000000000
85214  -31.966  3.388  -37.489 0.0000000000
83209  -30.146  0.362  -37.333 0.0000000000
140229  -32.499  -5.794  -34.806 0.0000000000
80437  -32.675  -2.830  -35.080 0.0000000000
144824  -34.484  -4.138  -33.031 0.0000000000
70587  -30.047  -12.420  -31.698 0.0000000000
74812  -31.495  -8.683  -35.128 0.0000000000
96900  -25.794  14.335  -34.372 0.0000000000
140673  -26.214  13.290  -35.415 0.0000000000
93991  -26.713  11.793  -35.902 0.0000000000
93036  -28.550  9.881  -36.149 0.0000000000
92131  -29.731  8.689  -37.407 0.0000000000
89200  -27.950  6.540  -37.567 0.0000000000
90224  -31.082  7.359  -38.034 0.0000000000
89194  -32.639  6.276  -37.636 0.0000000000
88172  -33.623  5.001  -35.890 0.0000000000
86197  -34.260  3.221  -34.284 0.0000000000
81361  -31.649  -1.756  -36.731 0.0000000000
82227  -33.454  -0.315  -34.596 0.0000000000
129683  -29.170  1.166  -37.301 0.0000000000
82260  -28.243  0.168  -37.292 0.0000000000
76777  -33.405  -6.367  -33.962 0.0000000000
151112  -33.591  -5.074  -33.630 0.0000000000
77698  -34.379  -5.805  -33.025 0.0000000000
68517  -30.006  -14.025  -28.021 0.0000000000
69507  -30.455  -13.206  -28.519 0.0000000000
70565  -30.563  -12.647  -29.160 0.0000000000
75824  -30.934  -7.964  -35.250 0.0000000000
145232  -29.976  -8.531  -34.447 0.0000000000
94923  -26.409  12.460  -35.644 0.0000000000
92104  -24.855  9.262  -36.388 0.0000000000
93034  -26.771  10.245  -36.532 0.0000000000
92106  -26.552  9.361  -36.607 0.0000000000
92109  -28.857  9.151  -36.860 0.0000000000
147725  -27.686  8.101  -37.125 0.0000000000
88189  -29.123  5.700  -37.665 0.0000000000
155784  -29.313  6.886  -37.736 0.0000000000
89203  -30.912  6.605  -37.960 0.0000000000
89205  -32.304  6.661  -37.863 0.0000000000
88192  -31.408  5.137  -38.101 0.0000000000
148191  -31.897  2.631  -37.257 0.0000000000
86219  -32.447  3.858  -37.128 0.0000000000
86205  -33.293  3.336  -35.759 0.0000000000
86196  -34.007  3.715  -35.053 0.0000000000
85187  -33.248  2.248  -35.658 0.0000000000
133812  -29.518  -3.424  -36.479 0.0000000000
132277  -30.388  -2.070  -37.083 0.0000000000
80470  -30.811  -2.461  -36.553 0.0000000000
80425  -33.821  -2.498  -33.865 0.0000000000
81332  -33.026  -1.126  -34.856 0.0000000000
131402  -34.380  -0.949  -33.501 0.0000000000
83171  -34.392  0.507  -33.740 0.0000000000
147738  -34.955  -0.036  -32.847 0.0000000000
71586  -31.507  -11.536  -30.687 0.0000000000
153980  -30.521  -11.509  -32.469 0.0000000000
72617  -31.739  -10.755  -31.962 0.0000000000
72633  -32.189  -10.154  -32.358 0.0000000000
146868  -28.613  3.488  -37.614 0.0000000000
143681  -30.990  4.365  -37.930 0.0000000000
154094  -29.627  2.457  -37.507 0.0000000000
85212  -30.658  1.932  -37.192 0.0000000000
83197  -31.305  0.797  -37.010 0.0000000000
78636  -31.302  -4.521  -35.596 0.0000000000
79524  -31.817  -3.601  -35.531 0.0000000000
78625  -32.246  -4.413  -35.197 0.0000000000
79509  -33.351  -3.898  -34.179 0.0000000000
80410  -34.737  -2.666  -33.010 0.0000000000
70576  -30.959  -12.101  -30.326 0.0000000000
131096  -29.957  -5.190  -35.779 0.0000000000
76798  -31.198  -6.196  -35.416 0.0000000000
75825  -32.537  -7.634  -35.010 0.0000000000
155386  -32.931  -8.246  -33.642 0.0000000000
97854  -27.304  15.606  -35.177 0.0000000000
96899  -24.126  14.265  -34.219 0.0000000000
95924  -25.775  13.715  -34.927 0.0000000000
95941  -28.435  13.807  -35.525 0.0000000000
131631  -29.099  13.038  -35.693 0.0000000000
94934  -29.646  12.246  -35.982 0.0000000000
93998  -25.635  10.888  -36.288 0.0000000000
94000  -27.210  11.090  -36.270 0.0000000000
94003  -30.049  11.394  -36.502 0.0000000000
93038  -30.405  10.519  -37.096 0.0000000000
92132  -30.906  9.544  -37.766 0.0000000000
92133  -31.787  9.253  -38.565 0.0000000000
90221  -27.045  7.396  -37.442 0.0000000000
91240  -28.303  7.778  -37.364 0.0000000000
91241  -30.008  7.888  -37.823 0.0000000000
131726  -32.086  9.161  -38.591 0.0000000000
146881  -32.283  8.712  -38.040 0.0000000000
90196  -33.228  7.328  -36.247 0.0000000000
87194  -32.113  4.260  -37.758 0.0000000000
88180  -33.027  5.249  -36.738 0.0000000000
81371  -29.029  -1.140  -37.486 0.0000000000
154500  -30.860  -0.126  -37.326 0.0000000000
148845  -32.347  0.197  -36.325 0.0000000000
81345  -32.192  -1.870  -36.159 0.0000000000
82241  -32.855  -0.356  -35.279 0.0000000000
84158  -33.156  1.218  -35.589 0.0000000000
84139  -34.179  1.288  -34.193 0.0000000000
84120  -34.709  1.848  -33.654 0.0000000000
73733  -31.464  -9.514  -33.880 0.0000000000
74784  -32.845  -8.713  -33.291 0.0000000000
74786  -33.953  -8.201  -32.268 0.0000000000
150303  -33.490  -6.982  -33.860 0.0000000000
76778  -34.021  -6.492  -33.255 0.0000000000
130561  -34.788  -6.183  -32.448 0.0000000000
75805  -34.366  -7.005  -32.600 0.0000000000
68501  -30.581  -14.464  -27.158 0.0000000000
69494  -30.863  -13.591  -27.593 0.0000000000
91236  -25.609  8.746  -36.596 0.0000000000
92127  -26.169  8.872  -36.639 0.0000000000
92128  -26.775  8.465  -36.788 0.0000000000
92129  -27.344  8.710  -36.852 0.0000000000
91239  -27.207  8.037  -37.024 0.0000000000
87190  -28.602  5.081  -37.728 0.0000000000
147511  -29.491  6.059  -37.698 0.0000000000
88190  -29.907  5.697  -37.769 0.0000000000
88191  -30.762  5.824  -37.918 0.0000000000
87192  -30.449  5.043  -37.845 0.0000000000
85199  -32.132  2.211  -36.823 0.0000000000
85186  -32.616  2.696  -36.251 0.0000000000
79533  -29.939  -3.597  -36.248 0.0000000000
80469  -30.012  -2.841  -36.676 0.0000000000
79534  -30.389  -3.375  -36.167 0.0000000000
81322  -34.047  -1.776  -33.720 0.0000000000
82219  -34.600  -0.142  -33.292 0.0000000000
82201  -35.048  -0.695  -32.804 0.0000000000
81307  -35.526  -1.468  -32.498 0.0000000000
72606  -31.954  -10.880  -31.039 0.0000000000
85211  -28.342  2.656  -37.599 0.0000000000
131667  -29.779  3.149  -37.573 0.0000000000
131026  -29.120  2.841  -37.647 0.0000000000
156145  -29.840  0.917  -37.263 0.0000000000
130885  -29.941  1.905  -37.358 0.0000000000
84183  -30.295  1.163  -37.239 0.0000000000
84184  -30.943  1.239  -37.145 0.0000000000
82264  -30.754  0.448  -37.263 0.0000000000
77716  -31.890  -5.175  -35.230 0.0000000000
134088  -32.644  -5.003  -34.698 0.0000000000
78626  -33.231  -4.705  -34.132 0.0000000000
78615  -33.808  -4.352  -33.566 0.0000000000
149703  -34.084  -3.290  -33.519 0.0000000000
79486  -34.802  -3.421  -32.860 0.0000000000
144527  -35.024  -4.034  -32.619 0.0000000000
67566  -28.707  -15.237  -28.028 0.0000000000
67551  -29.256  -15.699  -27.283 0.0000000000
70566  -31.048  -12.152  -29.450 0.0000000000
71576  -31.709  -11.703  -29.876 0.0000000000
76797  -30.473  -5.891  -35.548 0.0000000000
143310  -31.763  -7.906  -35.301 0.0000000000
74813  -32.209  -8.433  -35.059 0.0000000000
96897  -25.067  14.664  -33.800 0.0000000000
96901  -26.408  14.933  -34.398 0.0000000000
136680  -26.975  14.743  -34.815 0.0000000000
95930  -25.305  13.070  -35.087 0.0000000000
134678  -24.579  13.443  -34.601 0.0000000000
96908  -27.120  13.873  -35.020 0.0000000000
149978  -27.767  14.066  -35.221 0.0000000000
95932  -27.593  13.377  -35.248 0.0000000000
94924  -27.121  12.567  -35.426 0.0000000000
94932  -27.540  11.907  -35.514 0.0000000000
94933  -28.612  12.140  -35.558 0.0000000000
142748  -25.303  10.235  -36.375 0.0000000000
93035  -27.487  10.058  -36.361 0.0000000000
146015  -27.932  10.494  -35.684 0.0000000000
94002  -29.126  11.414  -35.885 0.0000000000
146042  -28.591  10.685  -35.737 0.0000000000
141104  -29.479  10.631  -36.376 0.0000000000
93037  -29.691  9.750  -36.976 0.0000000000
132863  -27.452  6.104  -37.729 0.0000000000
89199  -27.227  6.782  -37.646 0.0000000000
130884  -27.582  7.093  -37.502 0.0000000000
90222  -27.557  7.595  -37.313 0.0000000000
90223  -28.363  7.084  -37.487 0.0000000000
129893  -30.172  7.187  -38.001 0.0000000000
146246  -30.759  7.789  -38.075 0.0000000000
91243  -31.720  8.756  -38.421 0.0000000000
130518  -31.391  8.088  -38.119 0.0000000000
91244  -31.943  8.331  -38.061 0.0000000000
90214  -32.528  7.041  -37.480 0.0000000000
89195  -32.967  6.702  -36.739 0.0000000000
86234  -31.473  3.846  -37.730 0.0000000000
87193  -31.714  4.563  -38.013 0.0000000000
87182  -33.066  4.263  -36.432 0.0000000000
87181  -32.599  4.743  -37.357 0.0000000000
88181  -33.512  5.965  -36.139 0.0000000000
86184  -34.776  3.688  -33.720 0.0000000000
81360  -31.016  -1.573  -37.150 0.0000000000
81373  -30.300  -1.252  -37.349 0.0000000000
144027  -31.659  -0.953  -37.099 0.0000000000
82252  -31.351  -0.046  -37.127 0.0000000000
82253  -32.062  -0.325  -36.735 0.0000000000
80453  -31.938  -2.656  -35.685 0.0000000000
83184  -32.746  0.340  -35.753 0.0000000000
83185  -33.232  0.417  -35.023 0.0000000000
138749  -33.592  1.051  -34.789 0.0000000000
83170  -33.832  0.453  -34.378 0.0000000000
83160  -34.938  0.570  -33.020 0.0000000000
83159  -34.685  1.128  -33.544 0.0000000000
84121  -35.217  1.417  -33.138 0.0000000000
73717  -33.299  -9.314  -31.869 0.0000000000
73716  -32.665  -9.431  -32.694 0.0000000000
74785  -33.347  -8.759  -32.488 0.0000000000
74770  -33.943  -8.812  -31.796 0.0000000000
131189  -28.411  1.792  -37.496 0.0000000000
83207  -28.890  0.536  -37.308 0.0000000000
83208  -29.532  0.383  -37.325 0.0000000000
76789  -32.950  -6.306  -34.501 0.0000000000
77706  -33.180  -5.576  -34.190 0.0000000000
77697  -33.812  -5.740  -33.526 0.0000000000
78616  -34.264  -5.043  -33.143 0.0000000000
78605  -34.902  -4.734  -32.596 0.0000000000
77686  -34.752  -5.438  -32.643 0.0000000000
68500  -29.639  -14.849  -27.563 0.0000000000
69519  -30.048  -13.256  -29.521 0.0000000000
70555  -31.191  -12.436  -28.596 0.0000000000
76787  -30.137  -6.957  -35.248 0.0000000000
75823  -29.448  -7.386  -34.825 0.0000000000
133027  -30.097  -7.920  -34.812 0.0000000000
74811  -30.759  -8.714  -34.918 0.0000000000
94922  -25.747  12.333  -35.630 0.0000000000
95931  -26.845  13.126  -35.363 0.0000000000
93990  -26.032  11.683  -36.048 0.0000000000
92105  -25.563  9.555  -36.505 0.0000000000
92107  -27.151  9.513  -36.621 0.0000000000
92108  -27.905  9.279  -36.726 0.0000000000
92130  -28.373  8.489  -37.091 0.0000000000
89201  -28.922  6.365  -37.609 0.0000000000
89202  -29.943  6.396  -37.869 0.0000000000
90225  -31.766  7.482  -37.878 0.0000000000
146874  -31.612  6.823  -37.962 0.0000000000
89204  -31.808  5.993  -38.169 0.0000000000
133783  -32.508  5.912  -38.022 0.0000000000
139402  -32.316  3.001  -37.030 0.0000000000
153994  -32.707  3.436  -36.481 0.0000000000
87174  -33.663  4.203  -35.630 0.0000000000
85174  -33.766  2.767  -34.970 0.0000000000
81359  -29.814  -2.075  -37.225 0.0000000000
141477  -33.372  -3.039  -34.345 0.0000000000
80438  -33.337  -2.035  -34.468 0.0000000000
81333  -33.725  -1.070  -34.173 0.0000000000
82228  -34.066  -0.250  -33.942 0.0000000000
83140  -35.653  0.914  -32.600 0.0000000000
138817  -35.474  0.076  -32.589 0.0000000000
71585  -30.796  -11.985  -31.196 0.0000000000
71595  -30.633  -11.731  -31.985 0.0000000000
71596  -31.292  -11.375  -31.564 0.0000000000
72632  -31.570  -10.622  -32.826 0.0000000000
73688  -33.188  -9.854  -31.157 0.0000000000
87189  -28.172  4.318  -37.586 0.0000000000
137526  -29.001  4.258  -37.651 0.0000000000
137453  -29.938  4.126  -37.674 0.0000000000
86233  -30.608  3.480  -37.602 0.0000000000
147121  -30.262  2.603  -37.405 0.0000000000
129900  -29.200  2.020  -37.516 0.0000000000
131161  -31.204  2.822  -37.360 0.0000000000
85213  -31.421  1.908  -37.073 0.0000000000
84170  -31.846  1.340  -36.723 0.0000000000
78635  -30.520  -4.597  -35.798 0.0000000000
79523  -30.765  -3.911  -35.811 0.0000000000
79508  -32.781  -3.702  -34.901 0.0000000000
80426  -34.314  -2.390  -33.442 0.0000000000
80411  -35.271  -2.283  -32.604 0.0000000000
137268  -35.139  -2.934  -32.629 0.0000000000
78606  -35.424  -4.355  -32.083 0.0000000000
67550  -28.349  -15.958  -27.720 0.0000000000
131498  -30.478  -12.691  -29.959 0.0000000000
70575  -30.334  -12.683  -30.854 0.0000000000
78634  -30.024  -4.606  -35.899 0.0000000000
130255  -30.366  -5.080  -35.787 0.0000000000
77715  -31.011  -5.321  -35.606 0.0000000000
76799  -31.787  -5.997  -35.208 0.0000000000
75832  -31.056  -6.998  -35.397 0.0000000000
75833  -31.853  -6.938  -35.304 0.0000000000
76788  -32.501  -6.673  -34.939 0.0000000000
75826  -33.058  -6.989  -34.504 0.0000000000
75814  -33.021  -7.722  -34.049 0.0000000000
97851  -26.588  15.638  -34.035 0.0000000000
96896  -23.568  14.696  -33.443 0.0000000000
145589  -25.072  13.951  -34.596 0.0000000000
96907  -26.455  14.087  -34.766 0.0000000000
143533  -27.485  14.719  -35.228 0.0000000000
94925  -28.073  12.829  -35.335 0.0000000000
137858  -29.406  13.838  -36.175 0.0000000000
95942  -30.001  13.005  -36.305 0.0000000000
93999  -26.362  11.066  -36.431 0.0000000000
93033  -26.028  10.270  -36.496 0.0000000000
94001  -28.131  11.244  -35.523 0.0000000000
94935  -30.342  12.119  -36.706 0.0000000000
90220  -26.439  7.516  -37.191 0.0000000000
91238  -26.847  7.858  -37.067 0.0000000000
155203  -27.149  7.698  -37.236 0.0000000000
149748  -29.088  8.024  -37.488 0.0000000000
129894  -29.186  7.450  -37.661 0.0000000000
91242  -30.996  8.501  -38.160 0.0000000000
90226  -32.158  7.496  -37.683 0.0000000000
91224  -32.372  7.970  -37.520 0.0000000000
91204  -33.090  8.013  -36.321 0.0000000000
143937  -32.270  5.157  -38.081 0.0000000000
88179  -32.666  5.569  -37.655 0.0000000000
146112  -32.853  5.959  -36.937 0.0000000000
87175  -34.270  4.684  -35.130 0.0000000000
82261  -28.968  -0.230  -37.398 0.0000000000
82262  -29.762  -0.513  -37.423 0.0000000000
81372  -29.633  -1.420  -37.419 0.0000000000
82263  -30.461  -0.286  -37.367 0.0000000000
136438  -31.876  0.485  -36.706 0.0000000000
139018  -32.481  0.891  -36.271 0.0000000000
80452  -31.089  -3.077  -35.905 0.0000000000
80471  -31.493  -2.387  -36.200 0.0000000000
81331  -32.580  -1.941  -35.288 0.0000000000
81346  -32.612  -1.172  -35.760 0.0000000000
135575  -32.250  -1.133  -36.577 0.0000000000
82240  -32.523  -0.417  -36.111 0.0000000000
84138  -33.681  1.808  -34.900 0.0000000000
85175  -34.177  2.277  -34.240 0.0000000000
85156  -34.703  2.764  -33.647 0.0000000000
74800  -30.306  -9.179  -34.300 0.0000000000
73747  -31.118  -9.227  -34.668 0.0000000000
73715  -31.936  -9.939  -33.189 0.0000000000
73734  -32.206  -9.199  -33.664 0.0000000000
74801  -31.815  -8.989  -34.641 0.0000000000
74803  -33.387  -8.071  -33.075 0.0000000000
149858  -33.967  -7.614  -32.627 0.0000000000
71606  -31.063  -11.230  -32.468 0.0000000000
74802  -32.468  -8.477  -34.167 0.0000000000
84182  -29.729  1.433  -37.314 0.0000000000
90213  -25.863  7.381  -36.963 0.0000000000
135499  -32.714  -9.765  -31.881 0.0000000000
139603  -26.814  6.392  -37.643 0.0000000000
144509  -30.975  -0.723  -37.335 0.0000000000
152587  -32.869  -4.343  -34.647 0.0000000000
154139  -31.332  1.310  -36.979 0.0000000000
154311  -29.271  3.540  -37.627 0.0000000000
155279  -32.574  -8.105  -34.765 0.0000000000
