#!ascii label  , from subject sub125 vox2ras=TkReg
1385
60855  14.875  -21.975  61.908 0.0000000000
48674  7.122  -32.083  40.794 0.0000000000
55403  5.472  -27.529  58.803 0.0000000000
59824  7.518  -22.815  52.654 0.0000000000
58806  7.550  -23.439  45.032 0.0000000000
57624  10.164  -25.003  63.095 0.0000000000
58718  11.213  -23.060  59.222 0.0000000000
55395  16.726  -25.802  60.209 0.0000000000
52845  12.104  -27.822  60.174 0.0000000000
50589  7.533  -30.405  58.574 0.0000000000
64161  5.630  -18.595  55.005 0.0000000000
57721  3.489  -24.258  48.902 0.0000000000
65158  7.801  -17.997  50.983 0.0000000000
50626  4.346  -31.129  53.013 0.0000000000
51740  7.160  -29.105  51.278 0.0000000000
57681  8.405  -24.422  55.543 0.0000000000
61904  6.658  -20.422  58.775 0.0000000000
55545  9.292  -27.017  46.946 0.0000000000
53066  4.347  -27.955  43.085 0.0000000000
56733  3.472  -25.041  38.882 0.0000000000
62025  5.781  -19.647  43.033 0.0000000000
58697  12.325  -23.668  62.731 0.0000000000
59751  12.446  -22.468  61.536 0.0000000000
57627  16.218  -24.193  61.896 0.0000000000
54109  14.137  -26.884  60.242 0.0000000000
55373  13.469  -26.085  62.972 0.0000000000
54089  11.064  -27.414  62.562 0.0000000000
65140  6.561  -18.563  52.534 0.0000000000
52894  5.020  -28.805  55.825 0.0000000000
54179  5.910  -27.754  54.936 0.0000000000
56565  6.556  -25.669  57.649 0.0000000000
62995  8.732  -19.696  61.794 0.0000000000
60880  8.696  -20.984  59.403 0.0000000000
50577  5.915  -29.372  59.689 0.0000000000
48450  5.579  -32.179  56.313 0.0000000000
49540  4.551  -30.958  56.683 0.0000000000
136712  4.103  -32.186  53.967 0.0000000000
55470  8.155  -25.884  51.943 0.0000000000
51765  8.716  -28.821  49.506 0.0000000000
56641  7.415  -25.993  50.009 0.0000000000
59885  4.708  -22.859  46.879 0.0000000000
55562  4.006  -26.489  45.826 0.0000000000
57740  4.285  -24.656  44.115 0.0000000000
55603  3.559  -26.300  40.359 0.0000000000
137177  6.019  -24.227  41.664 0.0000000000
56542  7.759  -25.920  61.434 0.0000000000
57647  7.973  -25.027  59.445 0.0000000000
57640  10.607  -24.365  60.751 0.0000000000
61878  10.310  -20.184  61.325 0.0000000000
54127  17.783  -25.900  58.687 0.0000000000
55440  15.448  -25.814  55.450 0.0000000000
54129  15.061  -26.267  58.407 0.0000000000
52856  13.125  -27.768  58.175 0.0000000000
51657  10.071  -28.961  60.094 0.0000000000
52830  8.372  -28.045  61.777 0.0000000000
59796  5.155  -21.241  54.235 0.0000000000
57708  4.535  -24.289  51.243 0.0000000000
61938  4.411  -20.733  52.895 0.0000000000
63130  5.772  -20.366  50.163 0.0000000000
61968  7.398  -20.405  48.919 0.0000000000
62998  16.908  -20.532  59.789 0.0000000000
51685  20.307  -27.746  54.902 0.0000000000
56584  21.998  -25.983  54.856 0.0000000000
57638  20.304  -24.451  59.224 0.0000000000
60866  18.633  -22.120  60.046 0.0000000000
48491  3.704  -32.972  51.431 0.0000000000
49581  4.763  -31.660  49.928 0.0000000000
51743  5.006  -30.170  51.998 0.0000000000
55463  6.804  -26.688  53.743 0.0000000000
57686  8.602  -23.882  53.981 0.0000000000
139043  9.553  -23.962  57.476 0.0000000000
59778  9.016  -22.238  56.057 0.0000000000
60931  7.153  -21.727  54.884 0.0000000000
152721  5.079  -19.695  57.384 0.0000000000
50672  6.433  -30.974  48.565 0.0000000000
50681  8.905  -30.332  46.823 0.0000000000
50716  9.591  -30.190  43.485 0.0000000000
55528  5.766  -26.765  47.989 0.0000000000
152744  7.365  -27.841  44.598 0.0000000000
51875  6.712  -29.340  41.201 0.0000000000
51903  4.181  -29.449  39.512 0.0000000000
54399  3.365  -28.115  37.894 0.0000000000
66149  9.169  -17.462  49.437 0.0000000000
63156  9.517  -19.641  46.570 0.0000000000
64252  8.887  -18.504  44.404 0.0000000000
138850  9.138  -21.887  43.517 0.0000000000
59943  5.896  -22.969  39.463 0.0000000000
59747  13.685  -22.683  62.650 0.0000000000
145717  13.520  -22.034  62.215 0.0000000000
61876  14.094  -20.758  61.677 0.0000000000
59744  15.519  -23.101  62.223 0.0000000000
55371  14.655  -25.453  62.341 0.0000000000
58694  14.546  -23.887  62.844 0.0000000000
56520  13.483  -24.648  63.488 0.0000000000
48676  5.353  -33.127  40.105 0.0000000000
49710  6.345  -31.665  39.484 0.0000000000
54155  5.040  -28.221  57.100 0.0000000000
55418  5.297  -27.290  57.210 0.0000000000
56566  5.999  -26.249  58.081 0.0000000000
56594  17.283  -25.367  54.202 0.0000000000
141309  5.358  -28.070  59.454 0.0000000000
159539  4.963  -30.457  58.161 0.0000000000
52859  5.001  -28.827  58.311 0.0000000000
51681  4.588  -29.821  56.514 0.0000000000
57699  8.106  -24.036  51.792 0.0000000000
56630  8.279  -25.746  50.948 0.0000000000
57705  7.660  -24.403  51.147 0.0000000000
59892  5.917  -23.061  45.909 0.0000000000
58809  4.623  -23.808  45.633 0.0000000000
58819  5.652  -23.777  44.494 0.0000000000
158363  4.995  -24.675  42.725 0.0000000000
58826  7.092  -23.802  43.515 0.0000000000
56536  8.534  -25.814  62.530 0.0000000000
57636  8.896  -25.147  61.740 0.0000000000
153401  9.972  -24.722  62.494 0.0000000000
60864  12.038  -21.461  61.178 0.0000000000
64090  10.155  -19.239  61.676 0.0000000000
54105  17.743  -25.741  59.518 0.0000000000
55407  16.037  -25.956  58.147 0.0000000000
54117  16.141  -25.997  59.503 0.0000000000
54110  13.500  -27.348  60.516 0.0000000000
54120  13.549  -27.306  59.686 0.0000000000
52857  12.429  -28.122  58.432 0.0000000000
51656  10.636  -28.675  59.621 0.0000000000
55376  9.992  -26.055  63.290 0.0000000000
52829  9.689  -27.775  61.982 0.0000000000
55377  9.053  -26.151  63.053 0.0000000000
55379  7.977  -26.469  62.343 0.0000000000
143370  4.751  -19.956  54.954 0.0000000000
60943  4.573  -21.133  53.593 0.0000000000
63073  5.096  -19.969  53.995 0.0000000000
65148  7.141  -18.364  51.551 0.0000000000
143826  6.297  -19.306  51.349 0.0000000000
64211  6.470  -19.566  50.486 0.0000000000
63141  6.122  -20.407  49.755 0.0000000000
63127  7.256  -19.349  49.940 0.0000000000
56547  20.472  -24.958  58.259 0.0000000000
49565  3.944  -31.843  51.757 0.0000000000
50637  4.321  -31.293  51.846 0.0000000000
51732  5.034  -30.250  52.954 0.0000000000
55442  6.155  -26.630  55.392 0.0000000000
55452  6.259  -26.943  54.507 0.0000000000
56598  7.074  -25.575  54.748 0.0000000000
56609  7.857  -25.412  53.419 0.0000000000
57687  8.310  -24.454  54.527 0.0000000000
57650  10.442  -24.026  58.932 0.0000000000
57652  8.866  -24.430  58.024 0.0000000000
58719  10.721  -23.362  58.638 0.0000000000
60881  7.832  -20.772  59.087 0.0000000000
60896  9.733  -21.712  57.637 0.0000000000
60897  8.510  -21.406  57.376 0.0000000000
60919  8.246  -21.857  55.954 0.0000000000
60899  6.487  -21.153  57.389 0.0000000000
60912  5.279  -21.132  56.347 0.0000000000
61905  5.829  -20.218  58.161 0.0000000000
54167  14.167  -26.836  55.397 0.0000000000
55450  15.083  -26.076  54.533 0.0000000000
49535  8.109  -30.990  57.079 0.0000000000
49549  7.727  -31.634  55.860 0.0000000000
49543  7.585  -31.464  56.537 0.0000000000
47365  5.203  -32.284  55.894 0.0000000000
47378  5.990  -32.916  54.887 0.0000000000
49558  4.214  -31.584  53.618 0.0000000000
48469  3.562  -32.575  52.624 0.0000000000
51756  5.770  -30.198  51.016 0.0000000000
50660  5.571  -31.091  49.718 0.0000000000
51767  7.235  -29.674  50.008 0.0000000000
54254  9.537  -27.557  48.230 0.0000000000
51779  8.775  -29.639  48.360 0.0000000000
155663  9.941  -29.228  46.478 0.0000000000
50703  9.692  -30.178  45.456 0.0000000000
53022  10.054  -28.560  44.782 0.0000000000
57717  4.304  -24.445  50.704 0.0000000000
56642  5.257  -25.958  49.742 0.0000000000
55513  4.485  -25.865  48.628 0.0000000000
54348  4.297  -27.602  43.938 0.0000000000
54315  5.294  -27.327  45.576 0.0000000000
53048  5.407  -28.345  43.513 0.0000000000
53062  7.789  -28.771  42.626 0.0000000000
53080  6.016  -29.052  41.926 0.0000000000
155520  5.749  -29.457  40.047 0.0000000000
53081  4.666  -28.612  41.820 0.0000000000
56722  3.560  -25.269  39.414 0.0000000000
55612  3.283  -26.682  39.137 0.0000000000
55623  3.329  -26.309  38.655 0.0000000000
66160  10.395  -17.032  47.983 0.0000000000
64226  9.506  -18.759  48.132 0.0000000000
148784  10.162  -18.307  47.065 0.0000000000
63182  5.633  -18.984  43.348 0.0000000000
63194  6.731  -19.642  43.493 0.0000000000
62010  8.744  -20.290  44.337 0.0000000000
62039  7.727  -20.660  42.839 0.0000000000
59923  7.928  -22.400  41.129 0.0000000000
61062  6.983  -21.153  40.734 0.0000000000
57623  10.848  -24.606  63.216 0.0000000000
58701  11.371  -24.124  62.557 0.0000000000
58700  12.582  -23.011  62.327 0.0000000000
56533  16.886  -25.057  61.088 0.0000000000
54096  15.484  -26.103  60.276 0.0000000000
55389  14.904  -26.051  61.420 0.0000000000
54098  14.190  -26.571  61.453 0.0000000000
54100  12.409  -27.486  61.549 0.0000000000
54101  11.499  -27.713  61.749 0.0000000000
54088  12.389  -26.781  62.892 0.0000000000
56528  11.493  -25.467  63.602 0.0000000000
66068  6.545  -16.729  55.488 0.0000000000
65132  6.351  -18.439  53.524 0.0000000000
140111  6.822  -17.124  53.947 0.0000000000
66088  7.822  -16.545  52.861 0.0000000000
66108  7.823  -17.140  51.670 0.0000000000
51719  4.863  -30.166  54.011 0.0000000000
52924  5.492  -29.452  53.947 0.0000000000
54181  5.298  -28.669  55.387 0.0000000000
142631  5.742  -27.076  55.968 0.0000000000
56576  7.406  -25.033  56.112 0.0000000000
60875  9.989  -20.929  60.618 0.0000000000
60883  10.492  -21.805  59.065 0.0000000000
61892  8.584  -20.809  60.162 0.0000000000
61893  7.500  -20.151  60.389 0.0000000000
61894  6.935  -19.892  60.063 0.0000000000
63021  6.091  -19.273  59.292 0.0000000000
50582  6.485  -30.064  59.339 0.0000000000
48438  6.452  -31.362  57.524 0.0000000000
49531  5.582  -31.039  58.149 0.0000000000
48441  5.095  -31.580  56.946 0.0000000000
48452  4.857  -31.914  56.011 0.0000000000
48461  4.227  -32.699  54.318 0.0000000000
48453  4.676  -31.746  55.605 0.0000000000
50607  4.481  -30.892  54.630 0.0000000000
52934  7.814  -27.493  51.718 0.0000000000
52962  7.937  -28.595  50.817 0.0000000000
54213  8.316  -26.915  51.130 0.0000000000
55495  8.624  -26.701  49.776 0.0000000000
55508  8.656  -26.765  48.345 0.0000000000
58791  3.996  -23.165  47.901 0.0000000000
55548  3.837  -25.786  47.240 0.0000000000
57727  3.982  -24.290  46.238 0.0000000000
56674  3.678  -25.529  44.789 0.0000000000
55589  3.608  -26.655  43.112 0.0000000000
54371  3.711  -27.298  41.747 0.0000000000
56693  3.881  -25.888  42.544 0.0000000000
57769  4.686  -25.200  41.603 0.0000000000
57778  4.419  -24.584  39.940 0.0000000000
63209  5.198  -19.218  42.543 0.0000000000
62072  5.382  -20.166  40.434 0.0000000000
63243  4.843  -19.286  40.278 0.0000000000
56544  6.392  -26.625  60.260 0.0000000000
56551  6.584  -26.032  59.694 0.0000000000
57643  8.129  -25.169  60.322 0.0000000000
140576  9.798  -24.617  60.280 0.0000000000
58713  11.331  -23.866  60.148 0.0000000000
146009  12.086  -23.377  61.475 0.0000000000
59756  11.953  -21.927  60.851 0.0000000000
60874  11.060  -21.316  60.682 0.0000000000
61879  9.387  -20.008  61.440 0.0000000000
54152  18.194  -26.316  57.099 0.0000000000
153136  16.982  -25.452  55.772 0.0000000000
55415  16.693  -25.766  57.469 0.0000000000
54119  14.187  -26.795  59.455 0.0000000000
52855  13.761  -27.308  57.908 0.0000000000
52876  13.158  -27.778  56.351 0.0000000000
50593  9.307  -30.187  57.325 0.0000000000
50579  8.877  -29.767  58.915 0.0000000000
52847  10.318  -28.527  60.691 0.0000000000
52848  9.636  -28.720  60.760 0.0000000000
50574  7.824  -29.699  59.823 0.0000000000
52841  7.246  -28.170  61.228 0.0000000000
52833  6.658  -27.536  60.995 0.0000000000
59810  5.757  -22.337  53.306 0.0000000000
58781  5.813  -23.770  51.637 0.0000000000
151980  4.794  -22.739  52.708 0.0000000000
59827  4.288  -22.478  52.372 0.0000000000
60968  3.718  -22.045  50.899 0.0000000000
64176  5.794  -19.459  52.695 0.0000000000
61944  5.213  -20.182  51.140 0.0000000000
60974  4.518  -21.707  49.496 0.0000000000
60984  5.072  -21.761  48.684 0.0000000000
60996  5.528  -21.756  47.943 0.0000000000
59872  7.154  -22.119  47.178 0.0000000000
61874  15.567  -21.339  61.387 0.0000000000
52891  19.453  -27.492  55.530 0.0000000000
135299  23.880  -26.306  52.937 0.0000000000
56604  22.770  -25.461  53.414 0.0000000000
56583  22.537  -26.530  54.561 0.0000000000
55426  21.782  -26.612  55.529 0.0000000000
52861  20.825  -27.484  56.384 0.0000000000
52864  19.405  -27.070  56.871 0.0000000000
55401  19.208  -25.864  59.115 0.0000000000
55385  18.788  -25.231  60.228 0.0000000000
59755  19.487  -22.782  59.482 0.0000000000
142497  18.236  -24.286  60.829 0.0000000000
59750  17.434  -23.179  61.281 0.0000000000
61873  16.424  -21.746  61.379 0.0000000000
50648  4.823  -31.033  50.890 0.0000000000
51742  5.443  -29.959  51.833 0.0000000000
52937  5.851  -29.397  53.237 0.0000000000
54203  6.277  -28.304  53.564 0.0000000000
52935  7.154  -28.069  52.345 0.0000000000
55471  7.713  -26.409  52.550 0.0000000000
56608  8.294  -24.865  52.780 0.0000000000
58757  8.468  -23.356  53.414 0.0000000000
56555  7.208  -25.218  58.090 0.0000000000
57662  8.011  -24.718  57.568 0.0000000000
57673  8.947  -24.125  56.164 0.0000000000
59770  10.332  -22.440  57.654 0.0000000000
58734  9.636  -23.240  56.440 0.0000000000
57672  9.324  -23.618  55.751 0.0000000000
58740  9.388  -23.230  55.132 0.0000000000
59807  8.540  -22.652  54.027 0.0000000000
59793  7.740  -22.098  53.926 0.0000000000
60932  5.871  -21.439  54.985 0.0000000000
60923  4.873  -20.797  55.863 0.0000000000
137608  5.007  -19.281  56.431 0.0000000000
65089  5.249  -18.132  58.169 0.0000000000
65097  5.558  -17.522  57.242 0.0000000000
65108  5.820  -17.473  56.499 0.0000000000
132481  7.792  -32.819  53.636 0.0000000000
48449  6.299  -32.122  56.272 0.0000000000
51780  7.999  -29.973  48.719 0.0000000000
50683  7.485  -30.823  47.458 0.0000000000
49682  8.412  -31.129  41.599 0.0000000000
57714  6.281  -25.168  50.525 0.0000000000
55497  6.781  -26.176  49.490 0.0000000000
54271  8.003  -26.781  47.666 0.0000000000
54294  4.698  -26.709  46.684 0.0000000000
54292  6.120  -27.210  46.219 0.0000000000
54312  8.671  -27.351  45.387 0.0000000000
54346  8.994  -27.961  44.055 0.0000000000
51859  8.746  -29.357  42.312 0.0000000000
49695  7.449  -31.225  40.475 0.0000000000
50749  6.487  -30.676  39.588 0.0000000000
53091  3.609  -28.044  40.206 0.0000000000
53103  3.383  -28.436  39.069 0.0000000000
66117  8.558  -16.629  51.018 0.0000000000
66131  9.872  -16.029  49.889 0.0000000000
65173  8.425  -17.930  50.038 0.0000000000
64219  8.165  -19.014  49.608 0.0000000000
61977  8.722  -20.320  47.673 0.0000000000
61007  8.957  -21.220  46.417 0.0000000000
63166  9.521  -19.675  45.619 0.0000000000
151637  9.256  -21.475  45.336 0.0000000000
58816  8.721  -23.119  44.387 0.0000000000
57756  7.612  -23.659  42.181 0.0000000000
152185  7.015  -23.541  40.861 0.0000000000
136162  4.535  -23.618  38.845 0.0000000000
59945  4.931  -23.318  38.139 0.0000000000
141735  14.053  -22.267  62.294 0.0000000000
61867  14.437  -21.319  61.801 0.0000000000
60854  15.372  -22.468  62.049 0.0000000000
58699  14.995  -23.505  62.472 0.0000000000
59745  14.767  -22.631  62.225 0.0000000000
58695  13.949  -23.480  63.080 0.0000000000
48657  6.485  -32.710  41.269 0.0000000000
48675  6.239  -32.527  40.280 0.0000000000
54131  5.242  -27.780  58.422 0.0000000000
55409  5.390  -27.361  57.979 0.0000000000
55408  5.758  -26.944  58.440 0.0000000000
142120  17.853  -25.876  54.769 0.0000000000
55449  18.030  -25.761  53.866 0.0000000000
154389  5.541  -27.686  59.371 0.0000000000
52854  5.163  -28.493  58.775 0.0000000000
54132  5.217  -28.146  58.807 0.0000000000
54142  5.024  -28.194  57.948 0.0000000000
58769  7.824  -23.394  52.167 0.0000000000
58780  7.162  -23.752  51.532 0.0000000000
59891  7.096  -23.123  45.822 0.0000000000
58808  5.295  -23.559  45.328 0.0000000000
58807  6.386  -23.441  45.152 0.0000000000
58818  6.804  -23.685  44.350 0.0000000000
56535  9.061  -25.532  62.687 0.0000000000
57630  8.980  -25.378  62.437 0.0000000000
57629  9.628  -25.073  62.774 0.0000000000
54106  17.148  -25.912  59.809 0.0000000000
54107  16.344  -26.011  59.921 0.0000000000
52835  12.782  -27.712  60.791 0.0000000000
52844  12.911  -27.654  59.946 0.0000000000
52851  12.291  -28.003  59.300 0.0000000000
52858  11.677  -28.467  58.694 0.0000000000
52852  11.385  -28.250  59.612 0.0000000000
56530  9.556  -25.532  62.996 0.0000000000
56531  8.711  -25.903  62.779 0.0000000000
155775  5.144  -19.308  55.221 0.0000000000
64162  5.368  -19.356  54.497 0.0000000000
65147  7.595  -17.794  51.402 0.0000000000
64195  6.921  -18.936  50.935 0.0000000000
65159  7.414  -18.383  51.157 0.0000000000
64210  7.008  -19.157  50.435 0.0000000000
65174  7.474  -18.589  50.764 0.0000000000
50638  4.087  -31.521  52.294 0.0000000000
50625  4.523  -30.837  52.590 0.0000000000
56588  6.730  -25.770  55.595 0.0000000000
55441  6.564  -26.145  54.838 0.0000000000
56587  7.539  -25.001  55.119 0.0000000000
56597  7.707  -25.162  54.223 0.0000000000
58716  11.019  -23.624  59.384 0.0000000000
61903  7.134  -20.692  58.811 0.0000000000
60886  7.699  -21.018  58.257 0.0000000000
60898  7.368  -21.225  57.614 0.0000000000
60910  7.499  -21.542  56.762 0.0000000000
60900  5.660  -20.942  56.998 0.0000000000
60888  6.068  -20.653  57.953 0.0000000000
49528  7.868  -30.762  57.848 0.0000000000
49536  7.316  -31.187  57.290 0.0000000000
47380  5.104  -33.028  55.083 0.0000000000
49561  3.860  -31.845  52.789 0.0000000000
49566  3.684  -32.159  52.115 0.0000000000
51741  6.278  -29.628  51.607 0.0000000000
51768  6.219  -30.376  50.055 0.0000000000
51755  6.663  -29.683  50.741 0.0000000000
54270  9.795  -27.597  47.212 0.0000000000
52984  9.867  -28.167  47.823 0.0000000000
141424  10.012  -27.938  46.449 0.0000000000
52995  10.112  -28.595  46.126 0.0000000000
54289  9.609  -27.464  46.299 0.0000000000
57720  3.764  -24.572  49.418 0.0000000000
133701  4.407  -25.400  49.433 0.0000000000
56650  3.718  -24.852  48.769 0.0000000000
152366  4.658  -27.702  44.236 0.0000000000
53065  4.939  -28.471  42.992 0.0000000000
53064  5.674  -28.728  42.830 0.0000000000
135701  5.120  -28.779  42.338 0.0000000000
142496  5.148  -28.959  41.648 0.0000000000
153144  4.681  -28.413  42.491 0.0000000000
56723  3.360  -25.772  39.034 0.0000000000
56734  3.432  -25.500  38.560 0.0000000000
66159  11.100  -16.395  47.509 0.0000000000
65196  10.703  -16.958  46.999 0.0000000000
65197  10.287  -17.692  47.310 0.0000000000
65205  10.263  -17.948  46.284 0.0000000000
63196  5.493  -19.279  43.088 0.0000000000
63181  6.308  -19.168  43.541 0.0000000000
62024  6.626  -19.943  43.290 0.0000000000
62023  7.717  -20.135  43.650 0.0000000000
62040  6.498  -20.164  42.573 0.0000000000
62054  7.326  -20.824  41.730 0.0000000000
62055  6.310  -20.379  41.520 0.0000000000
57622  11.683  -24.077  62.906 0.0000000000
155248  12.126  -23.629  62.285 0.0000000000
61877  13.519  -20.722  62.257 0.0000000000
57626  16.640  -24.685  61.443 0.0000000000
144367  16.284  -25.035  61.443 0.0000000000
56524  15.971  -24.817  61.831 0.0000000000
55372  14.057  -25.647  62.868 0.0000000000
54086  14.338  -26.042  62.124 0.0000000000
54087  13.618  -26.609  62.071 0.0000000000
54099  13.411  -27.197  61.356 0.0000000000
137984  12.851  -27.019  62.183 0.0000000000
55382  13.142  -26.488  62.644 0.0000000000
57617  12.842  -24.071  63.304 0.0000000000
56527  12.359  -25.546  63.502 0.0000000000
57618  12.116  -24.345  63.298 0.0000000000
56523  11.387  -24.756  63.454 0.0000000000
66078  6.624  -16.943  54.650 0.0000000000
150803  7.694  -16.235  53.686 0.0000000000
67068  8.463  -16.060  52.767 0.0000000000
142955  7.631  -16.993  52.162 0.0000000000
66107  8.217  -16.534  52.105 0.0000000000
52912  4.971  -29.604  54.524 0.0000000000
52911  5.242  -29.200  54.599 0.0000000000
141081  4.986  -29.152  55.182 0.0000000000
56578  5.987  -26.246  57.229 0.0000000000
55432  5.475  -27.441  56.450 0.0000000000
56589  6.121  -26.440  56.295 0.0000000000
56577  6.650  -25.686  56.679 0.0000000000
156645  8.708  -19.987  61.546 0.0000000000
61891  8.965  -20.633  60.695 0.0000000000
61886  8.475  -20.091  61.282 0.0000000000
63003  7.529  -19.542  61.576 0.0000000000
63011  6.704  -19.230  60.462 0.0000000000
64107  6.299  -18.508  60.344 0.0000000000
50576  6.387  -29.564  59.830 0.0000000000
49525  6.038  -30.605  58.804 0.0000000000
49526  5.565  -30.427  58.628 0.0000000000
49533  4.806  -30.573  57.987 0.0000000000
49532  5.025  -30.923  58.166 0.0000000000
48442  4.908  -31.580  56.693 0.0000000000
48451  5.060  -31.924  56.302 0.0000000000
48457  4.835  -32.272  55.145 0.0000000000
52879  4.743  -29.299  55.906 0.0000000000
50604  4.436  -30.767  55.450 0.0000000000
150886  4.551  -30.309  55.050 0.0000000000
51703  4.706  -30.183  54.480 0.0000000000
55480  7.988  -26.658  51.828 0.0000000000
52948  8.245  -27.764  50.983 0.0000000000
56631  8.048  -25.788  50.498 0.0000000000
55487  8.343  -26.380  50.601 0.0000000000
152342  8.174  -26.219  50.092 0.0000000000
54238  9.049  -27.106  48.953 0.0000000000
55496  7.807  -26.326  49.383 0.0000000000
59886  4.349  -23.081  47.065 0.0000000000
58802  3.730  -23.833  46.984 0.0000000000
58801  4.137  -23.570  46.669 0.0000000000
57741  3.981  -24.772  44.736 0.0000000000
133311  3.764  -25.277  44.065 0.0000000000
55581  3.624  -26.605  43.948 0.0000000000
56683  3.576  -25.841  43.520 0.0000000000
57750  4.027  -25.245  43.343 0.0000000000
57758  5.324  -24.666  42.162 0.0000000000
57759  4.863  -24.969  42.362 0.0000000000
152269  4.974  -24.929  41.616 0.0000000000
57768  4.658  -24.848  40.745 0.0000000000
57767  5.303  -24.506  41.174 0.0000000000
64269  5.161  -18.761  42.810 0.0000000000
64279  4.894  -18.976  42.285 0.0000000000
63230  4.917  -19.320  41.178 0.0000000000
63231  4.614  -18.974  40.988 0.0000000000
56543  7.052  -26.123  60.660 0.0000000000
56546  7.732  -25.670  60.719 0.0000000000
57641  9.694  -24.723  61.306 0.0000000000
57642  8.923  -24.973  60.772 0.0000000000
57644  10.593  -24.222  59.782 0.0000000000
58704  12.067  -23.576  61.840 0.0000000000
58705  11.256  -24.101  62.048 0.0000000000
60869  11.800  -21.417  61.053 0.0000000000
60870  11.170  -21.001  61.007 0.0000000000
60871  10.168  -20.985  60.798 0.0000000000
61884  10.246  -20.499  61.150 0.0000000000
54138  18.171  -26.161  57.904 0.0000000000
55414  17.501  -25.982  57.507 0.0000000000
55406  17.194  -25.961  58.179 0.0000000000
137207  15.146  -26.233  57.689 0.0000000000
54097  14.736  -26.405  60.596 0.0000000000
54108  14.808  -26.321  59.998 0.0000000000
52849  13.633  -27.307  58.806 0.0000000000
52866  13.166  -27.746  57.260 0.0000000000
52877  12.589  -28.251  56.703 0.0000000000
51679  11.430  -29.190  56.494 0.0000000000
51666  10.168  -29.068  59.194 0.0000000000
51672  9.605  -29.472  58.631 0.0000000000
50587  9.131  -30.026  58.131 0.0000000000
51667  9.404  -29.308  59.444 0.0000000000
52837  10.996  -28.214  61.087 0.0000000000
52828  10.604  -27.821  61.911 0.0000000000
159569  8.921  -27.738  62.051 0.0000000000
52839  9.132  -28.275  61.430 0.0000000000
51650  8.799  -28.824  60.831 0.0000000000
51651  8.050  -28.855  60.867 0.0000000000
51660  7.555  -29.275  60.348 0.0000000000
52840  7.875  -28.382  61.360 0.0000000000
55383  7.506  -26.679  61.759 0.0000000000
54094  7.129  -27.107  61.362 0.0000000000
55384  7.122  -26.894  61.190 0.0000000000
55390  6.796  -26.769  60.770 0.0000000000
59795  5.415  -21.628  54.175 0.0000000000
58759  5.044  -22.875  52.833 0.0000000000
59811  4.946  -22.141  53.331 0.0000000000
141123  4.336  -21.193  53.132 0.0000000000
60949  4.312  -21.750  52.903 0.0000000000
149344  4.100  -21.392  52.397 0.0000000000
59838  3.709  -22.559  51.276 0.0000000000
60967  4.109  -21.343  51.377 0.0000000000
146306  6.125  -19.101  53.232 0.0000000000
64175  6.249  -19.140  52.482 0.0000000000
63116  6.097  -19.886  50.565 0.0000000000
63101  5.610  -19.809  51.435 0.0000000000
61954  5.350  -20.459  50.353 0.0000000000
61962  4.944  -20.993  49.917 0.0000000000
61961  5.435  -20.830  49.738 0.0000000000
60985  4.702  -22.045  48.773 0.0000000000
61971  5.425  -21.218  49.254 0.0000000000
61969  6.415  -20.697  49.156 0.0000000000
60982  5.943  -21.231  48.561 0.0000000000
61979  6.951  -21.031  48.429 0.0000000000
60995  6.497  -21.622  47.854 0.0000000000
60994  7.638  -21.446  47.701 0.0000000000
62999  16.153  -20.578  60.497 0.0000000000
145682  15.418  -20.764  61.053 0.0000000000
63007  16.235  -20.258  60.032 0.0000000000
52906  19.919  -27.601  54.359 0.0000000000
52918  20.047  -27.684  53.536 0.0000000000
154013  19.792  -27.613  55.094 0.0000000000
135371  22.119  -25.154  54.218 0.0000000000
57691  22.430  -24.716  53.384 0.0000000000
56593  22.545  -25.936  54.158 0.0000000000
55437  22.290  -26.794  54.912 0.0000000000
54134  20.671  -26.888  56.853 0.0000000000
52863  19.800  -27.298  56.699 0.0000000000
54136  19.915  -26.976  57.197 0.0000000000
150314  20.382  -24.817  59.002 0.0000000000
55399  20.161  -25.725  58.757 0.0000000000
56549  20.063  -25.292  59.309 0.0000000000
145434  19.176  -25.603  59.674 0.0000000000
56545  19.816  -24.785  59.776 0.0000000000
60872  19.262  -22.030  59.042 0.0000000000
150284  19.090  -22.246  59.649 0.0000000000
145044  19.237  -23.740  60.381 0.0000000000
58707  18.734  -23.626  60.667 0.0000000000
58708  18.055  -23.638  60.924 0.0000000000
60867  17.992  -21.966  60.500 0.0000000000
61882  16.958  -20.792  60.274 0.0000000000
60868  17.067  -21.272  60.686 0.0000000000
61883  16.230  -21.097  60.862 0.0000000000
145872  4.098  -32.650  50.872 0.0000000000
48490  4.064  -32.275  51.033 0.0000000000
50636  4.681  -30.826  51.598 0.0000000000
50649  4.512  -31.365  51.231 0.0000000000
51757  5.090  -30.441  51.277 0.0000000000
52910  5.512  -28.870  54.645 0.0000000000
52923  5.749  -29.074  54.101 0.0000000000
54192  5.822  -28.470  54.536 0.0000000000
54190  6.512  -27.423  53.735 0.0000000000
139439  6.467  -28.638  52.887 0.0000000000
54202  6.757  -27.740  53.058 0.0000000000
54201  7.429  -27.218  52.465 0.0000000000
55472  7.059  -26.924  53.130 0.0000000000
57693  8.255  -24.590  53.599 0.0000000000
57692  8.450  -24.127  53.040 0.0000000000
56550  7.266  -25.463  59.080 0.0000000000
57653  7.956  -24.916  58.507 0.0000000000
155997  9.556  -24.138  58.040 0.0000000000
57661  8.841  -24.249  57.077 0.0000000000
60884  9.714  -21.380  58.697 0.0000000000
60895  10.326  -21.942  58.232 0.0000000000
60908  9.361  -21.956  56.766 0.0000000000
59771  9.917  -22.315  57.049 0.0000000000
59777  9.571  -22.671  56.350 0.0000000000
148056  9.505  -23.099  55.774 0.0000000000
59785  9.318  -22.699  55.503 0.0000000000
60930  8.062  -21.798  55.261 0.0000000000
59792  8.358  -22.054  54.627 0.0000000000
59794  6.460  -21.904  54.086 0.0000000000
60921  6.066  -21.526  55.722 0.0000000000
61912  5.033  -20.649  56.747 0.0000000000
60913  4.976  -20.957  56.251 0.0000000000
61919  4.752  -20.602  56.238 0.0000000000
63050  4.617  -20.035  56.336 0.0000000000
148090  4.918  -19.572  56.943 0.0000000000
63022  5.670  -18.998  58.797 0.0000000000
55439  16.299  -25.514  56.090 0.0000000000
56586  16.366  -25.454  55.244 0.0000000000
48454  7.139  -32.014  55.338 0.0000000000
132520  7.761  -31.656  55.006 0.0000000000
48439  5.997  -31.856  57.013 0.0000000000
50673  5.785  -31.388  48.928 0.0000000000
49594  5.601  -31.836  48.576 0.0000000000
50685  6.100  -31.609  48.208 0.0000000000
50684  6.700  -31.204  47.806 0.0000000000
51753  8.053  -28.992  50.113 0.0000000000
51766  7.999  -29.565  49.463 0.0000000000
51789  8.918  -29.973  47.615 0.0000000000
50670  8.123  -30.249  47.953 0.0000000000
50682  8.282  -30.513  47.293 0.0000000000
50697  6.879  -31.391  47.015 0.0000000000
49632  8.451  -31.111  45.472 0.0000000000
50710  9.628  -30.410  44.523 0.0000000000
49645  9.194  -30.953  43.831 0.0000000000
49666  9.163  -30.862  43.039 0.0000000000
49667  8.680  -31.250  42.470 0.0000000000
135640  8.997  -30.761  42.561 0.0000000000
58782  4.846  -23.822  51.827 0.0000000000
57706  6.375  -24.423  51.018 0.0000000000
57715  5.442  -24.977  50.845 0.0000000000
55498  5.173  -26.255  49.135 0.0000000000
142733  5.846  -26.271  49.306 0.0000000000
55510  6.564  -26.504  48.722 0.0000000000
55527  6.854  -26.843  47.829 0.0000000000
55547  4.125  -26.299  46.675 0.0000000000
54275  4.396  -26.415  46.916 0.0000000000
54295  4.341  -26.754  46.067 0.0000000000
54332  5.761  -27.774  44.847 0.0000000000
54314  6.132  -27.478  45.512 0.0000000000
134568  6.713  -27.683  45.125 0.0000000000
54291  8.043  -27.180  46.057 0.0000000000
54313  7.700  -27.491  45.275 0.0000000000
142830  9.093  -27.612  44.835 0.0000000000
54347  7.947  -28.005  43.940 0.0000000000
53079  7.201  -29.081  41.949 0.0000000000
53078  8.081  -29.133  42.081 0.0000000000
51874  7.589  -29.487  41.486 0.0000000000
50737  8.342  -30.393  41.455 0.0000000000
51887  7.238  -29.849  40.848 0.0000000000
50744  6.963  -30.380  40.172 0.0000000000
51888  6.472  -29.609  40.391 0.0000000000
51889  4.927  -29.174  40.161 0.0000000000
51911  3.858  -29.941  39.002 0.0000000000
137760  3.764  -26.350  41.431 0.0000000000
135354  3.767  -27.841  41.181 0.0000000000
54379  3.518  -27.177  40.775 0.0000000000
54400  3.264  -27.172  38.709 0.0000000000
54388  3.308  -27.626  39.183 0.0000000000
53104  3.312  -27.959  38.617 0.0000000000
53129  3.359  -28.853  37.289 0.0000000000
66147  10.313  -16.343  49.054 0.0000000000
141317  9.418  -16.751  49.602 0.0000000000
66132  8.712  -17.177  50.113 0.0000000000
65189  8.444  -18.439  49.712 0.0000000000
65188  9.028  -18.078  49.291 0.0000000000
63148  9.881  -18.915  47.035 0.0000000000
63149  9.229  -19.610  47.663 0.0000000000
61986  9.136  -20.376  46.952 0.0000000000
60993  8.594  -21.024  47.340 0.0000000000
148549  7.672  -18.169  43.941 0.0000000000
65225  8.648  -17.896  44.236 0.0000000000
144451  9.374  -18.146  44.610 0.0000000000
64242  9.740  -18.524  45.149 0.0000000000
63178  9.469  -19.009  44.968 0.0000000000
62038  8.749  -21.003  43.614 0.0000000000
62009  9.321  -20.431  45.143 0.0000000000
62022  9.256  -21.244  44.451 0.0000000000
61028  9.307  -22.070  44.360 0.0000000000
59895  9.191  -22.318  43.816 0.0000000000
143204  8.612  -23.225  43.632 0.0000000000
58836  8.612  -22.719  42.376 0.0000000000
59933  6.673  -22.422  39.852 0.0000000000
58856  7.533  -23.118  40.849 0.0000000000
58857  6.694  -23.220  40.161 0.0000000000
58858  5.609  -23.634  39.817 0.0000000000
58865  5.168  -23.430  39.225 0.0000000000
61069  5.679  -21.104  39.699 0.0000000000
58696  13.069  -23.233  62.897 0.0000000000
59748  13.080  -22.396  62.389 0.0000000000
60857  13.682  -21.513  62.137 0.0000000000
137011  13.730  -20.504  61.656 0.0000000000
58703  16.145  -23.431  62.048 0.0000000000
57619  15.535  -24.416  62.276 0.0000000000
144168  15.041  -24.144  62.569 0.0000000000
57621  14.558  -24.513  62.892 0.0000000000
56519  14.094  -24.999  63.212 0.0000000000
56526  13.325  -25.486  63.346 0.0000000000
57615  14.105  -24.290  63.226 0.0000000000
57616  13.512  -23.918  63.300 0.0000000000
48694  5.585  -32.655  39.421 0.0000000000
49711  5.997  -31.643  38.866 0.0000000000
52878  4.923  -28.746  56.524 0.0000000000
54169  5.200  -28.377  56.285 0.0000000000
54154  5.256  -27.815  56.800 0.0000000000
55417  5.621  -26.841  57.613 0.0000000000
52843  5.710  -28.077  60.155 0.0000000000
50584  5.582  -29.620  59.031 0.0000000000
50578  5.490  -29.235  59.137 0.0000000000
137651  5.316  -29.114  58.842 0.0000000000
50591  4.691  -30.171  57.857 0.0000000000
50596  4.559  -30.189  56.811 0.0000000000
51677  4.710  -29.539  57.480 0.0000000000
52869  4.743  -29.209  56.753 0.0000000000
56616  8.306  -25.146  52.056 0.0000000000
56623  8.283  -25.449  51.425 0.0000000000
57704  8.215  -24.755  51.564 0.0000000000
56624  8.017  -25.133  50.881 0.0000000000
57713  7.249  -25.424  50.359 0.0000000000
59884  5.458  -22.668  46.658 0.0000000000
58800  4.484  -23.423  46.440 0.0000000000
58799  4.987  -23.254  46.164 0.0000000000
58820  4.731  -24.051  44.722 0.0000000000
58828  5.023  -24.190  43.844 0.0000000000
57749  4.652  -24.749  43.155 0.0000000000
57747  6.356  -23.974  42.909 0.0000000000
57631  8.364  -25.606  62.009 0.0000000000
57637  8.278  -25.405  61.215 0.0000000000
57635  9.554  -24.864  62.222 0.0000000000
57634  10.487  -24.391  61.881 0.0000000000
61871  11.711  -20.934  61.247 0.0000000000
61872  10.986  -20.132  61.733 0.0000000000
62987  9.913  -19.595  61.566 0.0000000000
144357  10.660  -19.765  61.493 0.0000000000
54115  18.240  -25.794  58.992 0.0000000000
54128  16.718  -26.015  58.888 0.0000000000
151880  15.798  -25.976  58.915 0.0000000000
54118  15.066  -26.247  59.322 0.0000000000
52850  13.037  -27.729  59.054 0.0000000000
51665  10.909  -28.780  58.935 0.0000000000
54082  10.541  -26.822  63.056 0.0000000000
54090  10.140  -27.371  62.578 0.0000000000
54083  9.581  -26.755  62.963 0.0000000000
54084  8.715  -26.759  62.768 0.0000000000
149315  7.781  -27.221  62.072 0.0000000000
55378  8.383  -26.268  62.762 0.0000000000
56532  8.231  -26.077  62.671 0.0000000000
60924  4.931  -20.595  55.191 0.0000000000
60935  4.944  -20.891  54.324 0.0000000000
61931  4.893  -20.686  54.312 0.0000000000
61935  4.590  -20.834  53.606 0.0000000000
63082  4.791  -20.395  53.408 0.0000000000
65139  6.924  -17.991  52.199 0.0000000000
64183  6.455  -19.064  51.854 0.0000000000
64182  6.666  -18.963  51.359 0.0000000000
64196  6.382  -19.369  50.903 0.0000000000
63129  6.106  -20.174  50.153 0.0000000000
61960  5.711  -20.674  49.734 0.0000000000
63128  6.522  -19.760  50.108 0.0000000000
63140  6.834  -20.032  49.603 0.0000000000
51684  20.700  -27.761  55.073 0.0000000000
57678  21.722  -25.218  55.207 0.0000000000
55404  20.632  -25.656  57.529 0.0000000000
57649  20.446  -24.600  58.260 0.0000000000
58714  20.310  -23.936  58.414 0.0000000000
61880  18.159  -21.470  59.720 0.0000000000
49574  3.795  -32.305  51.558 0.0000000000
49573  4.185  -31.820  51.233 0.0000000000
51731  5.315  -30.038  52.715 0.0000000000
153010  5.891  -27.218  55.276 0.0000000000
54191  6.113  -27.941  54.217 0.0000000000
55451  7.004  -25.951  54.077 0.0000000000
55462  7.446  -26.180  53.276 0.0000000000
57645  9.896  -24.437  59.440 0.0000000000
147184  8.664  -24.758  58.847 0.0000000000
57651  9.548  -24.386  58.678 0.0000000000
58720  10.146  -23.749  58.058 0.0000000000
60885  8.752  -21.127  58.372 0.0000000000
60909  8.611  -21.763  56.548 0.0000000000
60920  7.156  -21.759  55.881 0.0000000000
60911  6.118  -21.377  56.475 0.0000000000
61911  5.499  -20.609  57.282 0.0000000000
61906  5.295  -20.116  57.549 0.0000000000
54153  14.808  -26.438  55.929 0.0000000000
54166  14.740  -26.397  55.155 0.0000000000
49534  8.824  -30.735  56.835 0.0000000000
49542  8.284  -31.173  56.343 0.0000000000
136405  7.053  -31.935  56.097 0.0000000000
47379  5.381  -32.611  55.541 0.0000000000
143649  3.734  -32.797  53.684 0.0000000000
48464  3.775  -32.326  53.318 0.0000000000
48477  3.474  -32.829  51.989 0.0000000000
50647  5.330  -30.741  50.515 0.0000000000
50674  5.247  -31.526  49.388 0.0000000000
50659  6.168  -30.854  49.270 0.0000000000
50658  7.003  -30.225  49.150 0.0000000000
52971  9.249  -27.945  49.169 0.0000000000
52978  9.179  -28.891  48.798 0.0000000000
51778  9.501  -29.062  47.921 0.0000000000
51788  9.529  -29.547  47.055 0.0000000000
50695  9.584  -29.926  46.280 0.0000000000
50696  8.975  -30.580  45.975 0.0000000000
51801  10.059  -29.380  45.709 0.0000000000
51816  10.076  -29.677  44.927 0.0000000000
51841  10.029  -28.956  44.171 0.0000000000
159090  4.483  -24.672  50.807 0.0000000000
57716  4.732  -24.957  50.766 0.0000000000
56634  4.475  -24.966  50.319 0.0000000000
55499  4.771  -25.926  49.291 0.0000000000
55529  5.056  -26.587  48.053 0.0000000000
54317  4.169  -26.948  45.150 0.0000000000
54316  4.588  -27.168  45.338 0.0000000000
54333  4.897  -27.601  44.803 0.0000000000
53026  5.174  -27.972  44.201 0.0000000000
53025  5.961  -28.200  44.116 0.0000000000
53046  7.361  -28.471  43.320 0.0000000000
53047  6.304  -28.506  43.417 0.0000000000
53063  6.733  -28.832  42.684 0.0000000000
51876  5.675  -29.178  40.875 0.0000000000
51877  4.703  -28.900  41.025 0.0000000000
51890  4.148  -28.829  40.274 0.0000000000
56711  3.739  -25.514  40.091 0.0000000000
147466  3.366  -27.107  39.782 0.0000000000
55611  3.439  -26.076  39.574 0.0000000000
54414  3.329  -26.817  38.156 0.0000000000
65187  9.747  -17.697  48.517 0.0000000000
64217  9.425  -18.248  48.609 0.0000000000
64225  9.898  -18.192  47.895 0.0000000000
158822  9.911  -18.520  47.547 0.0000000000
64254  6.917  -18.678  43.725 0.0000000000
64253  8.138  -18.879  44.190 0.0000000000
63179  9.006  -19.523  44.579 0.0000000000
63180  7.642  -19.460  43.864 0.0000000000
61052  8.635  -21.491  42.669 0.0000000000
58847  8.462  -22.452  41.882 0.0000000000
61053  8.128  -21.257  41.957 0.0000000000
59932  7.311  -21.947  40.412 0.0000000000
61068  6.470  -21.585  39.981 0.0000000000
57628  10.441  -24.580  62.712 0.0000000000
155128  12.470  -22.991  62.001 0.0000000000
60859  12.456  -21.497  61.703 0.0000000000
55387  17.010  -25.406  60.550 0.0000000000
55396  16.027  -25.980  60.427 0.0000000000
140693  16.165  -25.729  60.792 0.0000000000
55388  15.408  -26.096  60.878 0.0000000000
159755  14.685  -26.440  61.031 0.0000000000
55381  15.137  -25.595  61.833 0.0000000000
154475  14.166  -26.937  60.905 0.0000000000
52836  11.920  -27.959  61.004 0.0000000000
143229  11.960  -27.251  62.363 0.0000000000
54081  11.510  -26.905  63.049 0.0000000000
141736  12.792  -26.174  63.144 0.0000000000
55374  11.925  -26.230  63.335 0.0000000000
55375  10.974  -26.143  63.423 0.0000000000
56529  10.567  -25.313  63.418 0.0000000000
155417  5.982  -17.915  55.191 0.0000000000
65126  6.120  -18.152  54.501 0.0000000000
66079  6.263  -17.451  54.948 0.0000000000
65125  6.452  -17.653  54.142 0.0000000000
65131  6.722  -17.702  53.154 0.0000000000
66089  7.216  -16.874  53.395 0.0000000000
66098  7.211  -17.259  52.535 0.0000000000
66109  7.358  -17.564  51.901 0.0000000000
66118  8.092  -17.274  51.117 0.0000000000
51733  4.802  -30.440  53.274 0.0000000000
52925  5.208  -29.632  54.084 0.0000000000
54180  5.643  -28.269  55.211 0.0000000000
54168  5.507  -28.061  56.000 0.0000000000
55443  5.721  -27.646  55.650 0.0000000000
60879  10.723  -21.598  59.984 0.0000000000
59761  11.106  -22.425  59.444 0.0000000000
60876  9.581  -21.149  59.861 0.0000000000
61887  7.824  -19.866  61.192 0.0000000000
141649  8.158  -20.346  60.649 0.0000000000
61897  7.888  -20.653  59.939 0.0000000000
61898  7.152  -20.391  59.535 0.0000000000
61899  6.667  -20.041  59.317 0.0000000000
61900  6.280  -19.796  58.937 0.0000000000
63020  6.486  -19.556  59.713 0.0000000000
50581  7.255  -30.057  59.286 0.0000000000
49529  6.982  -30.847  58.038 0.0000000000
49530  6.178  -31.027  58.238 0.0000000000
49537  5.775  -31.434  57.668 0.0000000000
48440  5.451  -31.667  57.140 0.0000000000
148722  5.190  -30.784  58.149 0.0000000000
48431  5.198  -31.208  57.653 0.0000000000
133708  5.234  -31.910  56.512 0.0000000000
47366  4.747  -32.253  55.612 0.0000000000
47381  4.633  -32.835  54.694 0.0000000000
48458  4.432  -31.785  54.689 0.0000000000
49545  4.461  -31.206  55.933 0.0000000000
49550  4.533  -31.416  55.152 0.0000000000
49554  4.421  -31.601  54.390 0.0000000000
158434  4.456  -31.221  54.106 0.0000000000
50616  4.574  -30.752  53.829 0.0000000000
52949  7.566  -28.334  51.565 0.0000000000
51754  7.456  -29.225  50.592 0.0000000000
52961  8.658  -28.074  50.148 0.0000000000
55479  8.279  -26.136  51.288 0.0000000000
54225  8.630  -27.172  50.403 0.0000000000
158589  8.960  -27.344  49.734 0.0000000000
55507  9.185  -27.036  48.170 0.0000000000
55526  8.901  -26.832  47.612 0.0000000000
58792  3.637  -23.522  48.153 0.0000000000
56654  3.695  -25.007  48.147 0.0000000000
57729  3.518  -24.147  47.375 0.0000000000
56657  3.515  -25.290  46.996 0.0000000000
56666  3.770  -25.813  45.630 0.0000000000
58810  4.386  -23.948  45.925 0.0000000000
57733  3.911  -24.938  45.464 0.0000000000
55573  3.722  -26.481  44.847 0.0000000000
54335  3.970  -27.145  44.371 0.0000000000
54349  3.899  -27.316  43.570 0.0000000000
149284  4.242  -28.000  42.027 0.0000000000
54360  3.876  -27.407  42.688 0.0000000000
157613  3.725  -26.722  42.303 0.0000000000
57760  4.442  -25.292  42.489 0.0000000000
56701  4.239  -25.611  41.604 0.0000000000
155961  3.852  -25.723  40.831 0.0000000000
154182  4.262  -25.272  40.766 0.0000000000
57779  4.023  -24.911  39.910 0.0000000000
137669  3.668  -24.671  39.228 0.0000000000
64268  5.377  -18.824  43.120 0.0000000000
63208  5.358  -19.412  42.747 0.0000000000
62056  5.537  -19.934  41.381 0.0000000000
62057  5.138  -19.545  41.309 0.0000000000
63244  4.698  -18.652  40.171 0.0000000000
48656  7.341  -32.259  41.667 0.0000000000
56552  6.163  -26.640  59.684 0.0000000000
56557  6.159  -26.467  58.983 0.0000000000
137929  7.376  -25.505  60.015 0.0000000000
57646  8.988  -24.819  59.668 0.0000000000
58715  11.501  -23.292  59.746 0.0000000000
58710  11.511  -23.952  61.663 0.0000000000
59753  12.271  -22.240  61.151 0.0000000000
58709  12.099  -23.187  61.091 0.0000000000
145604  11.454  -23.955  61.084 0.0000000000
58712  11.940  -23.086  60.379 0.0000000000
59757  11.611  -22.144  60.138 0.0000000000
61885  9.377  -20.397  61.160 0.0000000000
62988  9.493  -19.444  61.734 0.0000000000
54165  18.213  -26.425  56.235 0.0000000000
136217  17.580  -25.811  55.669 0.0000000000
55428  17.275  -25.683  56.635 0.0000000000
55429  16.284  -25.680  56.813 0.0000000000
55416  15.706  -25.967  57.261 0.0000000000
55430  15.515  -25.940  56.426 0.0000000000
152705  13.625  -27.381  55.790 0.0000000000
138969  15.604  -26.095  59.865 0.0000000000
54130  14.294  -26.778  58.598 0.0000000000
52865  13.898  -27.251  56.868 0.0000000000
52892  13.024  -27.783  55.647 0.0000000000
51674  11.999  -28.720  57.022 0.0000000000
50594  8.596  -30.503  57.582 0.0000000000
50588  8.361  -30.248  58.366 0.0000000000
50580  8.111  -30.018  59.158 0.0000000000
147759  11.440  -28.110  60.446 0.0000000000
52846  10.776  -28.420  60.267 0.0000000000
52838  10.092  -28.239  61.290 0.0000000000
51658  9.165  -29.136  60.189 0.0000000000
51668  8.604  -29.549  59.648 0.0000000000
50575  7.024  -29.654  59.882 0.0000000000
51661  6.851  -29.191  60.326 0.0000000000
51653  6.735  -28.608  60.722 0.0000000000
52832  7.242  -27.489  61.490 0.0000000000
52842  6.619  -28.013  61.029 0.0000000000
52834  6.195  -27.936  60.705 0.0000000000
54102  6.199  -27.609  60.532 0.0000000000
55391  6.305  -26.976  60.460 0.0000000000
59825  6.547  -22.674  52.804 0.0000000000
58770  6.538  -23.161  52.201 0.0000000000
59826  5.688  -22.890  52.708 0.0000000000
58771  5.265  -23.291  52.294 0.0000000000
58772  4.801  -23.215  52.286 0.0000000000
59797  4.704  -21.573  53.485 0.0000000000
58760  4.633  -22.946  52.305 0.0000000000
57700  4.570  -23.599  51.819 0.0000000000
57709  4.276  -23.848  51.318 0.0000000000
58787  3.706  -23.565  50.311 0.0000000000
59857  3.589  -23.043  49.525 0.0000000000
148385  5.952  -18.880  54.092 0.0000000000
63081  5.263  -19.857  53.051 0.0000000000
63093  4.909  -20.183  52.549 0.0000000000
64184  5.988  -19.458  51.824 0.0000000000
63102  5.170  -20.039  51.829 0.0000000000
61945  4.572  -20.553  51.871 0.0000000000
61955  4.760  -20.735  50.802 0.0000000000
59847  3.839  -22.209  49.961 0.0000000000
59856  4.066  -22.416  49.062 0.0000000000
59866  4.314  -22.654  48.324 0.0000000000
59865  4.746  -22.367  48.162 0.0000000000
60997  5.007  -22.046  48.082 0.0000000000
61970  5.720  -20.975  49.256 0.0000000000
60983  5.356  -21.497  48.670 0.0000000000
59874  5.099  -22.314  47.383 0.0000000000
59873  5.980  -22.149  47.238 0.0000000000
59883  6.548  -22.634  46.544 0.0000000000
59882  7.728  -22.558  46.397 0.0000000000
60863  15.032  -21.524  61.690 0.0000000000
61875  14.826  -21.001  61.501 0.0000000000
151655  15.276  -20.280  60.738 0.0000000000
55438  18.382  -26.523  55.372 0.0000000000
56603  23.497  -25.624  52.891 0.0000000000
54149  22.041  -26.932  55.212 0.0000000000
52872  21.349  -27.720  55.853 0.0000000000
56574  21.870  -26.425  55.418 0.0000000000
52873  20.718  -27.853  56.082 0.0000000000
52874  20.141  -27.744  56.185 0.0000000000
52875  19.538  -27.459  56.255 0.0000000000
54151  18.921  -26.870  56.666 0.0000000000
54112  20.168  -26.162  58.188 0.0000000000
54114  19.053  -26.060  58.650 0.0000000000
54104  18.459  -25.728  59.318 0.0000000000
55393  18.607  -25.620  59.783 0.0000000000
55386  17.977  -25.361  60.263 0.0000000000
59762  20.078  -23.163  58.026 0.0000000000
59758  20.005  -23.353  58.572 0.0000000000
59759  19.637  -22.678  58.719 0.0000000000
59754  19.890  -23.422  59.141 0.0000000000
57632  19.536  -24.262  60.164 0.0000000000
56540  18.605  -24.721  60.615 0.0000000000
151057  18.112  -24.935  60.611 0.0000000000
57625  17.504  -24.658  61.008 0.0000000000
150453  16.940  -24.312  61.451 0.0000000000
142498  16.788  -23.741  61.624 0.0000000000
150832  17.650  -21.492  60.348 0.0000000000
147180  16.961  -22.444  61.471 0.0000000000
150183  16.660  -23.082  61.699 0.0000000000
150315  16.124  -22.581  61.928 0.0000000000
60862  15.578  -21.934  61.794 0.0000000000
50662  4.586  -31.550  50.672 0.0000000000
52936  6.085  -28.994  53.111 0.0000000000
51730  5.546  -29.766  52.581 0.0000000000
52951  6.027  -29.458  52.478 0.0000000000
52950  6.800  -28.920  52.091 0.0000000000
56617  7.994  -25.634  52.650 0.0000000000
57698  8.297  -24.451  52.261 0.0000000000
58768  8.276  -23.769  52.544 0.0000000000
58758  8.169  -23.172  52.753 0.0000000000
56556  6.577  -25.850  58.607 0.0000000000
56564  7.268  -25.058  57.121 0.0000000000
57674  8.124  -24.569  56.595 0.0000000000
59763  10.733  -22.640  58.524 0.0000000000
58726  10.447  -23.100  57.802 0.0000000000
58727  9.955  -23.429  57.220 0.0000000000
58733  10.043  -22.869  57.065 0.0000000000
57660  9.434  -23.755  56.655 0.0000000000
159822  9.078  -24.049  55.555 0.0000000000
57680  9.083  -23.885  54.932 0.0000000000
58748  8.906  -23.290  54.425 0.0000000000
59786  8.788  -22.151  55.285 0.0000000000
58747  9.044  -22.646  54.782 0.0000000000
59808  8.096  -22.651  53.232 0.0000000000
59809  7.110  -22.354  53.272 0.0000000000
60933  5.348  -21.126  55.149 0.0000000000
138346  5.413  -21.336  56.061 0.0000000000
60922  5.130  -21.118  55.913 0.0000000000
60934  5.125  -20.859  55.267 0.0000000000
61924  4.653  -20.391  55.677 0.0000000000
132472  4.755  -19.692  55.766 0.0000000000
64151  5.293  -18.885  55.814 0.0000000000
144296  5.767  -19.657  58.481 0.0000000000
63029  5.362  -19.397  58.041 0.0000000000
64133  5.210  -18.956  57.619 0.0000000000
137756  5.466  -17.349  58.016 0.0000000000
65098  5.311  -18.175  57.459 0.0000000000
65109  5.462  -18.341  56.617 0.0000000000
65117  5.753  -18.089  55.804 0.0000000000
66069  6.128  -17.400  55.728 0.0000000000
63000  14.628  -20.535  61.295 0.0000000000
56585  17.135  -25.428  55.050 0.0000000000
56595  16.542  -25.358  54.461 0.0000000000
56607  16.036  -25.425  53.944 0.0000000000
48448  6.778  -31.666  56.768 0.0000000000
48455  6.547  -32.243  55.710 0.0000000000
47377  6.495  -32.515  54.866 0.0000000000
49595  5.062  -31.833  49.150 0.0000000000
50671  7.262  -30.564  48.249 0.0000000000
49621  6.514  -31.993  46.765 0.0000000000
50704  9.194  -30.750  45.214 0.0000000000
49683  7.839  -31.618  41.185 0.0000000000
152146  7.184  -24.840  50.706 0.0000000000
142530  5.348  -25.455  50.353 0.0000000000
56632  6.268  -25.813  49.979 0.0000000000
55509  7.774  -26.592  48.498 0.0000000000
55546  8.460  -26.924  46.867 0.0000000000
55531  4.119  -25.750  47.799 0.0000000000
54274  4.722  -26.474  47.394 0.0000000000
54273  5.188  -26.764  47.319 0.0000000000
144798  4.760  -27.006  46.009 0.0000000000
54293  5.295  -26.997  46.480 0.0000000000
54272  6.030  -26.988  47.131 0.0000000000
142295  7.192  -27.072  46.819 0.0000000000
54290  9.002  -27.039  46.129 0.0000000000
54311  9.386  -27.505  45.480 0.0000000000
53044  9.677  -28.481  44.052 0.0000000000
51842  9.646  -29.251  43.409 0.0000000000
53045  8.365  -28.392  43.291 0.0000000000
53061  8.601  -28.847  42.704 0.0000000000
51858  9.235  -29.603  42.687 0.0000000000
50726  8.808  -30.612  42.091 0.0000000000
49694  8.099  -30.996  40.976 0.0000000000
49696  6.861  -31.782  40.143 0.0000000000
50750  5.882  -30.558  39.094 0.0000000000
53090  4.158  -28.419  41.098 0.0000000000
51891  3.667  -28.727  39.609 0.0000000000
54387  3.404  -27.747  39.608 0.0000000000
134799  3.450  -28.124  39.490 0.0000000000
51904  3.573  -29.278  39.070 0.0000000000
51912  3.705  -29.721  38.454 0.0000000000
67075  8.812  -16.210  51.651 0.0000000000
132409  8.269  -16.757  51.478 0.0000000000
66116  9.050  -16.476  50.403 0.0000000000
152673  8.455  -17.000  50.628 0.0000000000
66133  8.215  -17.582  50.599 0.0000000000
64209  7.805  -18.681  50.243 0.0000000000
63139  7.783  -19.698  49.309 0.0000000000
64218  8.892  -18.606  49.067 0.0000000000
63138  8.695  -19.258  48.752 0.0000000000
61978  7.982  -20.689  48.106 0.0000000000
61008  8.268  -21.837  46.918 0.0000000000
59890  8.208  -22.952  45.570 0.0000000000
63165  9.858  -19.041  45.941 0.0000000000
61994  9.293  -20.453  46.046 0.0000000000
59889  9.044  -22.590  44.966 0.0000000000
58805  8.416  -23.228  44.867 0.0000000000
58817  7.974  -23.599  44.180 0.0000000000
58825  7.897  -23.648  43.163 0.0000000000
57766  6.861  -23.823  41.481 0.0000000000
58848  8.148  -23.068  41.713 0.0000000000
135783  7.481  -23.468  41.413 0.0000000000
58849  6.102  -23.858  40.736 0.0000000000
57777  5.108  -24.287  40.243 0.0000000000
57785  4.592  -24.027  39.495 0.0000000000
58866  3.896  -24.108  39.073 0.0000000000
62071  6.031  -20.704  40.534 0.0000000000
59944  5.383  -22.871  38.781 0.0000000000
57793  3.656  -24.437  38.560 0.0000000000
49527  5.199  -30.264  58.393 0.0000000000
49538  4.940  -31.215  57.367 0.0000000000
49539  4.769  -31.188  57.058 0.0000000000
49544  4.670  -31.475  56.352 0.0000000000
49646  8.864  -31.160  44.605 0.0000000000
49709  6.884  -31.138  39.885 0.0000000000
50583  5.957  -30.001  59.289 0.0000000000
50585  5.033  -29.997  58.347 0.0000000000
50590  6.655  -30.527  58.764 0.0000000000
50595  4.683  -30.726  57.430 0.0000000000
50600  4.456  -30.548  56.219 0.0000000000
50661  4.980  -31.249  50.148 0.0000000000
50725  9.232  -30.246  42.667 0.0000000000
50736  8.877  -29.955  42.064 0.0000000000
50743  7.697  -30.482  40.836 0.0000000000
51652  7.382  -28.773  60.826 0.0000000000
51654  6.243  -28.403  60.544 0.0000000000
51655  5.936  -28.208  60.255 0.0000000000
51659  8.334  -29.256  60.290 0.0000000000
51662  6.289  -29.032  60.246 0.0000000000
51663  5.949  -28.891  60.163 0.0000000000
51664  5.430  -28.427  59.350 0.0000000000
51673  4.900  -29.584  58.252 0.0000000000
51689  4.504  -30.059  55.687 0.0000000000
51718  5.109  -30.073  53.626 0.0000000000
51744  4.727  -30.555  52.278 0.0000000000
51800  10.168  -28.685  45.453 0.0000000000
51815  10.221  -29.090  45.090 0.0000000000
51827  10.154  -29.156  44.607 0.0000000000
51828  9.987  -29.611  44.162 0.0000000000
51873  8.310  -29.674  41.717 0.0000000000
51886  7.875  -29.953  41.230 0.0000000000
52831  7.790  -27.794  61.794 0.0000000000
52853  5.134  -27.847  59.107 0.0000000000
52862  20.288  -27.457  56.535 0.0000000000
52868  4.841  -28.763  57.362 0.0000000000
52871  21.739  -27.214  55.524 0.0000000000
52888  20.952  -27.841  55.563 0.0000000000
52889  20.478  -27.890  55.685 0.0000000000
52890  19.939  -27.771  55.682 0.0000000000
52895  4.729  -29.713  55.099 0.0000000000
52922  6.001  -28.788  53.862 0.0000000000
52938  5.455  -29.837  53.295 0.0000000000
52977  9.544  -28.323  48.434 0.0000000000
53008  9.929  -28.016  45.597 0.0000000000
53023  9.603  -27.951  44.772 0.0000000000
53024  6.901  -28.205  44.005 0.0000000000
53027  4.764  -28.020  43.646 0.0000000000
53060  9.153  -28.590  43.332 0.0000000000
54085  8.102  -26.814  62.459 0.0000000000
54091  9.208  -27.305  62.527 0.0000000000
54092  8.364  -27.369  62.298 0.0000000000
54093  7.573  -26.942  61.990 0.0000000000
54095  6.589  -27.165  60.814 0.0000000000
54103  5.924  -27.914  60.235 0.0000000000
54111  6.089  -27.362  60.223 0.0000000000
54113  19.601  -26.183  58.369 0.0000000000
54116  17.176  -25.967  59.430 0.0000000000
54121  5.230  -27.925  59.119 0.0000000000
54135  20.329  -27.016  57.006 0.0000000000
54141  5.175  -27.720  57.580 0.0000000000
54164  18.908  -27.075  55.896 0.0000000000
54330  8.353  -27.652  44.652 0.0000000000
54331  6.521  -27.988  44.567 0.0000000000
54334  4.389  -27.367  44.622 0.0000000000
55380  16.265  -25.347  61.160 0.0000000000
55392  19.483  -25.284  59.798 0.0000000000
55394  17.694  -25.685  59.924 0.0000000000
55397  5.976  -27.117  59.890 0.0000000000
55398  5.649  -27.716  59.612 0.0000000000
55400  19.677  -25.702  59.274 0.0000000000
55402  5.832  -26.851  59.037 0.0000000000
55405  20.440  -25.636  58.094 0.0000000000
55431  5.563  -26.879  56.812 0.0000000000
55511  5.440  -26.519  48.657 0.0000000000
55512  4.911  -26.295  48.649 0.0000000000
55514  4.249  -25.686  48.317 0.0000000000
55525  9.389  -27.154  47.640 0.0000000000
55530  4.693  -26.260  47.989 0.0000000000
55532  3.865  -25.459  47.821 0.0000000000
55563  3.817  -25.905  46.510 0.0000000000
56521  12.682  -24.844  63.587 0.0000000000
56522  11.985  -24.959  63.579 0.0000000000
56525  15.263  -25.054  62.182 0.0000000000
56534  15.776  -25.294  61.645 0.0000000000
56537  7.905  -26.112  62.156 0.0000000000
56538  7.394  -26.480  61.350 0.0000000000
56539  19.210  -24.773  60.311 0.0000000000
56541  17.499  -25.112  60.703 0.0000000000
56548  20.405  -25.203  58.625 0.0000000000
56553  20.642  -25.461  57.574 0.0000000000
56554  20.505  -25.297  57.939 0.0000000000
56633  4.740  -25.499  50.037 0.0000000000
56635  4.180  -24.809  49.876 0.0000000000
56643  4.032  -25.138  49.126 0.0000000000
56648  4.220  -25.524  48.787 0.0000000000
56649  3.990  -25.396  48.417 0.0000000000
56656  3.743  -25.155  46.308 0.0000000000
56658  3.610  -25.170  47.554 0.0000000000
57620  14.979  -24.612  62.546 0.0000000000
57633  18.970  -24.259  60.584 0.0000000000
57639  20.038  -24.331  59.608 0.0000000000
57707  5.117  -24.477  51.302 0.0000000000
57710  4.028  -23.931  50.782 0.0000000000
57718  3.891  -24.256  50.146 0.0000000000
57723  3.557  -24.531  48.410 0.0000000000
57725  3.541  -24.493  47.845 0.0000000000
57728  3.545  -24.562  46.882 0.0000000000
57746  7.181  -23.840  42.787 0.0000000000
57748  5.372  -24.299  42.981 0.0000000000
57757  6.695  -24.008  42.211 0.0000000000
57786  4.004  -24.449  39.521 0.0000000000
58698  15.609  -23.810  62.323 0.0000000000
58702  17.506  -24.030  61.217 0.0000000000
58706  19.689  -23.656  59.824 0.0000000000
58711  20.173  -24.038  59.299 0.0000000000
58717  20.466  -24.286  57.806 0.0000000000
58773  4.295  -23.169  51.837 0.0000000000
58774  3.945  -22.609  51.838 0.0000000000
58783  3.858  -23.272  51.190 0.0000000000
58789  3.506  -23.605  48.829 0.0000000000
58790  3.477  -24.028  48.330 0.0000000000
58794  4.022  -23.308  47.274 0.0000000000
58795  3.717  -23.602  47.556 0.0000000000
58796  3.533  -23.915  47.831 0.0000000000
58821  4.309  -24.258  45.054 0.0000000000
58827  6.008  -23.897  43.668 0.0000000000
58837  8.424  -23.221  42.676 0.0000000000
59746  14.376  -23.080  62.647 0.0000000000
59752  19.113  -22.949  60.204 0.0000000000
59760  11.588  -22.838  59.755 0.0000000000
59812  4.593  -22.307  52.848 0.0000000000
59848  3.629  -22.791  50.541 0.0000000000
59867  3.748  -23.008  48.588 0.0000000000
59875  4.692  -22.621  47.547 0.0000000000
59876  4.403  -22.906  47.681 0.0000000000
59881  8.737  -22.140  45.959 0.0000000000
59896  9.086  -22.667  44.086 0.0000000000
59904  8.963  -22.613  43.217 0.0000000000
59913  8.792  -22.186  42.534 0.0000000000
59922  8.417  -21.869  41.824 0.0000000000
60856  14.243  -21.775  61.996 0.0000000000
60860  17.621  -22.425  61.023 0.0000000000
60861  17.337  -21.832  60.982 0.0000000000
60887  6.799  -20.880  58.189 0.0000000000
60901  5.236  -20.899  56.643 0.0000000000
60950  3.981  -22.067  52.322 0.0000000000
60959  3.769  -22.001  51.739 0.0000000000
60973  5.105  -21.413  49.270 0.0000000000
61061  7.797  -21.572  41.203 0.0000000000
61868  13.862  -21.049  62.015 0.0000000000
61869  13.355  -20.921  62.223 0.0000000000
61925  4.854  -20.435  54.966 0.0000000000
62041  5.623  -19.779  42.356 0.0000000000
62042  5.211  -19.469  42.158 0.0000000000
62993  9.895  -19.748  61.500 0.0000000000
62994  9.385  -19.665  61.629 0.0000000000
63012  6.234  -19.073  59.938 0.0000000000
63040  4.823  -20.185  56.849 0.0000000000
63074  4.874  -20.479  54.254 0.0000000000
63092  5.464  -19.769  52.199 0.0000000000
63117  5.721  -20.039  50.749 0.0000000000
63150  8.354  -20.002  48.426 0.0000000000
63195  5.965  -19.467  43.345 0.0000000000
63197  5.318  -19.165  42.861 0.0000000000
63220  4.997  -19.284  41.954 0.0000000000
64089  10.904  -19.555  61.459 0.0000000000
64113  5.901  -18.524  59.585 0.0000000000
64122  5.546  -18.265  58.845 0.0000000000
64123  5.360  -18.749  58.314 0.0000000000
64167  5.626  -19.447  53.594 0.0000000000
64197  5.997  -19.609  51.076 0.0000000000
64233  10.098  -18.467  46.137 0.0000000000
64256  5.446  -18.376  43.340 0.0000000000
64270  5.022  -18.114  42.922 0.0000000000
64280  4.749  -18.361  42.486 0.0000000000
65062  10.368  -18.925  61.568 0.0000000000
65149  6.783  -18.614  51.858 0.0000000000
65204  10.489  -17.369  46.317 0.0000000000
132587  3.513  -25.935  44.211 0.0000000000
132725  6.322  -20.205  58.646 0.0000000000
132730  20.259  -24.769  59.279 0.0000000000
132925  15.644  -25.700  61.331 0.0000000000
133745  4.198  -26.099  47.287 0.0000000000
134494  6.956  -27.423  45.858 0.0000000000
135849  8.578  -29.403  49.002 0.0000000000
137553  3.569  -23.899  49.534 0.0000000000
138866  18.282  -22.828  60.703 0.0000000000
139014  13.716  -26.180  62.575 0.0000000000
139070  10.020  -28.543  47.045 0.0000000000
139490  20.394  -24.377  58.789 0.0000000000
141117  14.566  -25.037  62.713 0.0000000000
142181  4.363  -25.973  47.875 0.0000000000
143351  8.496  -26.630  49.017 0.0000000000
144348  21.335  -27.600  55.220 0.0000000000
145365  8.193  -31.801  42.761 0.0000000000
146480  8.413  -28.502  61.297 0.0000000000
146664  4.282  -21.454  50.387 0.0000000000
148674  5.903  -24.253  42.374 0.0000000000
149021  7.943  -18.177  50.589 0.0000000000
151010  20.241  -23.837  58.913 0.0000000000
151823  5.947  -27.932  60.228 0.0000000000
152171  5.203  -18.893  57.018 0.0000000000
152929  3.488  -24.738  47.320 0.0000000000
153043  4.460  -26.240  47.433 0.0000000000
153092  4.773  -19.095  41.685 0.0000000000
153529  6.359  -18.859  52.935 0.0000000000
153652  20.554  -26.042  57.697 0.0000000000
154564  5.389  -21.319  55.704 0.0000000000
154789  5.442  -28.441  59.457 0.0000000000
154823  4.193  -24.374  45.405 0.0000000000
155020  7.316  -22.630  40.376 0.0000000000
155609  5.363  -29.557  58.759 0.0000000000
155660  19.787  -25.986  58.779 0.0000000000
155721  3.327  -27.512  38.256 0.0000000000
156409  5.496  -31.350  57.664 0.0000000000
156801  10.295  -16.726  48.501 0.0000000000
156956  18.998  -27.083  55.187 0.0000000000
157307  9.515  -29.829  43.017 0.0000000000
157343  18.116  -24.674  60.741 0.0000000000
158676  4.798  -30.934  57.648 0.0000000000
159155  8.736  -31.332  43.998 0.0000000000
159164  9.146  -29.072  42.826 0.0000000000
159371  8.916  -18.942  44.492 0.0000000000
159409  5.588  -29.022  59.465 0.0000000000
159807  5.231  -27.719  59.325 0.0000000000
