#!ascii label  , from subject sub125 vox2ras=TkReg
1924
44295  11.933  -37.329  54.186 0.0000000000
135395  48.749  -16.332  25.174 0.0000000000
48629  32.374  -32.689  42.421 0.0000000000
146898  44.292  -31.039  43.683 0.0000000000
44402  23.772  -36.657  44.795 0.0000000000
47405  20.645  -33.765  54.001 0.0000000000
74930  58.957  -8.988  16.863 0.0000000000
72756  57.440  -11.030  27.702 0.0000000000
57843  42.738  -24.932  33.588 0.0000000000
83361  58.579  -0.485  8.616 0.0000000000
134174  32.383  -32.703  48.178 0.0000000000
159403  15.097  -34.439  53.549 0.0000000000
73812  58.084  -9.093  23.014 0.0000000000
72812  52.898  -10.949  22.016 0.0000000000
63344  50.303  -19.481  31.470 0.0000000000
68261  52.293  -15.070  31.730 0.0000000000
62175  45.803  -21.930  30.539 0.0000000000
49726  39.063  -32.560  36.789 0.0000000000
47567  38.530  -33.519  42.795 0.0000000000
44326  28.359  -36.446  50.109 0.0000000000
45381  26.678  -35.824  54.474 0.0000000000
46467  22.401  -35.066  49.489 0.0000000000
47491  17.181  -34.822  48.881 0.0000000000
47554  27.816  -33.773  43.318 0.0000000000
77044  63.566  -5.910  17.169 0.0000000000
74850  64.174  -7.725  23.087 0.0000000000
137588  51.581  -12.495  26.537 0.0000000000
62110  45.668  -20.064  35.475 0.0000000000
54381  42.795  -27.269  39.518 0.0000000000
77088  60.597  -6.699  11.214 0.0000000000
81319  65.154  -2.561  12.337 0.0000000000
81354  63.737  -2.632  7.996 0.0000000000
48487  32.107  -33.310  51.111 0.0000000000
45394  13.621  -35.725  53.435 0.0000000000
156639  14.323  -33.881  57.117 0.0000000000
46373  12.638  -34.898  57.043 0.0000000000
72835  53.245  -10.162  19.625 0.0000000000
63307  50.295  -19.969  34.449 0.0000000000
65331  51.429  -17.698  35.035 0.0000000000
41952  7.214  -39.081  56.979 0.0000000000
133504  45.369  -21.012  26.837 0.0000000000
159821  32.673  -32.519  39.434 0.0000000000
156949  35.711  -32.950  39.789 0.0000000000
48626  35.614  -33.120  42.512 0.0000000000
43230  26.774  -37.693  47.687 0.0000000000
44346  25.231  -37.378  49.953 0.0000000000
45465  23.187  -36.143  47.819 0.0000000000
45526  26.321  -35.568  43.915 0.0000000000
45502  28.438  -35.411  46.554 0.0000000000
46384  23.576  -34.386  54.514 0.0000000000
75981  61.280  -7.533  16.747 0.0000000000
75957  64.140  -6.584  20.015 0.0000000000
134569  61.250  -8.348  20.008 0.0000000000
72786  58.368  -10.472  24.993 0.0000000000
73789  60.610  -8.990  25.355 0.0000000000
68361  48.238  -14.701  23.414 0.0000000000
70545  49.779  -13.511  23.812 0.0000000000
68328  50.202  -14.484  26.272 0.0000000000
60005  42.445  -23.933  30.858 0.0000000000
62151  43.441  -22.332  30.740 0.0000000000
59984  43.994  -23.771  33.886 0.0000000000
49685  41.975  -31.822  40.340 0.0000000000
51907  41.701  -30.207  37.877 0.0000000000
158546  43.360  -28.979  41.623 0.0000000000
74959  57.526  -8.685  14.290 0.0000000000
77080  58.259  -7.080  11.499 0.0000000000
75997  59.873  -8.358  14.068 0.0000000000
77068  62.056  -6.555  13.971 0.0000000000
85415  64.200  1.819  7.215 0.0000000000
84404  63.011  0.834  9.254 0.0000000000
82378  65.282  -1.783  9.923 0.0000000000
146208  61.920  -1.056  10.111 0.0000000000
158671  32.081  -32.529  45.011 0.0000000000
153706  35.285  -32.882  44.842 0.0000000000
141594  34.950  -32.164  47.488 0.0000000000
133087  17.572  -33.770  53.841 0.0000000000
48444  20.277  -33.166  57.221 0.0000000000
48447  17.075  -33.502  57.050 0.0000000000
73873  55.732  -9.496  17.339 0.0000000000
74908  57.971  -8.883  19.814 0.0000000000
73845  55.420  -9.493  19.535 0.0000000000
73816  54.946  -9.725  22.179 0.0000000000
71699  55.159  -11.484  24.605 0.0000000000
65385  49.904  -18.150  28.040 0.0000000000
67310  51.130  -15.774  28.773 0.0000000000
66333  50.888  -16.872  31.606 0.0000000000
55695  41.498  -26.255  32.107 0.0000000000
52998  45.538  -28.254  45.527 0.0000000000
41978  10.342  -39.179  53.960 0.0000000000
44275  10.807  -37.037  57.786 0.0000000000
41930  8.874  -38.703  58.221 0.0000000000
144699  47.132  -17.486  24.623 0.0000000000
63394  47.872  -20.025  26.827 0.0000000000
135607  48.555  -21.546  30.997 0.0000000000
63325  47.502  -20.046  33.580 0.0000000000
48735  36.104  -32.736  36.577 0.0000000000
153904  38.879  -33.656  39.831 0.0000000000
155042  42.256  -32.722  43.509 0.0000000000
48561  38.566  -32.843  45.448 0.0000000000
48537  41.174  -32.220  46.261 0.0000000000
140944  29.709  -34.454  52.177 0.0000000000
46381  29.017  -34.776  54.179 0.0000000000
45404  27.525  -35.694  53.152 0.0000000000
45406  24.588  -36.053  52.737 0.0000000000
46436  21.544  -34.397  51.293 0.0000000000
137696  20.469  -34.381  46.893 0.0000000000
134291  19.238  -33.823  49.027 0.0000000000
150146  18.743  -33.818  51.422 0.0000000000
47461  15.977  -34.404  50.833 0.0000000000
45419  14.533  -35.719  51.226 0.0000000000
44321  12.862  -37.378  51.149 0.0000000000
138355  30.238  -31.822  40.161 0.0000000000
48670  27.776  -32.859  40.147 0.0000000000
49654  30.331  -32.557  42.602 0.0000000000
47513  30.084  -33.596  45.937 0.0000000000
47485  30.069  -34.085  48.846 0.0000000000
73820  64.612  -9.583  21.247 0.0000000000
150679  60.689  -8.427  22.830 0.0000000000
70574  50.256  -12.760  22.133 0.0000000000
71702  52.783  -11.999  24.374 0.0000000000
71653  54.279  -11.240  27.527 0.0000000000
69330  52.105  -13.882  29.494 0.0000000000
71631  53.634  -11.281  29.820 0.0000000000
62192  42.168  -21.393  29.125 0.0000000000
64394  45.514  -20.110  32.830 0.0000000000
154223  46.701  -17.416  35.670 0.0000000000
53158  41.989  -28.405  35.112 0.0000000000
144087  42.887  -25.526  36.065 0.0000000000
55583  43.836  -26.771  42.573 0.0000000000
132969  43.020  -24.897  39.821 0.0000000000
59961  43.095  -23.789  37.447 0.0000000000
61083  45.702  -21.708  38.214 0.0000000000
63235  47.035  -19.095  39.588 0.0000000000
150757  59.155  -3.088  9.784 0.0000000000
78108  62.565  -5.186  10.788 0.0000000000
79123  64.322  -4.700  14.269 0.0000000000
47415  32.949  -33.955  52.367 0.0000000000
142214  12.976  -36.121  53.923 0.0000000000
46379  13.015  -34.855  55.812 0.0000000000
45376  12.344  -36.319  55.382 0.0000000000
64355  49.808  -19.300  36.241 0.0000000000
64343  50.756  -18.784  36.752 0.0000000000
41967  5.574  -38.696  55.119 0.0000000000
48647  32.405  -32.541  41.039 0.0000000000
48646  34.447  -32.949  41.214 0.0000000000
134246  33.826  -32.962  41.837 0.0000000000
44387  25.471  -37.354  46.177 0.0000000000
44372  25.013  -37.449  47.890 0.0000000000
155650  23.321  -36.365  46.212 0.0000000000
45535  24.810  -35.452  42.185 0.0000000000
44409  25.322  -36.670  44.279 0.0000000000
44386  26.512  -37.162  45.995 0.0000000000
47403  22.208  -33.941  53.745 0.0000000000
47368  22.133  -33.667  56.055 0.0000000000
75975  60.619  -8.211  17.309 0.0000000000
74919  60.965  -8.030  18.142 0.0000000000
74920  60.301  -8.643  18.292 0.0000000000
72770  58.013  -11.065  26.397 0.0000000000
72768  59.552  -10.177  27.176 0.0000000000
138345  48.328  -15.276  23.898 0.0000000000
68347  49.272  -14.760  24.649 0.0000000000
67368  49.814  -15.280  26.052 0.0000000000
137456  41.933  -24.721  32.099 0.0000000000
58932  42.325  -24.238  31.750 0.0000000000
59994  43.219  -24.075  32.216 0.0000000000
58907  43.379  -24.497  34.297 0.0000000000
49660  42.977  -31.849  42.421 0.0000000000
51862  42.536  -30.170  40.923 0.0000000000
50712  44.128  -30.321  43.183 0.0000000000
74938  58.149  -9.150  15.749 0.0000000000
153915  59.312  -8.670  14.645 0.0000000000
74946  59.541  -8.739  15.316 0.0000000000
75989  60.635  -8.071  15.343 0.0000000000
84417  61.744  0.488  8.354 0.0000000000
134829  61.167  -0.335  9.142 0.0000000000
83329  62.299  -0.337  10.063 0.0000000000
82380  60.735  -0.930  9.349 0.0000000000
152643  32.095  -32.482  46.502 0.0000000000
48545  33.672  -32.396  46.492 0.0000000000
48512  33.319  -32.454  48.119 0.0000000000
133880  16.394  -34.115  53.118 0.0000000000
47373  17.615  -33.596  55.788 0.0000000000
133090  16.153  -33.818  54.857 0.0000000000
48430  14.854  -32.923  59.424 0.0000000000
48429  15.439  -33.071  58.822 0.0000000000
73874  54.858  -9.491  17.340 0.0000000000
134446  55.842  -9.525  18.215 0.0000000000
150534  54.582  -9.591  18.562 0.0000000000
72819  52.884  -10.894  21.089 0.0000000000
72825  54.219  -10.103  21.135 0.0000000000
72811  53.720  -10.743  22.491 0.0000000000
72798  54.864  -10.614  23.330 0.0000000000
71713  53.688  -11.379  23.280 0.0000000000
64422  50.199  -19.118  29.667 0.0000000000
65375  50.497  -18.106  29.463 0.0000000000
65358  50.680  -17.720  31.309 0.0000000000
73895  55.673  -9.063  15.818 0.0000000000
138921  9.851  -39.145  55.787 0.0000000000
41964  9.012  -39.537  55.812 0.0000000000
64488  45.718  -18.238  24.340 0.0000000000
64463  47.646  -18.784  25.504 0.0000000000
63434  45.857  -19.774  25.299 0.0000000000
133242  45.153  -21.314  27.796 0.0000000000
62211  46.846  -21.282  28.450 0.0000000000
62174  46.559  -21.939  30.588 0.0000000000
62150  47.811  -21.280  32.448 0.0000000000
63347  46.545  -21.239  32.353 0.0000000000
48737  34.155  -32.468  36.435 0.0000000000
48643  37.506  -33.516  41.207 0.0000000000
132607  37.082  -33.226  39.469 0.0000000000
47578  39.255  -33.772  41.509 0.0000000000
47564  40.906  -33.563  41.856 0.0000000000
47551  40.130  -33.581  43.024 0.0000000000
48542  36.627  -32.628  46.542 0.0000000000
134249  36.141  -32.885  44.986 0.0000000000
48540  38.270  -32.707  46.285 0.0000000000
49599  41.538  -31.584  48.041 0.0000000000
49612  43.478  -31.491  47.208 0.0000000000
46450  28.998  -35.282  50.916 0.0000000000
45403  28.370  -35.276  52.667 0.0000000000
45416  27.839  -36.357  51.518 0.0000000000
44331  23.986  -36.538  50.081 0.0000000000
44319  24.860  -36.790  51.325 0.0000000000
45418  23.546  -35.761  51.344 0.0000000000
140321  23.110  -34.861  51.732 0.0000000000
46453  21.742  -34.616  50.476 0.0000000000
47516  20.622  -34.685  46.082 0.0000000000
133739  17.820  -34.849  47.429 0.0000000000
47505  18.429  -34.425  47.270 0.0000000000
47473  18.138  -33.980  48.774 0.0000000000
140799  18.864  -33.721  49.742 0.0000000000
47474  17.578  -34.145  49.287 0.0000000000
47442  17.092  -33.877  51.003 0.0000000000
47475  16.934  -34.411  49.771 0.0000000000
44320  13.596  -36.861  51.001 0.0000000000
132389  29.784  -31.676  38.636 0.0000000000
49717  29.026  -31.512  38.813 0.0000000000
47570  26.678  -34.122  42.518 0.0000000000
48633  28.143  -33.281  41.871 0.0000000000
48650  28.751  -32.821  41.361 0.0000000000
48614  29.284  -33.183  43.159 0.0000000000
48588  29.906  -33.247  43.882 0.0000000000
47541  28.781  -33.914  44.761 0.0000000000
45464  28.739  -36.093  48.698 0.0000000000
150558  29.228  -34.775  47.530 0.0000000000
46465  29.105  -35.252  49.887 0.0000000000
47454  29.986  -34.126  50.739 0.0000000000
45380  27.609  -35.575  54.384 0.0000000000
45355  9.988  -36.137  60.082 0.0000000000
45354  10.654  -35.715  59.633 0.0000000000
154132  64.967  -6.712  18.428 0.0000000000
158580  64.351  -7.054  21.783 0.0000000000
148177  64.555  -7.689  20.878 0.0000000000
74865  64.477  -8.061  22.521 0.0000000000
73796  64.370  -9.567  23.542 0.0000000000
74881  58.614  -8.832  21.282 0.0000000000
74880  59.539  -8.856  21.375 0.0000000000
74869  59.444  -8.747  22.721 0.0000000000
74833  62.045  -8.312  26.070 0.0000000000
141057  50.831  -12.856  25.270 0.0000000000
70543  51.308  -12.509  24.066 0.0000000000
71676  52.001  -12.099  26.048 0.0000000000
145885  53.358  -11.889  25.742 0.0000000000
136834  52.890  -11.563  27.203 0.0000000000
67294  51.834  -15.600  30.470 0.0000000000
68285  51.499  -15.169  28.946 0.0000000000
68270  52.230  -14.713  30.279 0.0000000000
62193  41.480  -21.691  28.912 0.0000000000
148641  44.570  -21.265  33.468 0.0000000000
63327  44.741  -20.887  32.255 0.0000000000
63312  44.882  -19.245  33.935 0.0000000000
65337  45.609  -18.329  34.131 0.0000000000
63293  45.775  -18.975  35.636 0.0000000000
49739  37.792  -32.190  35.930 0.0000000000
50780  39.187  -31.439  35.712 0.0000000000
133881  42.368  -28.974  38.850 0.0000000000
53121  41.570  -29.689  36.693 0.0000000000
134652  42.508  -28.022  36.734 0.0000000000
54442  42.482  -27.339  35.253 0.0000000000
54406  42.711  -27.011  37.909 0.0000000000
54320  44.272  -27.108  44.153 0.0000000000
59930  43.224  -23.314  40.941 0.0000000000
140146  42.879  -24.307  39.179 0.0000000000
137275  43.100  -23.279  39.191 0.0000000000
59950  44.110  -22.607  38.127 0.0000000000
61065  44.528  -21.673  40.400 0.0000000000
77089  59.734  -6.766  11.126 0.0000000000
79145  60.458  -4.675  9.832 0.0000000000
79144  61.334  -4.560  9.880 0.0000000000
135806  62.061  -5.956  11.074 0.0000000000
77053  63.331  -5.837  16.265 0.0000000000
136102  63.765  -5.277  14.707 0.0000000000
145624  64.228  -5.261  15.824 0.0000000000
78052  65.406  -5.644  16.127 0.0000000000
82403  64.290  -0.743  7.228 0.0000000000
82357  65.308  -2.182  11.211 0.0000000000
142380  65.912  -3.867  11.678 0.0000000000
81311  66.306  -3.669  13.323 0.0000000000
48499  32.082  -32.995  50.062 0.0000000000
48497  33.622  -32.626  49.632 0.0000000000
48474  32.994  -33.183  51.598 0.0000000000
46405  14.616  -34.848  53.291 0.0000000000
47375  14.930  -33.956  55.668 0.0000000000
46378  13.556  -34.578  55.391 0.0000000000
47353  13.201  -34.313  57.085 0.0000000000
156921  13.303  -33.510  59.295 0.0000000000
72828  52.111  -10.962  19.924 0.0000000000
71745  51.548  -11.775  20.892 0.0000000000
63322  50.385  -19.946  33.455 0.0000000000
143767  50.876  -18.390  33.546 0.0000000000
64365  51.258  -18.773  35.563 0.0000000000
157810  51.527  -17.581  36.531 0.0000000000
146856  8.184  -39.469  55.706 0.0000000000
41966  6.497  -38.892  55.569 0.0000000000
133096  5.569  -38.725  55.882 0.0000000000
63435  45.012  -20.215  25.391 0.0000000000
62213  44.253  -21.327  28.349 0.0000000000
134244  34.114  -32.719  37.892 0.0000000000
133078  34.346  -32.758  39.486 0.0000000000
48665  35.675  -33.005  40.523 0.0000000000
156580  37.244  -33.411  42.430 0.0000000000
44345  27.736  -37.301  49.014 0.0000000000
142975  27.074  -37.239  50.417 0.0000000000
43208  26.438  -37.689  49.238 0.0000000000
44348  24.067  -36.686  49.161 0.0000000000
45466  22.628  -35.602  48.190 0.0000000000
46484  16.564  -35.173  48.299 0.0000000000
46497  15.473  -35.413  46.971 0.0000000000
46546  25.631  -34.958  42.507 0.0000000000
46535  26.767  -34.698  43.744 0.0000000000
47529  27.996  -34.336  44.585 0.0000000000
46519  27.307  -35.804  45.166 0.0000000000
45484  27.994  -36.581  46.961 0.0000000000
46401  24.971  -35.519  54.436 0.0000000000
77037  62.903  -6.375  17.597 0.0000000000
77028  64.469  -6.250  18.729 0.0000000000
75967  62.628  -7.025  18.944 0.0000000000
75958  63.105  -7.121  19.896 0.0000000000
74877  62.539  -7.666  21.484 0.0000000000
73791  58.042  -10.036  24.211 0.0000000000
73797  59.407  -9.162  24.143 0.0000000000
73782  59.179  -10.141  25.384 0.0000000000
73775  60.335  -9.612  27.065 0.0000000000
70576  48.953  -13.820  22.431 0.0000000000
69411  49.089  -13.965  23.285 0.0000000000
69383  49.927  -13.868  25.205 0.0000000000
70489  51.189  -13.012  26.950 0.0000000000
69290  52.953  -13.528  31.667 0.0000000000
61146  41.407  -22.818  29.249 0.0000000000
62165  42.329  -22.310  29.477 0.0000000000
61134  43.276  -23.100  30.761 0.0000000000
141186  44.083  -23.066  32.378 0.0000000000
61115  45.174  -22.001  34.445 0.0000000000
49699  41.252  -32.252  39.143 0.0000000000
50754  40.980  -31.815  37.450 0.0000000000
50747  41.629  -31.138  39.095 0.0000000000
51880  42.261  -29.558  39.866 0.0000000000
134548  42.973  -28.208  40.623 0.0000000000
74970  56.411  -8.196  13.394 0.0000000000
76018  56.988  -7.485  12.282 0.0000000000
74968  58.058  -8.468  13.555 0.0000000000
76016  59.235  -7.833  12.369 0.0000000000
77070  60.801  -7.333  12.711 0.0000000000
77077  61.508  -6.784  12.460 0.0000000000
76004  61.132  -7.583  14.000 0.0000000000
77055  61.777  -6.973  15.328 0.0000000000
151519  61.535  0.939  6.738 0.0000000000
85407  64.065  1.725  8.068 0.0000000000
83368  64.653  -0.451  8.079 0.0000000000
81352  64.895  -2.103  8.915 0.0000000000
154470  64.467  0.280  10.006 0.0000000000
82366  63.668  -0.717  10.648 0.0000000000
81329  63.188  -1.747  10.800 0.0000000000
145319  32.222  -32.770  43.887 0.0000000000
48609  33.632  -32.918  43.290 0.0000000000
134247  33.513  -32.680  44.748 0.0000000000
48543  35.169  -32.376  46.675 0.0000000000
48509  36.281  -32.199  48.190 0.0000000000
150261  19.169  -33.791  53.345 0.0000000000
47370  20.447  -33.501  55.591 0.0000000000
136033  18.962  -33.521  55.209 0.0000000000
48435  18.898  -33.020  57.715 0.0000000000
47351  15.827  -33.571  57.501 0.0000000000
48418  17.039  -32.669  59.625 0.0000000000
73871  57.394  -9.417  17.548 0.0000000000
74922  58.640  -9.045  18.509 0.0000000000
134359  57.105  -9.346  18.321 0.0000000000
73843  57.096  -8.933  19.696 0.0000000000
73831  57.017  -8.884  21.050 0.0000000000
73835  54.025  -9.822  19.851 0.0000000000
148943  55.260  -9.577  20.834 0.0000000000
73814  56.554  -9.293  22.578 0.0000000000
72796  56.375  -10.314  23.747 0.0000000000
72780  56.966  -11.224  25.218 0.0000000000
71671  56.627  -11.682  26.627 0.0000000000
66368  49.320  -17.226  26.697 0.0000000000
66367  49.857  -16.658  27.242 0.0000000000
66355  50.198  -17.190  28.100 0.0000000000
66339  51.359  -16.391  30.128 0.0000000000
67286  51.831  -15.658  31.393 0.0000000000
66323  50.985  -16.721  33.372 0.0000000000
67273  51.317  -15.995  33.646 0.0000000000
68244  52.060  -14.827  33.486 0.0000000000
56799  42.371  -25.323  33.368 0.0000000000
51805  45.468  -29.356  45.087 0.0000000000
74971  55.122  -7.931  13.574 0.0000000000
142525  56.161  -8.825  15.090 0.0000000000
73894  56.723  -9.212  15.948 0.0000000000
152348  57.869  0.662  7.626 0.0000000000
84420  56.926  0.543  8.504 0.0000000000
136494  11.565  -38.156  53.866 0.0000000000
43130  11.440  -37.628  55.578 0.0000000000
138393  10.940  -38.166  56.035 0.0000000000
43102  9.978  -38.129  57.842 0.0000000000
44246  8.674  -37.036  59.931 0.0000000000
41940  7.638  -39.019  57.604 0.0000000000
67385  47.192  -16.125  23.764 0.0000000000
66402  46.718  -16.826  24.070 0.0000000000
66388  47.909  -16.909  24.918 0.0000000000
65401  48.300  -18.332  25.796 0.0000000000
64439  49.080  -19.022  27.172 0.0000000000
137429  49.103  -20.126  28.728 0.0000000000
134765  47.011  -20.380  26.572 0.0000000000
62186  48.510  -20.829  29.042 0.0000000000
62172  49.249  -20.855  30.493 0.0000000000
62148  49.532  -20.918  32.340 0.0000000000
155750  48.915  -20.355  34.487 0.0000000000
64367  48.370  -18.744  35.575 0.0000000000
158805  37.441  -32.826  36.846 0.0000000000
133769  36.029  -32.940  38.285 0.0000000000
48698  37.669  -33.241  38.064 0.0000000000
48696  39.642  -33.320  38.361 0.0000000000
48679  40.626  -33.217  39.468 0.0000000000
49661  42.299  -32.556  42.103 0.0000000000
48600  43.007  -32.283  43.690 0.0000000000
48607  35.279  -33.046  43.368 0.0000000000
48606  36.847  -33.217  43.434 0.0000000000
48605  38.410  -33.203  43.789 0.0000000000
49616  39.754  -32.256  47.085 0.0000000000
48538  40.163  -32.397  46.081 0.0000000000
48581  40.539  -32.894  44.643 0.0000000000
48580  41.495  -32.671  44.744 0.0000000000
49640  43.223  -32.060  45.149 0.0000000000
49626  44.676  -31.249  45.791 0.0000000000
46417  30.442  -34.363  53.164 0.0000000000
46399  28.951  -34.681  53.759 0.0000000000
46400  28.265  -34.874  53.629 0.0000000000
45391  26.626  -35.932  53.776 0.0000000000
44317  26.516  -36.855  51.652 0.0000000000
140749  25.632  -36.188  53.121 0.0000000000
45393  24.870  -35.741  53.602 0.0000000000
46420  24.077  -35.334  53.175 0.0000000000
46404  22.791  -34.321  53.268 0.0000000000
47421  21.207  -33.986  52.670 0.0000000000
46508  21.958  -35.223  45.961 0.0000000000
46494  21.890  -35.152  46.895 0.0000000000
46483  21.202  -34.602  48.454 0.0000000000
143711  18.960  -34.051  47.090 0.0000000000
47487  20.081  -34.243  48.059 0.0000000000
47472  20.865  -34.412  49.118 0.0000000000
134316  20.437  -34.368  49.844 0.0000000000
47440  20.180  -34.172  51.598 0.0000000000
151056  19.556  -33.885  52.716 0.0000000000
134292  17.993  -33.764  52.022 0.0000000000
47425  16.725  -33.947  52.335 0.0000000000
47426  15.901  -34.346  52.316 0.0000000000
46470  15.849  -35.120  49.550 0.0000000000
46455  15.024  -35.254  50.767 0.0000000000
46425  14.625  -34.921  52.372 0.0000000000
45420  13.997  -36.182  51.637 0.0000000000
44308  13.317  -36.796  52.013 0.0000000000
44309  12.698  -37.131  52.635 0.0000000000
143052  11.619  -38.314  52.827 0.0000000000
143460  10.829  -38.861  52.719 0.0000000000
152743  31.406  -32.238  38.124 0.0000000000
49701  31.042  -31.972  39.724 0.0000000000
49687  30.968  -31.977  40.709 0.0000000000
49690  28.926  -31.947  40.090 0.0000000000
49676  29.849  -32.055  41.346 0.0000000000
49662  30.674  -32.368  42.273 0.0000000000
48612  30.779  -32.839  43.526 0.0000000000
48565  31.057  -32.932  45.147 0.0000000000
132368  30.938  -33.103  47.017 0.0000000000
47515  29.093  -34.349  46.127 0.0000000000
154700  30.039  -33.828  47.300 0.0000000000
47483  31.052  -33.295  48.484 0.0000000000
151949  30.857  -33.611  49.877 0.0000000000
47437  30.878  -33.808  51.821 0.0000000000
45365  11.857  -36.072  57.389 0.0000000000
46362  11.502  -34.388  59.321 0.0000000000
75965  64.785  -7.043  19.275 0.0000000000
133468  60.257  -8.832  20.058 0.0000000000
74879  60.851  -8.540  21.576 0.0000000000
148755  62.532  -7.675  22.746 0.0000000000
152881  60.772  -8.566  24.543 0.0000000000
74842  62.666  -7.777  24.552 0.0000000000
73788  63.605  -8.512  24.712 0.0000000000
70607  50.378  -12.553  20.293 0.0000000000
136980  51.319  -11.935  21.715 0.0000000000
70560  50.316  -12.875  22.957 0.0000000000
145567  51.564  -12.195  23.173 0.0000000000
134738  52.335  -11.820  22.983 0.0000000000
137637  54.232  -11.779  24.650 0.0000000000
71673  54.907  -11.873  26.190 0.0000000000
71652  56.001  -11.513  27.358 0.0000000000
68315  50.676  -15.100  27.585 0.0000000000
69338  51.067  -14.365  27.855 0.0000000000
70475  51.813  -12.890  28.292 0.0000000000
70433  53.055  -12.800  31.114 0.0000000000
70461  52.529  -12.454  29.353 0.0000000000
71654  52.774  -11.544  28.069 0.0000000000
72745  54.312  -10.854  28.476 0.0000000000
72744  55.331  -10.682  28.713 0.0000000000
62245  42.708  -21.200  27.886 0.0000000000
62190  44.052  -21.443  29.476 0.0000000000
63351  43.045  -22.089  30.170 0.0000000000
63361  44.071  -21.717  30.465 0.0000000000
63348  45.369  -21.402  31.910 0.0000000000
64392  46.286  -19.237  33.268 0.0000000000
65334  47.011  -17.847  34.498 0.0000000000
66292  47.562  -16.970  36.132 0.0000000000
50778  40.794  -30.739  36.377 0.0000000000
54467  41.986  -27.601  33.880 0.0000000000
55683  42.397  -25.801  34.039 0.0000000000
56789  42.969  -25.167  34.827 0.0000000000
141281  44.223  -28.756  43.442 0.0000000000
54351  43.826  -27.698  42.348 0.0000000000
55591  43.121  -26.775  41.182 0.0000000000
133463  43.099  -25.872  41.238 0.0000000000
55606  42.702  -26.375  39.255 0.0000000000
56727  42.774  -25.369  38.192 0.0000000000
57796  43.146  -24.815  37.376 0.0000000000
58889  43.267  -24.498  36.362 0.0000000000
58897  43.794  -23.724  35.876 0.0000000000
59968  45.123  -22.752  36.401 0.0000000000
61089  46.203  -21.253  36.900 0.0000000000
62061  46.012  -20.816  40.484 0.0000000000
62075  46.641  -20.559  39.160 0.0000000000
141112  46.541  -19.885  37.221 0.0000000000
64329  46.673  -18.441  37.557 0.0000000000
83348  57.300  -0.593  9.247 0.0000000000
82381  59.427  -1.634  9.342 0.0000000000
81332  60.563  -2.261  9.769 0.0000000000
141957  61.990  -2.934  10.395 0.0000000000
80201  63.234  -3.550  11.154 0.0000000000
78092  62.843  -5.790  12.871 0.0000000000
78091  63.507  -5.141  12.653 0.0000000000
79127  64.690  -3.732  13.334 0.0000000000
154004  66.049  -4.099  14.054 0.0000000000
154965  31.908  -34.554  53.200 0.0000000000
46395  32.401  -34.549  52.903 0.0000000000
44294  12.491  -36.956  53.536 0.0000000000
44288  12.424  -36.585  54.483 0.0000000000
44289  11.843  -37.029  55.029 0.0000000000
65306  49.360  -17.928  36.967 0.0000000000
65295  49.936  -17.774  37.471 0.0000000000
135381  32.914  -32.758  41.736 0.0000000000
48628  33.281  -32.871  42.523 0.0000000000
152863  24.886  -37.108  45.672 0.0000000000
44388  24.615  -37.097  46.372 0.0000000000
141471  24.007  -36.757  45.721 0.0000000000
44410  24.363  -36.673  44.211 0.0000000000
44401  24.661  -36.883  44.973 0.0000000000
137102  21.568  -33.776  54.318 0.0000000000
47383  22.404  -33.880  54.599 0.0000000000
138951  21.823  -33.697  55.167 0.0000000000
74929  59.737  -8.768  17.483 0.0000000000
139202  58.184  -10.911  27.318 0.0000000000
133173  58.233  -10.551  28.348 0.0000000000
67383  48.803  -15.482  24.492 0.0000000000
67369  49.335  -15.437  25.265 0.0000000000
67349  49.422  -16.086  25.913 0.0000000000
58923  42.278  -24.714  32.364 0.0000000000
57853  41.923  -24.321  31.542 0.0000000000
58922  42.802  -24.588  32.783 0.0000000000
58921  43.169  -24.474  33.022 0.0000000000
58908  43.062  -24.707  33.909 0.0000000000
49659  43.671  -31.217  42.904 0.0000000000
50720  43.185  -31.079  41.958 0.0000000000
74937  58.615  -9.078  16.106 0.0000000000
74947  58.766  -8.900  15.343 0.0000000000
74936  59.327  -8.838  16.007 0.0000000000
134006  59.906  -8.598  16.619 0.0000000000
140280  60.029  -0.455  8.327 0.0000000000
83345  60.223  -0.694  8.759 0.0000000000
83346  59.178  -0.965  8.945 0.0000000000
48528  32.174  -32.594  47.238 0.0000000000
133086  32.841  -32.477  47.520 0.0000000000
143390  15.675  -34.350  53.310 0.0000000000
47408  16.029  -33.916  53.998 0.0000000000
47409  15.296  -34.066  53.963 0.0000000000
139212  54.194  -9.595  17.858 0.0000000000
73863  55.073  -9.542  18.011 0.0000000000
72818  53.588  -10.501  21.557 0.0000000000
72799  54.235  -10.856  23.131 0.0000000000
71728  53.024  -11.405  22.754 0.0000000000
64416  50.233  -19.332  30.548 0.0000000000
65367  50.454  -18.602  30.191 0.0000000000
64415  50.497  -18.586  30.978 0.0000000000
40857  9.373  -39.461  54.986 0.0000000000
65426  44.980  -18.282  24.003 0.0000000000
133966  45.289  -18.838  24.411 0.0000000000
135932  45.897  -18.988  24.773 0.0000000000
134609  44.987  -21.388  28.906 0.0000000000
62189  45.834  -21.631  29.296 0.0000000000
62163  46.912  -21.918  31.223 0.0000000000
63359  46.229  -21.797  31.507 0.0000000000
47568  37.831  -33.538  42.110 0.0000000000
47579  38.405  -33.705  41.336 0.0000000000
148201  38.685  -33.673  42.034 0.0000000000
47565  40.283  -33.660  42.345 0.0000000000
47566  39.456  -33.668  42.401 0.0000000000
153769  37.157  -32.560  47.091 0.0000000000
48541  37.422  -32.721  46.388 0.0000000000
48524  37.974  -32.505  47.206 0.0000000000
141503  28.762  -35.858  50.304 0.0000000000
45415  28.446  -35.649  51.731 0.0000000000
45428  28.461  -36.172  50.919 0.0000000000
46466  23.044  -35.544  49.526 0.0000000000
45431  23.373  -35.904  50.369 0.0000000000
46451  22.937  -35.133  50.073 0.0000000000
46434  23.086  -35.001  50.761 0.0000000000
46452  22.456  -34.840  50.276 0.0000000000
47490  17.709  -34.610  48.440 0.0000000000
152711  18.245  -34.542  48.097 0.0000000000
147335  18.157  -33.807  49.592 0.0000000000
136701  27.407  -33.709  42.424 0.0000000000
47569  28.353  -33.399  42.765 0.0000000000
47553  28.571  -33.573  43.445 0.0000000000
48589  29.111  -33.613  43.989 0.0000000000
132235  28.278  -33.909  44.021 0.0000000000
45445  28.782  -35.956  49.543 0.0000000000
46481  29.104  -35.309  48.956 0.0000000000
45356  9.180  -36.328  60.368 0.0000000000
45344  9.552  -35.645  60.537 0.0000000000
78045  64.373  -5.740  17.509 0.0000000000
147748  65.143  -6.416  17.923 0.0000000000
78035  64.844  -6.037  17.971 0.0000000000
75916  64.285  -7.292  22.355 0.0000000000
75934  64.507  -7.618  21.716 0.0000000000
73811  64.538  -9.380  22.622 0.0000000000
144852  64.357  -8.487  23.172 0.0000000000
74870  58.103  -8.824  22.220 0.0000000000
134572  59.087  -8.796  22.096 0.0000000000
74855  58.751  -8.869  22.848 0.0000000000
70510  51.441  -12.546  25.714 0.0000000000
71675  52.703  -11.829  26.303 0.0000000000
71655  52.145  -11.935  26.865 0.0000000000
140254  52.249  -15.145  30.992 0.0000000000
68269  52.590  -14.470  31.186 0.0000000000
62194  40.671  -21.822  28.537 0.0000000000
136991  44.945  -20.029  34.551 0.0000000000
62120  44.637  -20.286  33.703 0.0000000000
63311  45.291  -19.080  34.725 0.0000000000
49738  38.668  -32.089  36.137 0.0000000000
49750  38.320  -31.629  35.488 0.0000000000
49737  39.631  -31.900  36.287 0.0000000000
53094  42.634  -28.107  38.973 0.0000000000
53106  42.507  -28.673  38.100 0.0000000000
148691  42.658  -27.776  38.249 0.0000000000
54407  42.616  -27.867  37.527 0.0000000000
135107  42.701  -27.130  38.733 0.0000000000
59920  43.348  -23.321  41.559 0.0000000000
155500  43.199  -23.636  40.390 0.0000000000
59929  43.265  -23.057  40.617 0.0000000000
61074  44.025  -22.189  39.943 0.0000000000
61066  43.765  -22.274  40.804 0.0000000000
78102  59.366  -6.057  10.763 0.0000000000
78101  60.203  -6.160  10.570 0.0000000000
78111  59.734  -5.330  10.216 0.0000000000
78110  60.696  -5.539  10.083 0.0000000000
78100  61.137  -6.154  10.670 0.0000000000
78054  64.318  -5.545  16.807 0.0000000000
78044  65.067  -5.768  17.300 0.0000000000
155120  63.829  -1.738  7.351 0.0000000000
82404  63.499  -1.148  6.549 0.0000000000
81360  63.001  -2.488  7.290 0.0000000000
80236  62.771  -3.297  7.602 0.0000000000
82353  64.818  -1.937  11.791 0.0000000000
145911  65.692  -3.327  11.696 0.0000000000
151181  65.632  -2.864  11.979 0.0000000000
79131  66.200  -4.048  12.605 0.0000000000
81317  65.777  -3.383  12.776 0.0000000000
48486  32.815  -32.941  50.668 0.0000000000
46406  13.957  -35.047  53.793 0.0000000000
46386  13.722  -34.764  54.618 0.0000000000
45369  12.682  -35.275  56.391 0.0000000000
132509  13.072  -34.105  57.889 0.0000000000
47344  12.571  -34.126  58.482 0.0000000000
71756  51.532  -11.555  19.986 0.0000000000
64378  50.743  -19.347  34.045 0.0000000000
64366  50.775  -19.444  35.073 0.0000000000
134631  7.469  -39.232  55.014 0.0000000000
41954  4.956  -38.770  56.562 0.0000000000
48702  32.249  -32.445  38.733 0.0000000000
48684  33.099  -32.571  38.934 0.0000000000
133081  34.979  -32.949  40.715 0.0000000000
48645  35.455  -33.049  41.433 0.0000000000
136211  36.233  -33.208  41.915 0.0000000000
48625  36.646  -33.305  42.663 0.0000000000
43221  27.018  -37.698  48.701 0.0000000000
43222  26.155  -37.752  48.523 0.0000000000
44374  23.794  -36.619  47.393 0.0000000000
44360  24.585  -37.121  48.443 0.0000000000
44361  23.853  -36.620  48.218 0.0000000000
45446  23.236  -36.045  48.783 0.0000000000
45527  25.523  -36.089  43.478 0.0000000000
46536  25.982  -35.182  43.239 0.0000000000
46545  26.363  -34.548  42.901 0.0000000000
46526  26.951  -35.154  44.507 0.0000000000
45519  26.603  -36.054  44.528 0.0000000000
44371  26.931  -37.414  46.793 0.0000000000
44385  27.492  -36.812  46.362 0.0000000000
44370  27.561  -37.214  47.226 0.0000000000
44359  27.650  -37.368  48.114 0.0000000000
46383  24.277  -34.874  54.637 0.0000000000
46376  24.443  -34.965  55.507 0.0000000000
77038  61.983  -6.891  17.175 0.0000000000
75973  62.209  -6.883  18.072 0.0000000000
74904  61.064  -8.224  18.926 0.0000000000
75959  61.901  -7.641  19.403 0.0000000000
75945  62.183  -7.701  20.122 0.0000000000
75944  62.939  -7.457  20.709 0.0000000000
74890  62.018  -7.881  20.662 0.0000000000
73790  58.865  -9.790  24.538 0.0000000000
69412  48.188  -14.273  22.927 0.0000000000
70563  48.609  -14.043  22.630 0.0000000000
69400  48.856  -14.283  23.580 0.0000000000
68346  49.769  -14.545  25.409 0.0000000000
69384  49.556  -14.114  24.687 0.0000000000
69365  50.162  -13.950  25.771 0.0000000000
69382  50.393  -13.400  25.426 0.0000000000
69364  50.674  -13.681  26.410 0.0000000000
60031  40.598  -22.650  29.172 0.0000000000
60018  42.005  -23.520  29.807 0.0000000000
61145  42.176  -22.868  29.440 0.0000000000
61135  42.679  -23.426  30.179 0.0000000000
59993  43.781  -23.842  32.783 0.0000000000
61126  43.573  -23.497  31.714 0.0000000000
59992  44.460  -23.002  33.394 0.0000000000
149014  44.900  -22.540  34.165 0.0000000000
59982  45.226  -22.502  34.865 0.0000000000
157982  41.703  -31.677  39.586 0.0000000000
51846  43.111  -30.229  41.570 0.0000000000
147712  42.131  -30.194  40.253 0.0000000000
51879  42.581  -29.507  40.534 0.0000000000
53083  42.696  -28.853  40.181 0.0000000000
145069  42.904  -28.884  40.774 0.0000000000
74969  57.130  -8.355  13.423 0.0000000000
74957  58.997  -8.470  13.795 0.0000000000
76006  59.552  -8.103  13.199 0.0000000000
76015  59.989  -7.724  12.571 0.0000000000
76005  60.463  -7.855  13.483 0.0000000000
157722  61.005  -7.489  13.403 0.0000000000
75996  60.596  -8.050  14.440 0.0000000000
75988  61.216  -7.511  15.813 0.0000000000
77046  61.841  -6.904  16.264 0.0000000000
133330  62.543  1.120  7.976 0.0000000000
84416  63.291  1.311  8.464 0.0000000000
84414  64.391  1.166  8.510 0.0000000000
84415  63.980  1.241  8.931 0.0000000000
83357  64.865  -0.319  9.094 0.0000000000
84403  63.853  0.627  9.679 0.0000000000
132919  63.099  -0.296  10.302 0.0000000000
82367  62.686  -0.979  10.416 0.0000000000
81330  62.059  -1.945  10.394 0.0000000000
48586  31.782  -32.711  44.355 0.0000000000
141598  33.111  -32.798  43.990 0.0000000000
48562  33.096  -32.516  45.289 0.0000000000
48527  34.330  -32.309  47.042 0.0000000000
48544  34.404  -32.463  46.299 0.0000000000
48526  35.683  -32.249  47.467 0.0000000000
133088  18.427  -33.744  53.730 0.0000000000
47386  19.340  -33.623  54.657 0.0000000000
47387  18.545  -33.643  54.579 0.0000000000
47361  17.589  -33.553  56.517 0.0000000000
149183  18.198  -33.522  56.312 0.0000000000
48446  18.021  -33.382  57.258 0.0000000000
48426  19.158  -32.774  58.768 0.0000000000
136032  18.291  -32.917  58.325 0.0000000000
134334  14.589  -33.944  56.432 0.0000000000
47363  15.244  -33.878  56.328 0.0000000000
132861  15.087  -33.797  57.120 0.0000000000
73884  56.717  -9.467  16.946 0.0000000000
73872  56.546  -9.499  17.798 0.0000000000
73861  55.992  -9.418  18.961 0.0000000000
134361  56.749  -9.199  19.021 0.0000000000
73844  56.243  -9.251  19.786 0.0000000000
145196  56.741  -8.970  20.314 0.0000000000
73832  56.098  -9.265  20.782 0.0000000000
73847  53.814  -9.770  18.861 0.0000000000
73824  54.793  -9.745  21.437 0.0000000000
73823  55.512  -9.448  21.565 0.0000000000
73822  56.315  -9.128  21.739 0.0000000000
73815  55.742  -9.492  22.373 0.0000000000
73800  56.860  -9.696  23.308 0.0000000000
73801  56.040  -9.808  23.103 0.0000000000
72790  55.176  -10.934  23.908 0.0000000000
72789  55.857  -10.916  24.177 0.0000000000
71698  56.117  -11.411  24.912 0.0000000000
71686  56.407  -11.687  25.751 0.0000000000
71687  55.528  -11.776  25.494 0.0000000000
65393  49.657  -17.601  27.406 0.0000000000
66340  50.907  -17.001  30.700 0.0000000000
133791  50.863  -17.164  29.805 0.0000000000
66332  51.408  -16.297  31.021 0.0000000000
66327  51.270  -16.181  31.930 0.0000000000
65343  51.010  -17.558  33.955 0.0000000000
147214  50.844  -17.498  33.045 0.0000000000
67261  51.577  -15.878  34.541 0.0000000000
153711  51.655  -15.359  33.834 0.0000000000
143189  51.683  -15.449  33.091 0.0000000000
68243  52.596  -14.195  33.949 0.0000000000
56800  41.941  -25.318  32.509 0.0000000000
55694  42.055  -25.969  33.087 0.0000000000
74961  55.542  -8.483  14.335 0.0000000000
74949  55.373  -8.768  15.110 0.0000000000
73885  55.990  -9.322  16.532 0.0000000000
73883  57.826  -9.346  16.535 0.0000000000
159158  57.527  0.429  8.167 0.0000000000
41977  10.968  -38.574  54.373 0.0000000000
43131  10.918  -38.271  55.218 0.0000000000
158351  10.507  -38.709  55.704 0.0000000000
41950  9.460  -39.136  56.753 0.0000000000
43118  10.121  -38.457  57.201 0.0000000000
41938  9.449  -38.690  57.717 0.0000000000
43083  9.474  -38.088  58.479 0.0000000000
43084  8.600  -38.289  58.834 0.0000000000
41965  7.449  -39.231  56.201 0.0000000000
135506  7.876  -39.322  56.995 0.0000000000
67390  47.684  -15.344  23.533 0.0000000000
67391  46.774  -15.361  23.111 0.0000000000
65424  46.252  -17.539  24.235 0.0000000000
66403  46.045  -16.938  23.803 0.0000000000
157312  48.395  -17.771  25.627 0.0000000000
65411  47.875  -17.821  25.269 0.0000000000
63412  47.342  -19.637  25.987 0.0000000000
64449  48.101  -19.154  26.167 0.0000000000
63393  48.598  -19.731  27.222 0.0000000000
63380  49.022  -19.764  27.889 0.0000000000
63414  45.661  -20.515  25.963 0.0000000000
62269  46.208  -20.731  26.606 0.0000000000
62187  47.749  -21.401  29.318 0.0000000000
62210  47.852  -20.914  28.453 0.0000000000
134903  48.407  -21.351  29.995 0.0000000000
63370  49.166  -20.516  29.557 0.0000000000
62161  49.313  -21.082  31.529 0.0000000000
62134  47.173  -20.455  32.944 0.0000000000
63324  48.568  -20.626  33.827 0.0000000000
63310  48.092  -19.797  34.320 0.0000000000
63309  48.817  -19.722  35.122 0.0000000000
64368  47.775  -18.788  34.773 0.0000000000
48754  35.538  -32.400  35.880 0.0000000000
48734  37.117  -32.622  36.339 0.0000000000
135166  36.908  -32.907  37.032 0.0000000000
133077  35.250  -32.819  39.078 0.0000000000
134245  35.054  -32.788  38.023 0.0000000000
48682  36.232  -32.986  39.232 0.0000000000
47608  37.958  -33.488  39.660 0.0000000000
134833  37.798  -33.305  38.842 0.0000000000
48681  38.717  -33.394  39.019 0.0000000000
48697  38.570  -33.322  38.104 0.0000000000
48680  39.673  -33.451  39.208 0.0000000000
48662  39.846  -33.746  40.021 0.0000000000
48622  41.588  -33.223  42.388 0.0000000000
48641  41.677  -33.059  41.524 0.0000000000
159818  42.072  -32.861  42.837 0.0000000000
48621  42.673  -32.427  42.937 0.0000000000
140845  34.009  -32.864  44.047 0.0000000000
48608  34.474  -32.983  43.363 0.0000000000
140846  34.867  -32.969  44.094 0.0000000000
135613  37.695  -32.877  45.552 0.0000000000
151153  36.558  -33.028  44.114 0.0000000000
48584  38.004  -32.983  44.697 0.0000000000
141821  37.409  -33.084  43.975 0.0000000000
49614  41.727  -31.744  47.111 0.0000000000
142410  40.127  -32.729  45.229 0.0000000000
48559  40.841  -32.602  45.427 0.0000000000
48558  41.559  -32.403  45.592 0.0000000000
49628  42.999  -31.916  46.155 0.0000000000
49639  44.092  -31.773  44.908 0.0000000000
47419  30.276  -34.135  52.468 0.0000000000
46398  29.713  -34.741  53.594 0.0000000000
46418  29.695  -34.573  53.061 0.0000000000
141475  27.836  -35.869  52.257 0.0000000000
45390  27.555  -35.273  54.028 0.0000000000
45405  26.630  -36.252  52.940 0.0000000000
43194  26.190  -37.540  50.053 0.0000000000
44328  26.372  -37.123  50.943 0.0000000000
44329  25.513  -37.153  50.742 0.0000000000
45417  24.258  -36.296  51.840 0.0000000000
44307  25.170  -36.616  52.207 0.0000000000
147018  22.310  -34.492  51.728 0.0000000000
46422  22.564  -34.443  52.427 0.0000000000
46423  21.759  -34.217  52.152 0.0000000000
47420  22.000  -34.027  52.928 0.0000000000
47439  20.953  -34.182  51.899 0.0000000000
139361  21.100  -34.665  46.937 0.0000000000
46495  21.467  -34.862  47.710 0.0000000000
47502  20.720  -34.430  47.672 0.0000000000
48549  18.481  -33.992  45.595 0.0000000000
47519  18.502  -34.283  46.330 0.0000000000
47489  18.811  -34.053  48.171 0.0000000000
47504  19.491  -34.095  47.646 0.0000000000
47488  19.531  -33.996  48.389 0.0000000000
47486  20.603  -34.342  48.446 0.0000000000
134853  20.051  -34.129  48.962 0.0000000000
140217  19.641  -33.940  49.805 0.0000000000
47458  18.379  -33.721  50.443 0.0000000000
47457  19.210  -33.829  50.552 0.0000000000
142261  19.556  -33.967  51.251 0.0000000000
47441  19.507  -34.033  51.995 0.0000000000
134293  18.789  -33.818  52.508 0.0000000000
140849  17.809  -33.698  51.138 0.0000000000
47460  16.630  -34.171  50.533 0.0000000000
143708  17.231  -33.814  51.727 0.0000000000
47443  16.426  -34.073  51.442 0.0000000000
47444  15.775  -34.440  51.538 0.0000000000
46485  16.030  -35.341  48.617 0.0000000000
44332  14.660  -36.146  50.262 0.0000000000
46471  15.271  -35.530  49.888 0.0000000000
46438  14.763  -34.987  51.574 0.0000000000
46439  14.261  -35.396  52.036 0.0000000000
138516  12.661  -37.361  51.906 0.0000000000
43172  11.576  -38.236  51.752 0.0000000000
42021  11.012  -38.506  51.252 0.0000000000
42006  10.937  -38.678  51.992 0.0000000000
49702  30.109  -31.744  39.349 0.0000000000
49716  30.706  -31.934  38.811 0.0000000000
49691  28.219  -32.217  39.700 0.0000000000
49704  28.631  -31.692  39.271 0.0000000000
48649  29.507  -32.562  41.726 0.0000000000
49677  29.224  -32.244  40.918 0.0000000000
49663  30.121  -32.393  42.015 0.0000000000
49675  30.357  -32.119  41.653 0.0000000000
151037  31.124  -32.589  42.823 0.0000000000
49653  30.701  -32.652  42.957 0.0000000000
47540  29.732  -33.618  44.746 0.0000000000
132589  30.476  -33.185  44.518 0.0000000000
48548  30.387  -33.412  45.282 0.0000000000
48547  30.904  -33.199  46.084 0.0000000000
47499  30.392  -33.555  46.759 0.0000000000
46507  28.022  -35.284  45.834 0.0000000000
46517  28.507  -34.483  45.444 0.0000000000
46506  28.685  -34.838  46.295 0.0000000000
46480  29.531  -34.644  48.306 0.0000000000
47500  29.617  -34.275  47.433 0.0000000000
132640  30.017  -33.955  48.015 0.0000000000
48530  30.626  -33.482  47.674 0.0000000000
47484  30.498  -33.705  48.424 0.0000000000
47470  30.675  -33.663  49.133 0.0000000000
47471  30.121  -33.975  49.852 0.0000000000
46432  29.604  -34.602  51.276 0.0000000000
47438  30.113  -34.050  51.540 0.0000000000
47418  30.993  -33.923  52.728 0.0000000000
46380  29.870  -35.036  54.003 0.0000000000
47358  20.781  -33.353  56.490 0.0000000000
47357  21.636  -33.409  56.735 0.0000000000
48443  21.100  -33.112  57.404 0.0000000000
44282  11.040  -37.242  57.094 0.0000000000
44281  11.692  -36.780  56.800 0.0000000000
45366  11.255  -36.404  58.063 0.0000000000
46363  10.892  -34.799  59.848 0.0000000000
133225  11.263  -35.205  59.051 0.0000000000
47337  11.128  -33.965  60.029 0.0000000000
47336  11.827  -33.762  59.671 0.0000000000
48407  11.686  -32.952  61.403 0.0000000000
138110  64.443  -6.542  19.375 0.0000000000
77021  64.627  -6.805  19.716 0.0000000000
150720  64.552  -8.365  21.276 0.0000000000
156781  58.297  -8.984  19.193 0.0000000000
134444  59.607  -8.933  18.865 0.0000000000
136273  59.476  -8.942  20.149 0.0000000000
74868  60.112  -8.740  22.154 0.0000000000
133052  60.222  -8.805  21.297 0.0000000000
74867  60.969  -8.395  22.291 0.0000000000
74866  61.742  -8.035  22.022 0.0000000000
144488  61.598  -8.117  22.993 0.0000000000
158762  60.078  -8.976  24.555 0.0000000000
74844  60.060  -8.712  23.888 0.0000000000
74843  62.352  -8.023  25.333 0.0000000000
74832  63.240  -8.320  25.295 0.0000000000
153585  63.168  -7.744  24.635 0.0000000000
73787  63.931  -9.360  24.442 0.0000000000
143896  49.842  -13.003  20.815 0.0000000000
70595  50.324  -12.697  21.287 0.0000000000
71746  50.898  -12.223  21.058 0.0000000000
154279  50.742  -12.353  21.758 0.0000000000
70562  49.339  -13.637  23.019 0.0000000000
70575  49.611  -13.318  22.524 0.0000000000
70561  49.860  -13.286  23.262 0.0000000000
71703  51.986  -12.232  24.673 0.0000000000
135140  52.158  -12.097  23.789 0.0000000000
71701  53.617  -11.774  24.063 0.0000000000
142128  54.240  -11.663  26.763 0.0000000000
133574  54.107  -11.897  26.003 0.0000000000
132461  55.055  -11.609  27.046 0.0000000000
72758  55.105  -11.015  27.835 0.0000000000
66366  50.347  -16.376  27.860 0.0000000000
67329  50.278  -15.828  27.375 0.0000000000
67328  50.706  -15.768  28.072 0.0000000000
68301  51.580  -14.375  28.690 0.0000000000
148301  51.796  -13.557  28.737 0.0000000000
69337  51.469  -13.655  28.083 0.0000000000
70462  52.022  -13.004  29.118 0.0000000000
71621  53.841  -11.406  30.729 0.0000000000
71622  53.312  -11.773  30.237 0.0000000000
71632  53.000  -11.772  29.537 0.0000000000
71640  52.631  -11.875  28.797 0.0000000000
71639  53.385  -11.225  28.814 0.0000000000
72734  54.065  -10.866  29.351 0.0000000000
62216  41.563  -21.354  28.612 0.0000000000
62215  42.382  -21.119  28.824 0.0000000000
62214  43.320  -21.148  28.708 0.0000000000
62191  43.147  -21.267  29.397 0.0000000000
62164  42.916  -22.294  29.991 0.0000000000
63363  42.477  -22.026  29.664 0.0000000000
63337  43.381  -22.080  30.532 0.0000000000
64395  45.079  -20.864  32.195 0.0000000000
64407  44.646  -21.628  31.242 0.0000000000
64406  45.227  -21.106  32.061 0.0000000000
63349  45.175  -21.591  31.130 0.0000000000
64405  45.787  -20.538  32.644 0.0000000000
64404  46.276  -20.233  32.849 0.0000000000
64393  46.092  -19.442  33.180 0.0000000000
65322  46.492  -17.582  35.099 0.0000000000
65335  46.345  -17.858  34.438 0.0000000000
147559  46.699  -17.487  35.032 0.0000000000
65321  47.194  -17.446  35.392 0.0000000000
66304  46.849  -17.127  35.732 0.0000000000
50753  41.544  -31.063  38.130 0.0000000000
50764  41.207  -30.768  37.198 0.0000000000
53138  41.628  -29.246  35.790 0.0000000000
51942  40.729  -29.806  35.210 0.0000000000
53159  41.361  -29.064  34.826 0.0000000000
53181  41.192  -28.850  34.170 0.0000000000
53180  41.733  -28.384  34.334 0.0000000000
55642  42.761  -26.344  35.897 0.0000000000
55662  42.615  -26.151  34.948 0.0000000000
144317  42.800  -25.620  35.453 0.0000000000
138901  42.769  -25.463  34.819 0.0000000000
56770  43.039  -25.257  35.763 0.0000000000
51819  45.039  -29.520  44.301 0.0000000000
145137  45.182  -28.708  44.684 0.0000000000
54337  44.004  -27.394  43.246 0.0000000000
54363  43.188  -27.653  41.170 0.0000000000
54352  43.514  -27.185  41.781 0.0000000000
57774  43.141  -24.498  40.730 0.0000000000
57764  43.320  -24.591  41.753 0.0000000000
56705  43.031  -25.366  40.556 0.0000000000
133762  42.711  -25.343  39.065 0.0000000000
153093  42.880  -24.619  39.276 0.0000000000
149507  42.923  -24.160  38.048 0.0000000000
58872  43.064  -24.796  38.129 0.0000000000
58880  43.153  -24.458  37.655 0.0000000000
140859  43.158  -24.206  37.177 0.0000000000
58898  43.341  -24.280  35.559 0.0000000000
61084  44.884  -22.116  38.649 0.0000000000
59959  44.409  -22.867  37.185 0.0000000000
59958  45.345  -22.425  37.058 0.0000000000
59967  45.740  -22.038  36.563 0.0000000000
61090  45.819  -21.839  37.365 0.0000000000
62062  45.114  -21.075  40.926 0.0000000000
62045  45.840  -20.584  41.525 0.0000000000
137538  46.642  -20.451  40.039 0.0000000000
63246  46.865  -19.774  38.767 0.0000000000
63257  46.878  -19.934  37.894 0.0000000000
149050  46.915  -19.126  38.122 0.0000000000
151597  46.822  -18.813  38.813 0.0000000000
83349  56.472  -0.257  9.411 0.0000000000
149488  57.587  -7.348  11.908 0.0000000000
153166  57.587  -6.702  11.596 0.0000000000
81345  58.834  -2.324  9.580 0.0000000000
81333  59.785  -2.491  9.677 0.0000000000
145188  60.434  -2.982  9.853 0.0000000000
79143  62.188  -4.500  10.271 0.0000000000
80209  61.716  -3.710  10.104 0.0000000000
80208  62.552  -3.533  10.595 0.0000000000
79138  62.906  -4.320  10.895 0.0000000000
77076  62.138  -6.397  13.143 0.0000000000
77086  62.169  -6.217  12.110 0.0000000000
78084  63.561  -5.288  13.632 0.0000000000
79128  64.122  -4.603  13.396 0.0000000000
79132  63.950  -4.309  12.565 0.0000000000
137133  64.722  -4.158  13.967 0.0000000000
80181  65.958  -4.073  13.913 0.0000000000
79121  65.672  -4.638  14.599 0.0000000000
77051  65.543  -5.664  15.580 0.0000000000
85427  63.272  1.986  6.590 0.0000000000
134854  63.456  2.145  5.919 0.0000000000
85425  64.260  1.752  6.276 0.0000000000
81344  65.196  -2.192  9.461 0.0000000000
47416  32.567  -33.911  52.597 0.0000000000
46407  13.327  -35.369  54.273 0.0000000000
45383  12.792  -35.780  54.778 0.0000000000
45375  12.713  -35.554  55.636 0.0000000000
46374  12.309  -35.488  56.957 0.0000000000
63291  49.977  -19.828  35.459 0.0000000000
143697  50.615  -19.255  36.140 0.0000000000
64344  49.997  -18.768  36.927 0.0000000000
48667  32.612  -32.547  40.179 0.0000000000
48666  33.448  -32.674  39.758 0.0000000000
134155  33.417  -32.798  40.872 0.0000000000
48627  34.733  -33.011  42.067 0.0000000000
43242  26.081  -37.560  46.895 0.0000000000
43231  25.723  -37.683  47.757 0.0000000000
134529  25.089  -37.400  47.096 0.0000000000
44389  23.867  -36.685  46.619 0.0000000000
45485  23.206  -36.222  46.958 0.0000000000
45528  24.617  -36.172  42.880 0.0000000000
45520  26.009  -36.242  44.118 0.0000000000
44399  26.606  -36.612  45.151 0.0000000000
44400  25.659  -37.006  45.237 0.0000000000
47402  23.016  -34.036  54.078 0.0000000000
46377  23.805  -34.469  55.262 0.0000000000
47382  23.176  -34.052  54.911 0.0000000000
140575  22.634  -33.859  55.447 0.0000000000
152370  22.859  -33.814  56.235 0.0000000000
75974  61.435  -7.539  17.653 0.0000000000
74905  60.394  -8.743  19.264 0.0000000000
72779  57.788  -10.973  25.543 0.0000000000
72778  58.654  -10.729  25.856 0.0000000000
72769  58.855  -10.681  26.786 0.0000000000
72755  59.122  -10.266  27.942 0.0000000000
68360  48.827  -14.794  23.975 0.0000000000
59995  42.791  -24.165  31.863 0.0000000000
153452  43.461  -24.294  32.895 0.0000000000
58920  43.472  -24.320  33.563 0.0000000000
49671  42.631  -31.738  41.604 0.0000000000
50730  42.165  -30.870  40.637 0.0000000000
51845  43.468  -29.462  41.921 0.0000000000
134492  57.924  -8.981  15.085 0.0000000000
74958  58.441  -8.726  14.455 0.0000000000
74945  60.076  -8.537  14.911 0.0000000000
74935  60.039  -8.510  15.751 0.0000000000
75982  60.602  -8.050  16.275 0.0000000000
83359  60.836  -0.137  8.482 0.0000000000
83358  61.537  0.163  9.013 0.0000000000
156666  62.471  0.458  9.520 0.0000000000
82379  61.544  -0.637  9.674 0.0000000000
135277  61.165  -1.569  9.855 0.0000000000
48564  32.064  -32.457  45.413 0.0000000000
133280  33.050  -32.364  45.915 0.0000000000
133085  32.813  -32.394  46.714 0.0000000000
135054  33.540  -32.384  47.315 0.0000000000
48511  34.278  -32.262  47.974 0.0000000000
47407  16.803  -33.869  53.686 0.0000000000
47388  17.680  -33.647  54.823 0.0000000000
47389  16.847  -33.762  54.441 0.0000000000
133250  16.818  -33.686  55.459 0.0000000000
155330  17.110  -33.611  56.226 0.0000000000
145328  14.532  -33.777  57.811 0.0000000000
48437  15.260  -33.590  58.031 0.0000000000
73862  55.245  -9.503  18.767 0.0000000000
72827  52.751  -10.686  20.215 0.0000000000
72826  53.592  -10.343  20.565 0.0000000000
72817  54.210  -10.002  21.982 0.0000000000
72810  54.523  -10.273  22.660 0.0000000000
72809  55.260  -9.994  22.889 0.0000000000
71700  54.437  -11.304  23.847 0.0000000000
64429  50.041  -18.812  28.731 0.0000000000
154243  50.312  -17.914  28.642 0.0000000000
65366  50.650  -17.844  30.403 0.0000000000
144960  51.511  -16.718  35.002 0.0000000000
73886  55.062  -9.333  16.549 0.0000000000
155063  9.702  -39.435  54.300 0.0000000000
132567  10.232  -38.969  54.911 0.0000000000
65425  45.454  -17.495  23.800 0.0000000000
64487  46.498  -18.302  24.673 0.0000000000
134425  47.189  -18.313  25.038 0.0000000000
64464  46.742  -19.168  25.246 0.0000000000
62242  45.858  -21.121  27.337 0.0000000000
62212  45.894  -21.383  28.168 0.0000000000
62188  46.761  -21.687  29.590 0.0000000000
62173  47.364  -21.824  30.190 0.0000000000
158256  48.453  -21.499  31.789 0.0000000000
62162  47.532  -21.696  31.773 0.0000000000
63346  46.993  -20.998  32.575 0.0000000000
48736  35.101  -32.615  36.541 0.0000000000
48664  36.396  -33.132  40.075 0.0000000000
48663  37.251  -33.385  40.334 0.0000000000
47593  38.160  -33.643  40.503 0.0000000000
47592  39.072  -33.803  40.663 0.0000000000
47591  39.929  -33.776  40.901 0.0000000000
47577  40.062  -33.733  41.700 0.0000000000
48601  41.481  -33.162  43.263 0.0000000000
133084  35.898  -32.653  45.957 0.0000000000
133281  36.817  -32.815  45.704 0.0000000000
49598  42.351  -31.510  47.917 0.0000000000
49629  42.036  -31.995  46.232 0.0000000000
46433  29.039  -34.915  52.026 0.0000000000
155324  29.392  -34.711  52.573 0.0000000000
44330  24.688  -36.899  50.492 0.0000000000
45430  24.020  -36.455  50.948 0.0000000000
45407  23.775  -35.566  52.274 0.0000000000
46435  22.389  -34.653  51.034 0.0000000000
47517  19.886  -34.201  46.329 0.0000000000
47520  17.854  -34.495  46.414 0.0000000000
159689  18.617  -33.806  49.062 0.0000000000
47459  17.480  -33.893  50.237 0.0000000000
47476  16.186  -34.535  50.078 0.0000000000
45432  14.167  -36.343  50.880 0.0000000000
44334  12.948  -37.314  50.068 0.0000000000
50755  29.229  -31.611  38.178 0.0000000000
157051  29.528  -31.630  39.114 0.0000000000
47580  27.353  -33.532  41.390 0.0000000000
48651  27.979  -33.068  40.978 0.0000000000
48669  28.517  -32.550  40.492 0.0000000000
48632  28.980  -33.008  42.250 0.0000000000
48631  29.803  -32.745  42.507 0.0000000000
48613  30.213  -32.838  43.183 0.0000000000
157428  29.916  -33.659  45.375 0.0000000000
45483  28.459  -35.927  47.236 0.0000000000
139735  28.846  -35.136  47.068 0.0000000000
46493  28.948  -35.430  47.975 0.0000000000
46464  29.611  -34.674  49.356 0.0000000000
46449  29.581  -34.660  50.326 0.0000000000
44262  10.601  -36.800  58.533 0.0000000000
45362  10.979  -36.060  58.828 0.0000000000
46364  10.195  -35.256  60.291 0.0000000000
77002  64.207  -6.926  21.399 0.0000000000
75942  64.414  -7.186  21.142 0.0000000000
74876  64.531  -8.777  21.883 0.0000000000
142757  64.670  -9.867  21.957 0.0000000000
133439  64.656  -10.358  22.947 0.0000000000
74893  58.690  -8.909  20.366 0.0000000000
151758  59.250  -8.895  20.770 0.0000000000
74828  61.720  -8.649  26.753 0.0000000000
74834  61.387  -8.631  26.003 0.0000000000
70596  49.691  -13.172  21.582 0.0000000000
70532  50.312  -13.151  24.640 0.0000000000
70544  50.423  -12.950  23.849 0.0000000000
70531  50.804  -12.792  24.604 0.0000000000
70530  51.358  -12.531  24.972 0.0000000000
71690  52.551  -12.010  25.357 0.0000000000
71674  53.468  -11.709  26.541 0.0000000000
156484  53.643  -11.452  27.198 0.0000000000
67300  51.575  -15.658  29.559 0.0000000000
156088  51.893  -15.211  29.944 0.0000000000
68284  51.854  -14.854  29.471 0.0000000000
72721  54.396  -10.860  30.350 0.0000000000
62217  40.865  -21.508  28.353 0.0000000000
159269  43.960  -21.821  32.276 0.0000000000
62136  43.869  -21.749  31.915 0.0000000000
62135  44.350  -20.919  32.708 0.0000000000
63326  44.795  -19.950  33.368 0.0000000000
139894  45.173  -19.013  33.852 0.0000000000
64382  45.609  -18.614  33.890 0.0000000000
64370  45.388  -18.514  34.092 0.0000000000
64369  45.758  -18.335  34.897 0.0000000000
64357  46.237  -18.173  35.781 0.0000000000
51906  42.093  -29.561  38.405 0.0000000000
51916  41.490  -30.039  37.219 0.0000000000
51915  42.044  -29.427  37.462 0.0000000000
53120  42.121  -28.913  36.644 0.0000000000
53137  42.277  -28.262  35.939 0.0000000000
54418  42.602  -27.399  36.137 0.0000000000
146398  42.732  -26.932  36.916 0.0000000000
55641  42.808  -25.808  36.727 0.0000000000
53010  44.843  -27.780  44.584 0.0000000000
54298  45.288  -27.307  45.294 0.0000000000
54319  44.833  -26.749  44.832 0.0000000000
55566  44.383  -26.144  44.415 0.0000000000
58854  43.190  -23.852  40.655 0.0000000000
57782  43.076  -24.320  39.837 0.0000000000
58863  43.048  -24.017  39.805 0.0000000000
133162  42.760  -23.938  39.035 0.0000000000
59952  42.856  -23.689  38.545 0.0000000000
59960  43.388  -23.235  37.666 0.0000000000
59951  43.250  -23.092  38.432 0.0000000000
59939  43.930  -22.562  39.116 0.0000000000
61073  44.736  -21.902  39.518 0.0000000000
77079  59.185  -7.377  11.611 0.0000000000
77091  58.088  -6.273  11.346 0.0000000000
77090  58.870  -6.620  11.183 0.0000000000
79146  59.610  -4.434  9.995 0.0000000000
80211  59.898  -3.630  9.830 0.0000000000
150635  61.041  -5.107  9.844 0.0000000000
77062  62.280  -6.422  14.803 0.0000000000
78076  62.764  -5.894  14.058 0.0000000000
78065  63.067  -5.772  15.252 0.0000000000
78075  64.709  -4.722  15.177 0.0000000000
133467  65.315  -4.699  15.198 0.0000000000
78053  65.178  -5.402  16.418 0.0000000000
84436  64.466  1.088  6.853 0.0000000000
83379  64.183  -0.009  6.459 0.0000000000
81369  62.933  -2.068  6.658 0.0000000000
82364  65.439  -2.279  10.516 0.0000000000
81328  65.588  -2.909  10.517 0.0000000000
78097  65.938  -4.928  11.355 0.0000000000
48513  31.681  -32.982  48.579 0.0000000000
134627  33.039  -32.656  48.929 0.0000000000
48498  32.848  -32.798  49.774 0.0000000000
146205  33.398  -32.793  50.319 0.0000000000
48466  33.067  -33.561  52.116 0.0000000000
47390  15.301  -33.935  54.781 0.0000000000
46385  14.572  -34.434  54.267 0.0000000000
47391  14.077  -34.305  55.011 0.0000000000
47376  14.144  -34.172  55.755 0.0000000000
46387  13.004  -34.981  55.017 0.0000000000
136350  13.499  -34.469  56.205 0.0000000000
47364  13.892  -34.041  56.683 0.0000000000
152181  14.065  -33.735  58.376 0.0000000000
47343  13.977  -33.367  59.215 0.0000000000
132372  13.208  -32.985  59.915 0.0000000000
72836  52.494  -10.583  19.410 0.0000000000
71744  52.179  -11.237  20.625 0.0000000000
134758  52.155  -11.439  21.592 0.0000000000
63333  50.396  -19.714  32.442 0.0000000000
64403  50.573  -18.602  32.009 0.0000000000
64390  50.681  -19.071  33.026 0.0000000000
65332  51.103  -18.605  34.536 0.0000000000
64342  51.160  -18.734  36.338 0.0000000000
65319  51.501  -18.112  36.078 0.0000000000
66303  51.674  -17.074  35.835 0.0000000000
41979  8.495  -39.518  54.949 0.0000000000
41953  6.291  -38.857  56.601 0.0000000000
134606  5.498  -38.761  57.539 0.0000000000
62243  44.522  -21.280  27.217 0.0000000000
133076  34.345  -32.716  38.663 0.0000000000
133079  35.038  -32.882  39.995 0.0000000000
133080  34.273  -32.842  40.345 0.0000000000
48644  36.493  -33.232  41.060 0.0000000000
139236  36.983  -33.378  41.899 0.0000000000
44344  28.337  -36.655  49.288 0.0000000000
45429  27.803  -36.750  50.693 0.0000000000
44327  27.754  -37.040  49.861 0.0000000000
43193  27.062  -37.537  49.571 0.0000000000
43209  25.684  -37.635  49.265 0.0000000000
43223  25.318  -37.580  48.513 0.0000000000
152885  24.899  -37.280  49.194 0.0000000000
44347  24.585  -36.954  49.772 0.0000000000
150746  23.473  -36.202  49.613 0.0000000000
45447  22.677  -35.433  48.907 0.0000000000
133216  17.190  -34.846  46.551 0.0000000000
47506  17.114  -35.063  47.700 0.0000000000
46496  16.277  -35.229  47.327 0.0000000000
148214  16.003  -35.309  47.822 0.0000000000
47571  26.090  -34.475  42.097 0.0000000000
47555  27.017  -34.076  43.193 0.0000000000
46534  27.489  -34.190  43.916 0.0000000000
46525  27.366  -34.586  44.368 0.0000000000
46518  27.675  -34.861  44.992 0.0000000000
44398  27.157  -36.550  45.669 0.0000000000
45512  27.679  -36.130  45.845 0.0000000000
45503  28.066  -36.030  46.433 0.0000000000
44369  28.135  -36.724  47.656 0.0000000000
44358  28.250  -36.774  48.462 0.0000000000
77036  63.933  -5.887  18.021 0.0000000000
77029  63.312  -6.418  18.481 0.0000000000
75966  63.768  -6.473  19.325 0.0000000000
75968  61.646  -7.558  18.519 0.0000000000
75943  63.890  -6.799  20.767 0.0000000000
138006  63.675  -6.992  21.539 0.0000000000
75936  63.384  -7.241  22.369 0.0000000000
73798  58.575  -9.310  23.658 0.0000000000
153451  59.684  -9.485  24.949 0.0000000000
73781  60.025  -9.647  25.873 0.0000000000
72777  59.438  -10.270  26.310 0.0000000000
73780  60.935  -9.070  26.416 0.0000000000
147519  49.197  -14.323  24.168 0.0000000000
69399  49.383  -13.919  24.031 0.0000000000
69398  49.901  -13.618  24.631 0.0000000000
70511  50.976  -12.965  26.080 0.0000000000
68253  52.696  -14.319  33.030 0.0000000000
68260  52.706  -14.387  32.114 0.0000000000
61154  40.884  -22.398  28.984 0.0000000000
62179  41.074  -22.063  28.883 0.0000000000
62166  41.591  -22.404  29.187 0.0000000000
154003  42.855  -22.710  29.943 0.0000000000
60004  43.033  -23.866  31.150 0.0000000000
61125  43.801  -22.551  31.680 0.0000000000
61124  44.291  -22.109  32.840 0.0000000000
62119  44.970  -21.139  34.322 0.0000000000
151497  45.807  -20.971  35.576 0.0000000000
49714  40.492  -32.804  37.801 0.0000000000
49725  40.072  -32.330  36.984 0.0000000000
49713  41.206  -32.034  38.413 0.0000000000
51895  41.758  -30.281  38.785 0.0000000000
50739  41.866  -30.914  39.907 0.0000000000
50746  41.889  -30.257  39.530 0.0000000000
51894  42.087  -29.593  39.186 0.0000000000
53095  42.499  -28.879  39.475 0.0000000000
137740  42.815  -28.093  39.852 0.0000000000
76009  56.691  -7.899  12.795 0.0000000000
76008  57.621  -8.011  12.630 0.0000000000
76017  58.404  -7.690  12.088 0.0000000000
76007  58.647  -8.183  12.894 0.0000000000
155689  59.648  -7.618  12.026 0.0000000000
77078  60.135  -7.316  11.788 0.0000000000
138918  60.889  -6.937  11.935 0.0000000000
77087  61.434  -6.533  11.528 0.0000000000
77069  61.496  -7.049  13.437 0.0000000000
77063  61.675  -7.045  14.404 0.0000000000
75995  61.214  -7.593  14.880 0.0000000000
77054  62.436  -6.347  15.771 0.0000000000
77045  62.633  -6.373  16.698 0.0000000000
84427  62.626  1.462  7.102 0.0000000000
137966  63.513  1.937  7.099 0.0000000000
84428  61.838  0.832  7.519 0.0000000000
85417  63.379  1.659  7.698 0.0000000000
85416  63.907  1.994  7.378 0.0000000000
84426  64.447  1.236  7.785 0.0000000000
82395  64.445  -1.250  7.832 0.0000000000
81353  64.484  -1.959  8.168 0.0000000000
82392  64.726  -1.242  8.565 0.0000000000
82391  64.972  -1.411  9.324 0.0000000000
83340  65.014  -0.879  9.887 0.0000000000
83343  62.911  0.273  9.895 0.0000000000
83342  63.945  0.039  10.376 0.0000000000
83327  64.758  -0.722  10.447 0.0000000000
83323  64.596  -0.828  10.662 0.0000000000
82360  64.224  -1.311  11.043 0.0000000000
81324  63.916  -2.101  11.239 0.0000000000
48610  32.728  -32.805  43.207 0.0000000000
134248  34.425  -32.772  44.830 0.0000000000
133082  33.880  -32.538  45.606 0.0000000000
133083  34.951  -32.670  45.660 0.0000000000
135999  35.972  -32.463  46.796 0.0000000000
48525  36.495  -32.433  47.349 0.0000000000
136228  33.874  -32.402  48.820 0.0000000000
145307  34.630  -32.281  48.778 0.0000000000
48495  35.270  -32.301  49.328 0.0000000000
48510  35.305  -32.152  48.308 0.0000000000
45513  23.094  -36.335  44.393 0.0000000000
47406  19.734  -33.759  54.016 0.0000000000
47384  20.978  -33.527  54.909 0.0000000000
47385  20.127  -33.612  54.750 0.0000000000
47371  19.632  -33.524  55.410 0.0000000000
47359  19.917  -33.457  56.294 0.0000000000
47372  18.327  -33.554  55.446 0.0000000000
47360  19.010  -33.477  56.060 0.0000000000
48434  19.766  -32.912  57.990 0.0000000000
48425  20.114  -32.855  58.802 0.0000000000
47374  15.827  -33.834  55.732 0.0000000000
133948  16.500  -33.675  56.363 0.0000000000
47350  16.351  -33.562  57.088 0.0000000000
157181  15.879  -33.320  58.251 0.0000000000
133800  16.559  -33.338  57.958 0.0000000000
48436  17.446  -33.157  58.040 0.0000000000
73870  58.284  -9.226  17.554 0.0000000000
150498  59.015  -8.997  17.709 0.0000000000
73860  57.823  -9.250  18.174 0.0000000000
74923  57.656  -9.062  18.961 0.0000000000
152411  56.447  -9.429  18.457 0.0000000000
139659  57.322  -8.847  20.311 0.0000000000
74882  57.745  -8.813  21.457 0.0000000000
73821  57.139  -8.859  22.008 0.0000000000
73846  54.637  -9.618  19.300 0.0000000000
73834  54.830  -9.656  20.156 0.0000000000
150483  54.270  -9.922  20.509 0.0000000000
73833  55.576  -9.466  20.223 0.0000000000
73813  57.389  -9.163  22.793 0.0000000000
73799  57.687  -9.586  23.493 0.0000000000
72795  57.195  -10.192  23.983 0.0000000000
72787  57.527  -10.677  24.696 0.0000000000
72797  55.595  -10.422  23.521 0.0000000000
72788  56.683  -10.822  24.437 0.0000000000
71685  57.239  -11.492  26.072 0.0000000000
71651  56.841  -11.468  27.292 0.0000000000
66377  49.006  -16.840  26.013 0.0000000000
66376  49.513  -16.556  26.488 0.0000000000
66354  50.708  -16.469  28.500 0.0000000000
65374  50.654  -17.228  28.946 0.0000000000
66346  51.060  -16.450  29.280 0.0000000000
65352  50.738  -17.576  32.192 0.0000000000
66328  50.906  -16.768  32.491 0.0000000000
65342  51.242  -16.731  34.246 0.0000000000
137370  51.246  -16.074  32.797 0.0000000000
67281  51.773  -15.573  32.248 0.0000000000
68254  52.207  -14.953  32.601 0.0000000000
57844  42.304  -25.073  32.782 0.0000000000
135585  45.186  -30.607  45.597 0.0000000000
50706  45.192  -30.253  44.793 0.0000000000
51792  46.089  -29.420  46.334 0.0000000000
145406  55.886  -8.221  13.681 0.0000000000
74960  56.535  -8.551  14.178 0.0000000000
74948  57.072  -8.938  15.041 0.0000000000
73893  57.551  -9.176  15.666 0.0000000000
84419  58.207  0.091  8.174 0.0000000000
83362  57.654  -0.144  8.724 0.0000000000
43141  11.469  -37.832  54.719 0.0000000000
43116  11.355  -37.482  56.392 0.0000000000
43117  10.754  -37.985  56.785 0.0000000000
41949  10.344  -38.690  56.408 0.0000000000
43082  10.238  -37.525  58.199 0.0000000000
44263  9.875  -37.218  58.913 0.0000000000
44245  9.562  -36.845  59.696 0.0000000000
41951  8.446  -39.425  56.522 0.0000000000
41939  8.582  -39.118  57.495 0.0000000000
43072  8.193  -37.776  59.507 0.0000000000
44247  7.720  -37.186  60.150 0.0000000000
68367  47.490  -14.676  22.979 0.0000000000
67384  48.048  -16.071  24.260 0.0000000000
66401  47.413  -16.702  24.316 0.0000000000
65410  48.472  -17.219  25.508 0.0000000000
65400  48.781  -17.717  26.119 0.0000000000
65394  49.173  -18.080  26.881 0.0000000000
64448  48.703  -18.625  26.435 0.0000000000
64430  49.595  -18.976  27.911 0.0000000000
63369  49.701  -19.695  29.176 0.0000000000
144755  49.780  -19.974  30.059 0.0000000000
63413  46.496  -20.079  25.895 0.0000000000
62241  46.663  -20.894  27.380 0.0000000000
62240  47.508  -20.707  27.597 0.0000000000
63381  48.288  -20.317  27.675 0.0000000000
156622  48.595  -20.433  28.328 0.0000000000
63358  49.858  -20.215  30.992 0.0000000000
63345  49.988  -20.404  31.934 0.0000000000
63334  49.979  -20.521  32.855 0.0000000000
63323  49.687  -20.556  33.876 0.0000000000
62149  48.820  -21.310  32.369 0.0000000000
62132  49.216  -20.967  33.078 0.0000000000
63308  49.578  -20.210  34.730 0.0000000000
63292  49.194  -19.325  35.811 0.0000000000
64356  49.047  -18.473  36.299 0.0000000000
65307  48.467  -17.243  36.472 0.0000000000
48752  37.102  -32.204  35.691 0.0000000000
48718  34.593  -32.687  37.227 0.0000000000
143785  35.443  -32.812  37.249 0.0000000000
154169  36.181  -32.925  37.440 0.0000000000
48699  36.943  -33.131  38.625 0.0000000000
48717  36.896  -33.078  37.799 0.0000000000
48716  37.657  -32.998  37.358 0.0000000000
48715  38.494  -32.987  37.354 0.0000000000
48714  39.460  -33.052  37.494 0.0000000000
49700  40.560  -32.964  38.720 0.0000000000
49686  41.444  -32.612  39.812 0.0000000000
48642  41.163  -33.410  41.098 0.0000000000
49673  41.641  -32.862  40.650 0.0000000000
49672  42.116  -32.276  41.187 0.0000000000
49651  43.234  -31.914  43.156 0.0000000000
49650  43.881  -31.730  43.856 0.0000000000
150191  34.139  -33.031  42.641 0.0000000000
140844  34.861  -33.011  42.783 0.0000000000
140847  35.714  -32.987  44.123 0.0000000000
153071  36.107  -33.155  43.371 0.0000000000
48624  37.549  -33.363  43.036 0.0000000000
48522  38.832  -32.434  46.966 0.0000000000
48539  39.163  -32.590  46.192 0.0000000000
48560  39.425  -32.761  45.368 0.0000000000
48583  38.886  -32.959  44.651 0.0000000000
48604  39.268  -33.159  44.059 0.0000000000
47552  39.311  -33.464  43.338 0.0000000000
48603  40.099  -33.280  43.878 0.0000000000
136411  41.013  -33.068  43.979 0.0000000000
152872  41.751  -32.844  43.963 0.0000000000
48557  42.303  -32.298  45.351 0.0000000000
48579  42.501  -32.489  44.383 0.0000000000
48578  43.377  -32.121  44.364 0.0000000000
49638  44.668  -31.112  44.610 0.0000000000
46396  31.412  -34.922  53.462 0.0000000000
46419  29.019  -34.921  53.005 0.0000000000
45389  28.241  -34.800  54.134 0.0000000000
44316  27.129  -36.835  51.237 0.0000000000
44305  27.109  -36.460  52.183 0.0000000000
44318  25.758  -36.921  51.547 0.0000000000
44306  26.150  -36.668  52.318 0.0000000000
45392  25.743  -35.884  54.097 0.0000000000
46402  24.381  -35.154  53.903 0.0000000000
46403  23.642  -34.663  53.751 0.0000000000
46421  23.324  -34.859  52.767 0.0000000000
47404  21.391  -33.888  53.476 0.0000000000
144769  20.716  -33.886  53.189 0.0000000000
45504  23.063  -36.232  45.396 0.0000000000
45505  22.610  -35.784  46.336 0.0000000000
45486  22.594  -35.681  47.329 0.0000000000
150232  22.071  -35.320  47.741 0.0000000000
46482  21.957  -35.156  48.542 0.0000000000
47518  19.059  -34.177  46.112 0.0000000000
134827  19.515  -34.035  46.900 0.0000000000
47503  20.069  -34.146  47.237 0.0000000000
46468  21.585  -34.787  49.221 0.0000000000
138578  21.201  -34.658  49.856 0.0000000000
47455  20.929  -34.471  50.565 0.0000000000
47456  20.085  -34.148  50.692 0.0000000000
155342  20.740  -34.283  51.214 0.0000000000
47422  20.307  -33.996  52.486 0.0000000000
135055  20.023  -33.838  53.292 0.0000000000
157422  18.595  -33.747  53.129 0.0000000000
47423  17.993  -33.734  52.953 0.0000000000
47424  17.415  -33.804  52.416 0.0000000000
132952  17.152  -33.873  53.056 0.0000000000
47427  15.210  -34.652  52.799 0.0000000000
46469  16.506  -34.977  49.274 0.0000000000
46454  15.600  -34.852  50.387 0.0000000000
46437  15.403  -34.737  51.195 0.0000000000
46424  15.208  -34.597  51.937 0.0000000000
46426  14.131  -35.285  52.893 0.0000000000
45408  13.837  -36.002  52.547 0.0000000000
45409  13.206  -36.468  53.039 0.0000000000
43156  12.237  -37.582  52.963 0.0000000000
43184  12.171  -37.803  51.399 0.0000000000
43171  12.159  -37.706  52.255 0.0000000000
43157  11.980  -37.665  53.483 0.0000000000
41992  10.998  -38.789  53.489 0.0000000000
41993  10.234  -39.128  53.094 0.0000000000
40873  9.565  -39.399  53.559 0.0000000000
150912  32.252  -32.455  37.908 0.0000000000
49728  30.444  -31.887  37.994 0.0000000000
49715  31.465  -32.213  38.995 0.0000000000
48685  31.964  -32.346  39.579 0.0000000000
48668  31.755  -32.263  40.421 0.0000000000
48648  31.578  -32.276  41.280 0.0000000000
49703  29.419  -31.720  39.596 0.0000000000
49689  29.655  -31.873  40.533 0.0000000000
49688  30.314  -31.900  41.012 0.0000000000
49674  30.876  -32.113  41.536 0.0000000000
48630  31.456  -32.452  42.178 0.0000000000
48611  31.787  -32.700  43.131 0.0000000000
156628  31.711  -32.754  43.764 0.0000000000
140141  30.516  -32.996  43.848 0.0000000000
48587  31.125  -32.836  44.272 0.0000000000
150128  31.686  -32.622  44.992 0.0000000000
133584  31.680  -32.631  45.821 0.0000000000
48546  31.520  -32.791  46.734 0.0000000000
48529  31.447  -32.930  47.715 0.0000000000
47528  29.378  -33.920  45.573 0.0000000000
47501  29.201  -34.551  46.828 0.0000000000
47514  29.651  -33.965  46.572 0.0000000000
47469  31.423  -33.251  49.369 0.0000000000
47452  31.408  -33.417  50.365 0.0000000000
139928  31.333  -33.588  51.147 0.0000000000
47453  30.649  -33.790  50.741 0.0000000000
47436  31.657  -33.668  51.848 0.0000000000
157276  31.330  -33.789  52.289 0.0000000000
47369  21.286  -33.520  55.800 0.0000000000
47356  22.617  -33.562  57.031 0.0000000000
44284  11.852  -36.888  55.939 0.0000000000
45370  12.271  -36.086  56.380 0.0000000000
46370  12.121  -35.181  57.617 0.0000000000
45361  11.625  -35.637  58.268 0.0000000000
46366  11.934  -34.679  58.461 0.0000000000
47345  12.015  -34.034  58.965 0.0000000000
48421  12.292  -33.220  60.125 0.0000000000
135252  64.730  -6.681  19.063 0.0000000000
74921  59.482  -8.919  18.161 0.0000000000
74892  59.916  -8.897  20.719 0.0000000000
74891  60.666  -8.682  20.764 0.0000000000
74878  61.496  -8.254  21.061 0.0000000000
157651  62.524  -7.644  22.153 0.0000000000
75928  63.364  -7.449  23.264 0.0000000000
74854  59.348  -8.857  23.386 0.0000000000
133053  60.053  -8.608  23.111 0.0000000000
74853  60.914  -8.324  23.677 0.0000000000
133444  61.483  -8.382  25.332 0.0000000000
132775  61.673  -8.140  24.562 0.0000000000
74852  61.881  -8.029  23.875 0.0000000000
74851  62.577  -7.738  23.613 0.0000000000
75905  63.233  -7.695  24.092 0.0000000000
75917  63.729  -7.700  23.610 0.0000000000
74840  63.935  -8.359  23.886 0.0000000000
132558  50.818  -12.068  19.730 0.0000000000
71757  51.017  -12.008  20.401 0.0000000000
71729  52.430  -11.477  22.348 0.0000000000
70559  50.906  -12.583  23.317 0.0000000000
71731  50.957  -12.327  22.507 0.0000000000
71730  51.782  -11.833  22.391 0.0000000000
158910  53.962  -11.925  25.316 0.0000000000
71688  54.666  -11.851  25.350 0.0000000000
71672  55.767  -11.805  26.420 0.0000000000
72757  56.632  -10.993  27.961 0.0000000000
67348  49.856  -15.929  26.649 0.0000000000
68316  50.218  -15.154  26.851 0.0000000000
68302  51.130  -15.097  28.309 0.0000000000
143128  50.647  -14.402  27.056 0.0000000000
69352  51.080  -13.677  27.332 0.0000000000
69351  51.444  -13.110  27.625 0.0000000000
70488  51.792  -12.465  27.447 0.0000000000
152905  52.660  -13.621  30.505 0.0000000000
69329  52.457  -13.112  29.732 0.0000000000
70447  53.403  -12.023  30.950 0.0000000000
70448  52.868  -12.493  30.207 0.0000000000
158931  52.181  -12.444  28.764 0.0000000000
70474  52.162  -12.097  28.189 0.0000000000
153424  52.304  -11.852  27.571 0.0000000000
156669  53.505  -11.188  27.867 0.0000000000
72733  54.818  -10.633  29.461 0.0000000000
145085  55.867  -10.934  28.133 0.0000000000
72742  57.356  -10.618  28.631 0.0000000000
62176  44.910  -21.922  30.021 0.0000000000
62178  41.851  -21.928  29.266 0.0000000000
62177  42.336  -21.706  29.462 0.0000000000
141165  43.097  -21.527  29.746 0.0000000000
63336  44.118  -21.638  31.143 0.0000000000
63350  43.718  -21.775  30.550 0.0000000000
157353  43.864  -21.546  29.828 0.0000000000
63360  45.131  -21.936  31.068 0.0000000000
153594  45.666  -21.759  31.556 0.0000000000
135900  46.173  -21.232  32.315 0.0000000000
63335  46.546  -20.119  32.886 0.0000000000
64391  46.712  -19.338  33.231 0.0000000000
64381  46.036  -18.604  33.595 0.0000000000
65344  46.354  -18.217  33.810 0.0000000000
64379  47.069  -18.771  33.796 0.0000000000
65333  47.616  -17.970  35.182 0.0000000000
65320  48.026  -17.698  35.814 0.0000000000
50765  40.516  -31.460  36.640 0.0000000000
50779  40.001  -31.136  36.018 0.0000000000
51924  41.036  -30.054  36.116 0.0000000000
54487  41.689  -27.307  32.977 0.0000000000
146571  42.156  -27.758  34.565 0.0000000000
146893  42.376  -26.866  34.350 0.0000000000
155266  42.609  -25.282  34.073 0.0000000000
57828  43.010  -24.983  34.571 0.0000000000
50711  44.728  -30.382  43.975 0.0000000000
51831  44.476  -29.515  43.581 0.0000000000
51832  43.925  -29.327  42.777 0.0000000000
53030  44.203  -28.016  43.812 0.0000000000
53050  43.987  -28.309  42.947 0.0000000000
53068  43.665  -28.597  42.064 0.0000000000
53069  43.229  -28.511  41.308 0.0000000000
56686  43.753  -25.693  42.820 0.0000000000
56687  43.514  -24.794  42.630 0.0000000000
56695  43.384  -25.383  41.920 0.0000000000
55584  43.451  -26.278  41.891 0.0000000000
145710  42.870  -26.597  39.909 0.0000000000
55618  42.656  -26.192  38.465 0.0000000000
55629  42.728  -26.055  37.596 0.0000000000
56740  42.860  -25.319  37.379 0.0000000000
57789  42.879  -24.759  38.637 0.0000000000
57790  42.955  -25.175  38.036 0.0000000000
56753  42.958  -25.247  36.612 0.0000000000
57805  43.195  -24.695  36.619 0.0000000000
57814  43.216  -24.986  35.524 0.0000000000
58899  43.281  -24.721  35.101 0.0000000000
58906  43.707  -23.789  34.747 0.0000000000
58896  44.119  -23.639  34.856 0.0000000000
59969  43.541  -23.539  36.885 0.0000000000
151187  44.320  -23.265  36.369 0.0000000000
59976  44.776  -23.168  35.488 0.0000000000
59975  45.516  -22.321  35.731 0.0000000000
61099  45.866  -21.505  36.018 0.0000000000
62102  46.103  -20.714  36.195 0.0000000000
61058  44.364  -21.550  41.364 0.0000000000
61064  45.376  -21.342  39.979 0.0000000000
61072  45.628  -21.625  39.120 0.0000000000
62060  46.632  -20.279  41.001 0.0000000000
62076  46.180  -21.056  39.573 0.0000000000
61071  46.294  -21.192  38.700 0.0000000000
61082  46.288  -21.225  37.813 0.0000000000
62101  46.349  -20.460  36.842 0.0000000000
143589  46.131  -19.700  36.399 0.0000000000
63274  46.366  -18.992  36.994 0.0000000000
64345  46.486  -17.953  36.691 0.0000000000
65308  46.665  -17.211  36.740 0.0000000000
142460  46.847  -17.330  37.592 0.0000000000
66280  47.000  -16.767  37.149 0.0000000000
83363  56.907  0.031  9.011 0.0000000000
83347  58.169  -0.813  9.111 0.0000000000
82382  58.530  -1.492  9.342 0.0000000000
82368  60.279  -1.634  9.472 0.0000000000
81331  61.219  -2.746  10.069 0.0000000000
141858  62.561  -2.605  10.683 0.0000000000
80207  63.203  -2.753  11.048 0.0000000000
80200  63.991  -2.899  11.647 0.0000000000
155547  62.872  -5.515  11.765 0.0000000000
145605  63.086  -4.821  11.372 0.0000000000
79137  63.603  -4.059  11.658 0.0000000000
80194  64.373  -3.362  12.449 0.0000000000
80193  64.927  -3.139  13.128 0.0000000000
80186  66.318  -3.729  13.412 0.0000000000
80180  66.311  -3.961  13.582 0.0000000000
78063  65.527  -5.352  15.327 0.0000000000
78062  65.664  -5.293  14.831 0.0000000000
43071  9.105  -37.625  59.296 0.0000000000
43101  10.532  -37.768  57.514 0.0000000000
44274  11.388  -36.727  57.451 0.0000000000
44373  24.439  -37.036  47.676 0.0000000000
44408  26.090  -36.600  44.612 0.0000000000
45363  10.321  -36.501  59.335 0.0000000000
45534  25.336  -35.575  42.814 0.0000000000
46369  12.605  -34.551  57.764 0.0000000000
47329  11.529  -33.430  60.426 0.0000000000
47335  12.655  -33.677  59.322 0.0000000000
47342  14.708  -33.497  58.627 0.0000000000
47352  13.741  -33.938  57.626 0.0000000000
47362  15.808  -33.728  56.662 0.0000000000
47399  32.556  -34.163  52.716 0.0000000000
47400  32.128  -34.147  52.996 0.0000000000
47590  40.578  -33.659  41.181 0.0000000000
48415  11.870  -32.918  60.792 0.0000000000
48433  20.579  -32.931  58.081 0.0000000000
48445  19.422  -33.303  57.020 0.0000000000
48563  32.504  -32.462  45.398 0.0000000000
48582  39.710  -32.952  44.633 0.0000000000
48585  32.572  -32.638  44.709 0.0000000000
48602  40.726  -33.400  43.381 0.0000000000
48623  40.863  -33.519  42.721 0.0000000000
48652  27.345  -33.309  40.616 0.0000000000
48661  40.797  -33.479  40.387 0.0000000000
48683  33.757  -32.654  39.057 0.0000000000
48733  38.032  -32.666  36.666 0.0000000000
49591  36.073  -32.195  49.080 0.0000000000
49652  31.281  -32.742  43.546 0.0000000000
50719  43.636  -30.293  42.338 0.0000000000
50729  42.604  -30.921  41.283 0.0000000000
51804  45.797  -29.279  45.823 0.0000000000
51861  43.033  -29.384  41.220 0.0000000000
53029  44.666  -28.686  44.029 0.0000000000
54297  45.723  -27.332  45.905 0.0000000000
54362  43.514  -27.930  41.711 0.0000000000
54373  42.944  -27.276  40.408 0.0000000000
54486  42.150  -26.667  33.639 0.0000000000
55575  44.023  -26.428  43.566 0.0000000000
55598  42.956  -26.277  40.535 0.0000000000
56741  43.020  -25.168  37.164 0.0000000000
58871  42.950  -24.408  38.443 0.0000000000
58881  43.224  -24.439  37.055 0.0000000000
58888  43.156  -24.099  36.617 0.0000000000
59940  43.470  -22.832  39.941 0.0000000000
59941  43.138  -23.569  39.858 0.0000000000
59983  44.668  -23.154  34.405 0.0000000000
61091  45.063  -22.274  37.772 0.0000000000
61108  45.496  -21.610  35.137 0.0000000000
61116  44.813  -22.073  33.768 0.0000000000
62087  46.662  -20.588  38.290 0.0000000000
62094  46.535  -20.591  37.500 0.0000000000
62133  48.150  -20.923  33.057 0.0000000000
62244  43.622  -21.314  27.619 0.0000000000
63362  43.077  -21.738  30.001 0.0000000000
63371  44.318  -21.729  30.402 0.0000000000
63379  49.559  -19.506  28.449 0.0000000000
64314  46.739  -18.078  38.336 0.0000000000
64380  46.338  -18.678  33.490 0.0000000000
64383  45.229  -19.639  33.183 0.0000000000
64440  48.514  -19.341  26.725 0.0000000000
65309  46.589  -17.509  36.073 0.0000000000
65323  46.330  -17.729  35.255 0.0000000000
65336  45.923  -18.050  34.462 0.0000000000
65345  45.897  -18.212  33.959 0.0000000000
65386  49.511  -18.379  27.463 0.0000000000
66291  51.705  -16.822  36.690 0.0000000000
66294  46.791  -17.099  36.340 0.0000000000
68233  51.992  -14.855  34.459 0.0000000000
71670  57.413  -11.429  26.892 0.0000000000
71689  53.421  -11.950  24.907 0.0000000000
71691  51.852  -12.276  25.370 0.0000000000
74841  63.413  -7.958  24.510 0.0000000000
74894  57.889  -8.850  20.711 0.0000000000
74906  59.750  -8.936  19.552 0.0000000000
74907  58.926  -8.977  19.487 0.0000000000
75927  63.994  -7.222  22.856 0.0000000000
75935  64.148  -6.891  22.123 0.0000000000
77009  64.289  -6.929  20.570 0.0000000000
77027  64.990  -6.486  18.247 0.0000000000
77060  65.726  -5.452  14.765 0.0000000000
78064  65.094  -4.910  15.720 0.0000000000
78099  63.446  -4.830  11.948 0.0000000000
78109  61.637  -5.387  10.210 0.0000000000
79115  65.752  -4.848  14.542 0.0000000000
79116  65.392  -5.028  15.436 0.0000000000
79122  65.217  -4.327  14.547 0.0000000000
80187  65.606  -3.542  13.463 0.0000000000
80192  66.245  -3.576  13.113 0.0000000000
80198  65.853  -3.542  12.486 0.0000000000
80199  64.729  -2.628  12.286 0.0000000000
80206  65.708  -3.413  10.998 0.0000000000
80210  60.844  -3.746  9.836 0.0000000000
81312  65.746  -3.323  12.922 0.0000000000
81318  65.376  -2.807  12.304 0.0000000000
81322  65.686  -3.039  10.998 0.0000000000
81323  64.677  -2.011  11.661 0.0000000000
81343  65.472  -2.585  9.941 0.0000000000
82352  65.217  -2.371  11.813 0.0000000000
82358  64.857  -1.519  11.056 0.0000000000
82359  64.670  -1.348  11.053 0.0000000000
82365  65.115  -1.494  10.521 0.0000000000
83324  64.407  -0.641  10.683 0.0000000000
83328  64.569  -0.240  10.403 0.0000000000
83341  64.817  -0.088  9.902 0.0000000000
83344  61.966  0.102  9.580 0.0000000000
83378  64.600  0.307  7.448 0.0000000000
84405  62.164  0.520  9.152 0.0000000000
85408  57.132  1.010  7.892 0.0000000000
85426  63.884  2.057  6.635 0.0000000000
133089  19.041  -33.758  54.064 0.0000000000
133460  32.358  -32.378  45.958 0.0000000000
133919  42.882  -25.777  39.843 0.0000000000
134250  37.103  -32.958  44.833 0.0000000000
134720  42.413  -28.611  37.285 0.0000000000
134841  65.267  -3.855  13.943 0.0000000000
135202  42.262  -31.491  41.015 0.0000000000
135251  52.961  -11.792  23.514 0.0000000000
135346  8.684  -35.491  60.926 0.0000000000
135800  32.229  -32.879  49.138 0.0000000000
136031  17.018  -32.910  58.741 0.0000000000
137264  64.657  -2.732  8.700 0.0000000000
137615  64.575  0.606  9.247 0.0000000000
139757  14.552  -34.081  55.082 0.0000000000
140536  24.358  -36.972  47.031 0.0000000000
141127  65.532  -2.949  11.968 0.0000000000
141619  62.517  0.891  8.679 0.0000000000
142199  63.025  -7.860  25.120 0.0000000000
142823  59.986  -1.153  9.095 0.0000000000
145933  13.334  -33.818  58.615 0.0000000000
146400  41.191  -30.231  36.758 0.0000000000
147077  46.107  -18.726  36.334 0.0000000000
148565  28.581  -36.224  48.001 0.0000000000
148747  45.919  -28.049  46.111 0.0000000000
149449  18.701  -33.398  56.867 0.0000000000
150219  32.141  -32.523  41.739 0.0000000000
150416  18.059  -33.703  54.232 0.0000000000
151160  42.941  -23.686  38.031 0.0000000000
151582  43.802  -24.909  43.314 0.0000000000
152437  51.711  -16.239  35.346 0.0000000000
153427  21.884  -34.776  49.853 0.0000000000
153471  65.900  -4.396  11.267 0.0000000000
153810  45.398  -20.781  35.045 0.0000000000
153934  46.736  -19.331  37.587 0.0000000000
155779  45.727  -19.101  33.478 0.0000000000
155943  64.651  0.492  8.376 0.0000000000
156164  47.292  -20.537  27.051 0.0000000000
156317  35.576  -32.781  45.359 0.0000000000
156419  50.750  -18.210  32.745 0.0000000000
156977  46.938  -19.996  39.614 0.0000000000
156980  54.693  -9.807  20.818 0.0000000000
157115  44.516  -21.814  30.889 0.0000000000
157193  38.106  -33.168  37.721 0.0000000000
157206  35.667  -32.881  37.743 0.0000000000
158061  47.324  -21.370  28.909 0.0000000000
158185  47.772  -21.822  30.767 0.0000000000
158712  12.987  -34.715  56.491 0.0000000000
159548  43.154  -25.116  41.232 0.0000000000
