#!ascii label  , from subject sub125 vox2ras=TkReg
1099
110321  48.399  28.043  7.501 0.0000000000
147447  53.102  35.318  7.880 0.0000000000
107805  56.582  26.260  12.731 0.0000000000
108634  43.630  26.478  10.216 0.0000000000
132548  46.895  23.996  10.826 0.0000000000
110430  49.380  27.965  0.532 0.0000000000
113997  46.368  33.726  10.620 0.0000000000
112561  45.652  31.761  5.148 0.0000000000
104602  57.670  20.976  15.804 0.0000000000
103875  55.134  21.562  7.199 0.0000000000
110351  54.584  28.190  4.636 0.0000000000
107840  53.057  25.718  9.294 0.0000000000
158517  51.199  29.301  11.100 0.0000000000
108593  53.349  27.105  17.244 0.0000000000
114811  44.422  34.498  0.410 0.0000000000
111850  51.739  30.435  0.127 0.0000000000
135349  50.940  21.488  10.874 0.0000000000
109479  46.070  28.192  9.314 0.0000000000
107820  45.698  25.847  10.563 0.0000000000
108646  48.134  26.950  9.642 0.0000000000
134201  49.012  28.514  4.251 0.0000000000
133534  46.142  28.727  6.573 0.0000000000
114700  42.629  34.578  10.043 0.0000000000
102922  55.338  19.562  14.824 0.0000000000
102944  57.081  20.139  10.627 0.0000000000
147836  53.985  17.740  10.946 0.0000000000
145554  46.642  32.837  -3.555 0.0000000000
112548  53.852  31.927  5.905 0.0000000000
111067  53.490  29.146  7.229 0.0000000000
113277  52.126  32.506  8.821 0.0000000000
132714  50.877  28.194  17.169 0.0000000000
110998  53.918  30.452  16.837 0.0000000000
110207  53.421  28.411  20.745 0.0000000000
106939  55.004  24.773  20.269 0.0000000000
114023  49.816  33.718  6.686 0.0000000000
112584  49.035  31.580  3.574 0.0000000000
113316  52.216  32.934  4.421 0.0000000000
111832  53.988  30.198  2.011 0.0000000000
107811  55.469  25.993  10.925 0.0000000000
107008  51.566  24.104  11.351 0.0000000000
106259  53.658  23.435  11.634 0.0000000000
105508  45.059  23.079  9.075 0.0000000000
104684  46.023  22.103  7.987 0.0000000000
108759  50.072  26.399  -2.638 0.0000000000
108734  45.849  26.521  -0.604 0.0000000000
115439  50.002  34.889  9.663 0.0000000000
152944  52.076  35.215  12.140 0.0000000000
116901  39.900  37.942  4.709 0.0000000000
115492  42.073  35.179  3.219 0.0000000000
133651  45.933  34.541  8.004 0.0000000000
106245  56.850  23.498  14.190 0.0000000000
105474  56.028  22.572  11.472 0.0000000000
104652  58.428  22.253  10.006 0.0000000000
103884  57.110  21.476  6.221 0.0000000000
150946  51.356  27.713  5.905 0.0000000000
108660  50.983  26.985  8.154 0.0000000000
108688  54.052  26.654  6.734 0.0000000000
109476  54.461  27.505  9.600 0.0000000000
109459  53.270  27.298  11.812 0.0000000000
140190  52.663  31.671  13.538 0.0000000000
109455  51.814  27.816  14.183 0.0000000000
107797  53.616  25.146  13.993 0.0000000000
106219  55.714  23.287  17.462 0.0000000000
104584  55.864  21.396  18.292 0.0000000000
116302  46.766  36.426  -0.498 0.0000000000
111875  46.548  30.709  -1.959 0.0000000000
111853  47.992  30.906  0.129 0.0000000000
111145  51.226  28.665  -2.784 0.0000000000
110441  52.801  27.628  -0.856 0.0000000000
110400  51.582  28.650  2.395 0.0000000000
107816  50.042  25.378  10.541 0.0000000000
105480  49.096  22.403  11.074 0.0000000000
133703  47.488  21.521  7.715 0.0000000000
136195  53.056  20.851  8.704 0.0000000000
110309  47.647  28.188  7.979 0.0000000000
109478  47.145  27.333  9.740 0.0000000000
109490  48.628  27.430  8.741 0.0000000000
110355  48.640  28.433  5.803 0.0000000000
110373  47.560  28.505  4.754 0.0000000000
110340  47.147  28.462  6.482 0.0000000000
110324  45.766  28.751  7.570 0.0000000000
101987  54.575  18.973  14.531 0.0000000000
101998  54.663  18.685  12.875 0.0000000000
101039  54.012  17.946  13.552 0.0000000000
103893  45.124  20.308  6.984 0.0000000000
113279  53.510  33.422  6.739 0.0000000000
113280  53.216  32.776  7.394 0.0000000000
114013  53.172  34.430  8.448 0.0000000000
109403  50.042  27.488  20.618 0.0000000000
135894  52.500  28.661  18.983 0.0000000000
114758  51.434  34.582  7.015 0.0000000000
113300  50.876  32.873  5.318 0.0000000000
114769  52.721  34.288  5.985 0.0000000000
113314  53.792  32.697  4.698 0.0000000000
107808  56.085  25.965  11.617 0.0000000000
142867  54.860  24.835  11.234 0.0000000000
107005  55.857  24.986  11.742 0.0000000000
107823  42.700  25.661  10.100 0.0000000000
107822  43.504  25.645  10.162 0.0000000000
107026  46.357  24.494  10.654 0.0000000000
107045  44.850  24.425  10.035 0.0000000000
154058  46.191  23.658  10.219 0.0000000000
148629  45.640  22.561  8.653 0.0000000000
105497  46.487  22.895  9.809 0.0000000000
109587  49.912  27.081  -1.160 0.0000000000
108743  48.168  26.624  -1.518 0.0000000000
109573  47.309  27.151  -0.242 0.0000000000
110304  43.053  27.988  9.278 0.0000000000
108648  42.328  26.969  9.856 0.0000000000
114695  47.834  34.385  10.271 0.0000000000
114683  49.480  34.314  11.154 0.0000000000
113255  47.618  32.736  11.476 0.0000000000
113999  44.469  34.002  10.556 0.0000000000
114737  44.633  34.559  8.556 0.0000000000
155976  46.466  34.474  9.709 0.0000000000
114733  48.428  34.653  8.174 0.0000000000
105456  57.254  22.450  14.680 0.0000000000
105463  58.363  22.984  11.862 0.0000000000
104629  58.421  21.789  12.512 0.0000000000
102965  56.199  19.643  9.013 0.0000000000
102964  57.585  20.607  8.425 0.0000000000
102996  56.166  19.456  6.315 0.0000000000
109537  53.231  27.549  4.512 0.0000000000
109516  53.339  26.963  5.822 0.0000000000
109515  54.002  27.053  5.603 0.0000000000
110308  52.039  29.163  8.532 0.0000000000
144237  53.574  28.153  8.278 0.0000000000
110299  52.882  28.173  9.714 0.0000000000
109468  54.074  27.723  10.585 0.0000000000
110291  52.226  28.114  11.251 0.0000000000
113238  51.813  33.624  13.834 0.0000000000
113242  52.583  33.482  12.958 0.0000000000
112490  53.035  32.317  14.833 0.0000000000
154005  54.162  29.459  17.376 0.0000000000
110247  53.548  29.425  15.824 0.0000000000
109443  52.870  28.174  15.858 0.0000000000
108611  51.816  26.849  14.264 0.0000000000
108594  52.681  26.001  16.560 0.0000000000
148705  53.431  24.359  15.656 0.0000000000
106971  54.180  25.008  17.969 0.0000000000
106185  53.469  23.579  19.514 0.0000000000
105399  55.222  22.937  20.038 0.0000000000
115542  45.368  35.628  -0.762 0.0000000000
114093  45.595  33.777  -1.925 0.0000000000
113358  45.479  32.445  -1.251 0.0000000000
114048  43.136  33.147  4.555 0.0000000000
114059  43.189  33.341  2.864 0.0000000000
112574  44.826  31.808  4.201 0.0000000000
112599  50.449  31.407  2.483 0.0000000000
112613  48.229  31.206  1.486 0.0000000000
112626  49.538  30.766  0.659 0.0000000000
111124  49.676  29.706  -1.233 0.0000000000
111122  51.930  29.746  -1.055 0.0000000000
110448  52.972  28.396  -2.123 0.0000000000
111121  53.184  29.318  -0.800 0.0000000000
150705  54.272  29.067  3.367 0.0000000000
110398  53.381  29.017  2.302 0.0000000000
110383  53.142  28.431  3.219 0.0000000000
133550  51.783  28.155  4.056 0.0000000000
108643  52.224  26.144  8.791 0.0000000000
108644  50.539  26.335  9.295 0.0000000000
107841  52.009  25.758  9.565 0.0000000000
105477  51.669  22.646  11.511 0.0000000000
106262  50.190  23.456  11.452 0.0000000000
104641  49.666  21.883  10.955 0.0000000000
104673  48.129  21.411  9.110 0.0000000000
104672  49.075  21.112  9.322 0.0000000000
104654  56.218  21.909  10.172 0.0000000000
104655  54.809  21.526  10.556 0.0000000000
103864  54.029  21.107  8.239 0.0000000000
109471  44.882  27.553  10.195 0.0000000000
107821  44.290  25.897  10.362 0.0000000000
108632  45.561  26.804  10.443 0.0000000000
108631  46.461  26.267  10.524 0.0000000000
139456  47.305  25.774  10.660 0.0000000000
140770  49.097  28.549  2.816 0.0000000000
110302  44.489  28.495  9.223 0.0000000000
103797  56.793  20.194  15.303 0.0000000000
103813  57.799  20.480  12.538 0.0000000000
147505  56.316  19.748  13.415 0.0000000000
102945  55.776  19.605  11.268 0.0000000000
111811  54.418  30.277  5.124 0.0000000000
111075  54.587  28.511  6.250 0.0000000000
111795  53.559  31.109  6.526 0.0000000000
111792  52.367  30.787  7.784 0.0000000000
111788  50.930  30.450  10.116 0.0000000000
132770  51.122  29.703  15.930 0.0000000000
111728  52.643  30.914  16.512 0.0000000000
110990  52.574  29.931  17.576 0.0000000000
110979  53.841  29.851  18.340 0.0000000000
109412  54.234  28.413  19.820 0.0000000000
107770  54.519  26.068  19.205 0.0000000000
109398  54.202  27.259  20.956 0.0000000000
107751  52.954  25.947  21.093 0.0000000000
106941  51.689  25.039  19.642 0.0000000000
115519  44.222  35.611  1.316 0.0000000000
113303  47.877  32.106  6.014 0.0000000000
112572  47.678  31.519  4.553 0.0000000000
112557  49.355  31.925  5.103 0.0000000000
112569  50.540  32.217  4.069 0.0000000000
112598  51.592  31.460  2.541 0.0000000000
112609  53.329  30.572  1.387 0.0000000000
112581  52.964  31.814  2.985 0.0000000000
111818  54.282  30.884  4.315 0.0000000000
107839  54.130  25.736  9.674 0.0000000000
107814  52.293  25.343  10.151 0.0000000000
107006  53.389  24.445  11.145 0.0000000000
134806  52.909  23.802  11.489 0.0000000000
104638  52.176  21.923  11.310 0.0000000000
104717  55.544  21.712  5.396 0.0000000000
103886  53.372  21.067  6.698 0.0000000000
105510  43.491  22.725  9.227 0.0000000000
107028  44.104  25.038  10.126 0.0000000000
106285  43.696  23.456  9.412 0.0000000000
105516  44.059  22.331  8.812 0.0000000000
104686  44.543  21.982  8.376 0.0000000000
104698  44.986  21.549  7.867 0.0000000000
104712  46.122  21.427  6.969 0.0000000000
152041  48.905  26.512  -3.671 0.0000000000
152259  46.555  26.694  -1.483 0.0000000000
115455  51.166  35.355  8.766 0.0000000000
114713  52.851  35.441  9.717 0.0000000000
114692  51.098  35.294  11.269 0.0000000000
113968  50.491  33.762  12.727 0.0000000000
111754  50.463  31.494  13.813 0.0000000000
111016  49.673  29.926  14.668 0.0000000000
110239  49.022  27.803  16.285 0.0000000000
116252  40.715  36.890  3.761 0.0000000000
114775  41.943  34.760  5.164 0.0000000000
134388  43.831  33.605  5.968 0.0000000000
146499  46.039  33.467  6.813 0.0000000000
114761  48.229  34.089  7.271 0.0000000000
114747  49.629  34.615  7.616 0.0000000000
106994  56.919  24.945  13.406 0.0000000000
106253  56.849  24.250  12.099 0.0000000000
105464  57.793  23.745  12.031 0.0000000000
104634  58.246  22.787  10.651 0.0000000000
104668  58.040  22.459  8.627 0.0000000000
103831  58.238  20.787  10.022 0.0000000000
103860  58.342  22.049  8.676 0.0000000000
104691  57.152  21.949  6.587 0.0000000000
110336  50.245  28.021  6.148 0.0000000000
109504  49.719  27.546  7.634 0.0000000000
109502  51.574  27.301  6.792 0.0000000000
135197  52.449  26.564  7.580 0.0000000000
108657  53.675  26.335  7.860 0.0000000000
110318  54.387  28.184  6.955 0.0000000000
109487  54.375  26.985  7.984 0.0000000000
109475  54.590  27.026  9.018 0.0000000000
109466  54.901  27.178  10.031 0.0000000000
108624  55.482  27.160  11.485 0.0000000000
108619  55.657  27.019  12.243 0.0000000000
114011  52.380  34.073  10.165 0.0000000000
138065  51.828  32.472  11.441 0.0000000000
111781  51.480  30.853  11.852 0.0000000000
111740  53.545  31.095  15.292 0.0000000000
111032  52.774  30.097  14.234 0.0000000000
110288  51.517  29.434  12.388 0.0000000000
109460  52.140  27.568  12.479 0.0000000000
108615  53.267  26.266  12.912 0.0000000000
107801  55.830  26.027  13.365 0.0000000000
106996  55.088  24.328  14.482 0.0000000000
106247  55.481  23.447  15.232 0.0000000000
106241  57.061  21.951  16.556 0.0000000000
106970  55.475  24.277  18.979 0.0000000000
105409  56.867  21.965  18.678 0.0000000000
158951  56.947  20.983  17.330 0.0000000000
104604  56.051  20.831  16.748 0.0000000000
115568  46.355  34.925  -2.368 0.0000000000
113371  46.437  31.935  -3.088 0.0000000000
111157  48.241  29.035  -3.925 0.0000000000
151131  46.717  31.336  2.997 0.0000000000
112630  45.526  31.640  0.361 0.0000000000
140377  47.638  30.364  -1.002 0.0000000000
111137  48.189  29.487  -2.247 0.0000000000
110460  49.966  28.314  -4.027 0.0000000000
110465  51.993  27.199  -3.428 0.0000000000
109598  51.738  26.621  -2.074 0.0000000000
155200  51.219  27.999  0.326 0.0000000000
110427  53.389  28.913  0.307 0.0000000000
110413  52.220  28.565  1.183 0.0000000000
110414  50.852  28.423  1.439 0.0000000000
110385  50.965  28.472  3.396 0.0000000000
110371  49.827  28.355  4.746 0.0000000000
109477  49.205  26.925  9.227 0.0000000000
152624  48.771  25.841  10.436 0.0000000000
107025  48.568  24.541  11.101 0.0000000000
107023  50.555  24.856  10.961 0.0000000000
107010  49.380  23.965  11.339 0.0000000000
106264  47.867  23.011  10.908 0.0000000000
105506  46.827  22.310  9.307 0.0000000000
104683  46.735  21.832  7.856 0.0000000000
105475  54.855  22.525  11.658 0.0000000000
104656  53.665  21.376  10.725 0.0000000000
103834  52.095  20.968  10.139 0.0000000000
148900  52.883  20.907  7.315 0.0000000000
103867  50.106  20.672  8.234 0.0000000000
101046  53.515  16.759  10.957 0.0000000000
101054  53.951  17.438  8.735 0.0000000000
156744  48.276  27.838  8.207 0.0000000000
110338  48.533  28.214  6.701 0.0000000000
110339  47.940  28.413  6.332 0.0000000000
110322  47.755  28.347  7.084 0.0000000000
101996  54.014  18.184  14.349 0.0000000000
114015  53.337  34.358  6.898 0.0000000000
114016  53.314  33.925  7.543 0.0000000000
141115  53.250  34.873  7.719 0.0000000000
114745  52.458  35.212  7.544 0.0000000000
114021  51.903  34.142  6.175 0.0000000000
114757  52.581  34.680  6.650 0.0000000000
114020  53.162  34.474  6.338 0.0000000000
107807  56.349  26.544  12.152 0.0000000000
107003  56.707  25.756  12.316 0.0000000000
108635  42.822  26.451  10.052 0.0000000000
157939  43.151  26.049  10.145 0.0000000000
106275  45.669  24.245  10.235 0.0000000000
105507  45.783  23.117  9.334 0.0000000000
106274  47.025  23.285  10.595 0.0000000000
109571  49.311  27.445  -0.230 0.0000000000
109572  48.246  27.293  -0.314 0.0000000000
159729  48.709  27.751  0.290 0.0000000000
109473  43.164  27.126  9.939 0.0000000000
109483  42.716  27.536  9.559 0.0000000000
108636  42.012  26.305  10.067 0.0000000000
113996  47.359  33.950  10.708 0.0000000000
113977  47.907  33.548  11.188 0.0000000000
140900  47.058  33.247  11.032 0.0000000000
113998  45.354  33.838  10.522 0.0000000000
114697  45.106  34.347  10.171 0.0000000000
144355  46.859  34.317  10.243 0.0000000000
104601  57.703  21.565  15.030 0.0000000000
143418  57.960  21.598  14.222 0.0000000000
103795  58.033  20.887  14.413 0.0000000000
102989  56.320  19.666  7.119 0.0000000000
109528  54.055  27.593  4.731 0.0000000000
109529  53.503  27.337  5.189 0.0000000000
109527  54.469  27.576  5.474 0.0000000000
111060  51.198  29.393  10.243 0.0000000000
110300  51.897  28.761  9.453 0.0000000000
110296  51.911  28.524  10.539 0.0000000000
110295  53.097  27.903  10.490 0.0000000000
112492  51.591  32.073  14.267 0.0000000000
112497  52.143  32.999  14.177 0.0000000000
112491  52.611  32.470  14.631 0.0000000000
109431  53.992  28.525  17.584 0.0000000000
109432  53.290  27.907  16.658 0.0000000000
108601  52.382  26.953  16.008 0.0000000000
106984  53.183  25.299  16.943 0.0000000000
107781  53.486  26.010  17.592 0.0000000000
106197  52.641  23.330  18.751 0.0000000000
116290  44.875  35.995  0.979 0.0000000000
116289  45.579  36.292  0.662 0.0000000000
115543  44.755  35.082  -0.257 0.0000000000
114082  45.197  33.367  -1.116 0.0000000000
114083  44.793  33.262  -0.355 0.0000000000
112562  44.641  32.048  5.166 0.0000000000
113319  43.811  32.313  4.652 0.0000000000
112625  51.208  30.728  0.926 0.0000000000
144412  50.253  30.920  1.387 0.0000000000
111851  50.612  30.595  0.418 0.0000000000
111862  51.023  30.238  -0.431 0.0000000000
159054  51.853  30.126  -0.477 0.0000000000
151482  52.793  29.462  -1.147 0.0000000000
111861  52.551  29.933  -0.491 0.0000000000
110366  54.415  28.435  3.896 0.0000000000
110382  53.850  28.542  3.448 0.0000000000
110367  54.244  27.984  4.051 0.0000000000
108642  53.231  26.118  8.501 0.0000000000
104640  50.463  21.945  11.187 0.0000000000
104659  50.255  21.414  10.586 0.0000000000
104660  49.401  21.398  10.278 0.0000000000
104671  50.033  21.026  9.773 0.0000000000
104680  56.162  21.823  8.457 0.0000000000
103850  54.721  21.288  8.947 0.0000000000
103863  55.333  21.531  8.032 0.0000000000
109480  45.133  28.197  9.693 0.0000000000
109470  45.771  27.652  10.029 0.0000000000
109469  46.455  27.099  10.214 0.0000000000
108647  47.267  26.613  10.262 0.0000000000
108630  48.104  26.184  10.367 0.0000000000
156952  49.307  28.546  3.519 0.0000000000
140167  48.198  28.504  2.570 0.0000000000
134227  48.032  28.609  4.139 0.0000000000
156075  46.713  28.499  5.831 0.0000000000
132995  46.739  28.467  4.964 0.0000000000
132635  46.025  28.567  8.399 0.0000000000
110311  45.356  28.736  8.234 0.0000000000
110301  45.307  28.576  8.955 0.0000000000
102909  56.072  19.878  15.181 0.0000000000
102920  56.961  20.129  14.667 0.0000000000
102937  56.255  19.723  14.225 0.0000000000
102001  54.360  18.397  11.746 0.0000000000
102942  55.002  19.046  11.866 0.0000000000
102000  54.781  18.799  10.779 0.0000000000
102009  55.047  18.745  9.554 0.0000000000
102003  54.246  17.845  9.955 0.0000000000
114840  46.914  34.472  -2.942 0.0000000000
114839  47.415  35.036  -3.155 0.0000000000
111805  54.070  30.710  5.824 0.0000000000
112537  52.575  32.038  7.985 0.0000000000
112538  51.775  31.306  8.528 0.0000000000
111791  51.204  30.777  9.234 0.0000000000
112536  51.511  31.790  9.436 0.0000000000
110237  50.999  28.926  16.429 0.0000000000
111000  51.963  29.958  16.693 0.0000000000
133118  51.671  29.109  17.107 0.0000000000
110215  52.759  28.390  20.369 0.0000000000
110214  53.566  28.999  19.461 0.0000000000
110213  54.071  29.144  19.200 0.0000000000
110206  53.849  28.592  20.317 0.0000000000
109411  54.438  27.542  20.151 0.0000000000
109399  54.018  28.014  20.874 0.0000000000
156722  53.117  26.330  22.212 0.0000000000
156111  52.178  25.703  20.578 0.0000000000
139539  52.737  25.028  20.081 0.0000000000
107752  51.408  25.918  20.711 0.0000000000
113285  48.370  32.811  6.489 0.0000000000
113302  48.921  32.221  5.865 0.0000000000
113301  49.907  32.508  5.621 0.0000000000
113299  51.833  33.100  5.115 0.0000000000
113317  51.250  32.633  4.556 0.0000000000
145152  51.113  32.373  3.978 0.0000000000
150206  51.058  31.917  3.417 0.0000000000
112582  52.095  31.848  3.246 0.0000000000
113325  52.639  32.534  3.726 0.0000000000
136823  53.886  32.569  5.411 0.0000000000
112568  54.022  32.039  4.170 0.0000000000
112556  54.176  31.651  5.092 0.0000000000
107838  54.893  26.076  10.249 0.0000000000
107812  54.191  25.177  10.563 0.0000000000
145093  53.783  24.073  11.444 0.0000000000
137018  52.733  22.781  11.652 0.0000000000
105511  42.633  22.512  9.432 0.0000000000
106286  42.865  23.292  9.533 0.0000000000
147569  45.025  26.157  10.511 0.0000000000
140712  44.943  25.384  10.398 0.0000000000
106284  44.511  23.607  9.470 0.0000000000
105509  44.288  22.939  9.086 0.0000000000
150960  43.909  21.760  8.639 0.0000000000
105515  44.811  22.543  8.635 0.0000000000
104685  45.298  22.123  8.199 0.0000000000
104697  45.733  21.743  7.618 0.0000000000
108773  50.615  26.417  -3.543 0.0000000000
108774  49.572  26.418  -3.410 0.0000000000
109590  46.717  26.627  -0.750 0.0000000000
108761  47.632  26.660  -1.858 0.0000000000
108745  46.171  26.494  -1.070 0.0000000000
108735  44.996  26.352  -0.428 0.0000000000
115437  51.898  35.836  9.692 0.0000000000
115430  50.511  35.091  10.363 0.0000000000
113976  49.985  34.090  11.937 0.0000000000
157568  50.486  32.585  13.175 0.0000000000
111745  48.933  30.139  14.061 0.0000000000
110249  49.432  28.490  15.658 0.0000000000
116906  40.573  37.838  3.631 0.0000000000
116900  40.193  37.398  4.126 0.0000000000
115484  41.329  35.450  5.494 0.0000000000
114038  43.103  33.698  5.358 0.0000000000
159378  45.270  34.561  8.107 0.0000000000
114751  45.435  34.401  7.642 0.0000000000
114027  45.325  33.697  6.783 0.0000000000
114017  46.083  34.079  7.313 0.0000000000
114026  46.801  33.452  7.004 0.0000000000
114762  47.246  34.029  7.391 0.0000000000
115440  49.192  34.809  9.323 0.0000000000
115475  49.167  34.754  7.997 0.0000000000
115474  50.084  34.958  8.168 0.0000000000
115473  51.033  35.165  8.053 0.0000000000
148138  57.313  24.855  12.974 0.0000000000
106250  57.399  24.186  13.279 0.0000000000
104632  58.597  22.186  11.438 0.0000000000
152748  58.185  23.167  11.300 0.0000000000
104653  57.677  22.405  9.535 0.0000000000
137715  58.253  22.355  9.274 0.0000000000
102940  56.915  20.110  12.561 0.0000000000
103817  57.864  20.456  11.353 0.0000000000
102976  57.647  20.933  7.388 0.0000000000
103861  58.162  21.597  8.088 0.0000000000
155583  58.033  21.908  7.469 0.0000000000
136424  57.774  22.127  7.317 0.0000000000
104703  56.444  21.905  5.922 0.0000000000
104702  56.710  21.707  5.851 0.0000000000
109517  50.732  27.669  6.651 0.0000000000
108689  53.803  26.630  6.348 0.0000000000
108675  52.594  26.748  6.948 0.0000000000
145253  53.373  26.543  6.800 0.0000000000
108674  53.170  26.422  7.324 0.0000000000
108672  54.071  26.626  7.423 0.0000000000
111066  54.256  29.016  6.557 0.0000000000
110298  53.721  27.964  9.171 0.0000000000
110306  54.229  27.517  8.628 0.0000000000
108656  54.202  26.613  8.382 0.0000000000
108640  54.596  26.546  9.566 0.0000000000
109464  54.563  27.541  11.087 0.0000000000
108625  54.669  27.136  11.809 0.0000000000
114691  52.305  35.344  11.373 0.0000000000
113993  52.677  35.050  10.457 0.0000000000
113994  52.411  34.489  11.309 0.0000000000
112507  52.655  32.611  13.295 0.0000000000
112508  52.367  32.665  12.436 0.0000000000
111769  52.239  31.692  12.618 0.0000000000
112524  51.788  31.783  11.862 0.0000000000
111727  53.188  31.079  16.781 0.0000000000
111734  53.165  31.394  16.055 0.0000000000
111733  53.755  30.765  16.037 0.0000000000
110265  52.470  28.522  14.953 0.0000000000
145484  53.030  29.682  14.915 0.0000000000
110280  52.155  28.917  14.115 0.0000000000
111033  51.905  29.459  13.266 0.0000000000
109461  51.750  28.230  13.306 0.0000000000
110287  51.622  28.442  12.320 0.0000000000
108610  52.120  25.967  14.414 0.0000000000
108616  52.315  26.414  13.545 0.0000000000
107803  52.871  25.637  13.716 0.0000000000
107802  54.333  25.854  13.262 0.0000000000
107000  54.786  25.130  13.867 0.0000000000
106997  53.895  24.545  14.621 0.0000000000
106220  54.384  23.761  16.495 0.0000000000
106991  54.433  23.824  15.379 0.0000000000
106242  55.382  23.181  16.299 0.0000000000
152251  56.204  22.633  16.154 0.0000000000
107769  54.828  25.603  19.867 0.0000000000
107779  54.908  25.215  19.173 0.0000000000
106954  55.329  24.433  19.793 0.0000000000
105411  55.766  21.794  19.178 0.0000000000
105403  55.934  22.575  19.704 0.0000000000
105410  56.509  21.984  19.219 0.0000000000
105421  57.025  21.420  17.858 0.0000000000
104592  56.524  21.104  17.871 0.0000000000
104603  56.801  20.724  16.495 0.0000000000
116940  46.955  36.841  1.087 0.0000000000
151536  47.780  37.614  2.264 0.0000000000
116939  48.142  36.956  1.020 0.0000000000
116316  46.102  36.094  -1.231 0.0000000000
112658  46.200  31.485  -2.177 0.0000000000
113372  45.925  32.370  -2.256 0.0000000000
112657  46.512  30.893  -2.818 0.0000000000
111888  46.901  30.232  -3.411 0.0000000000
111883  46.864  30.222  -2.582 0.0000000000
112585  48.054  31.504  3.681 0.0000000000
112586  46.974  31.440  3.769 0.0000000000
142748  48.432  31.381  2.887 0.0000000000
112627  48.549  31.007  0.747 0.0000000000
112614  47.469  31.278  1.619 0.0000000000
112628  47.535  31.147  0.833 0.0000000000
112637  47.246  31.058  0.100 0.0000000000
112638  46.704  31.120  -0.449 0.0000000000
111864  47.455  30.778  -0.449 0.0000000000
111135  50.402  29.244  -2.007 0.0000000000
111136  49.208  29.328  -2.127 0.0000000000
111146  50.072  28.754  -2.952 0.0000000000
110459  50.964  28.075  -3.724 0.0000000000
110466  51.298  27.276  -3.975 0.0000000000
110458  51.853  27.919  -3.316 0.0000000000
110447  53.254  28.130  -1.539 0.0000000000
109597  52.498  26.959  -2.142 0.0000000000
109585  52.288  27.116  -1.443 0.0000000000
109586  51.192  27.008  -1.265 0.0000000000
109569  51.784  27.518  -0.595 0.0000000000
112595  53.711  30.704  1.994 0.0000000000
111841  53.366  30.123  0.737 0.0000000000
157595  53.609  29.650  1.144 0.0000000000
110399  52.670  28.721  2.292 0.0000000000
110412  53.086  28.834  1.162 0.0000000000
157582  51.661  28.300  0.751 0.0000000000
150193  50.615  28.593  2.546 0.0000000000
110352  51.591  28.079  4.960 0.0000000000
110370  50.773  28.300  4.404 0.0000000000
110353  50.560  28.190  5.304 0.0000000000
110354  49.614  28.301  5.583 0.0000000000
109488  50.199  27.235  8.076 0.0000000000
109489  49.487  27.305  8.414 0.0000000000
108661  50.184  26.806  8.784 0.0000000000
108628  50.353  25.893  9.872 0.0000000000
108645  49.768  26.351  9.545 0.0000000000
108629  49.489  25.858  10.190 0.0000000000
107817  49.129  25.329  10.735 0.0000000000
107021  52.773  24.839  10.703 0.0000000000
107022  51.605  24.760  10.900 0.0000000000
107009  50.849  24.205  11.326 0.0000000000
106263  49.281  23.131  11.344 0.0000000000
107011  48.564  23.566  11.227 0.0000000000
155049  48.600  22.851  11.122 0.0000000000
105496  47.279  22.522  10.226 0.0000000000
105495  48.244  22.222  10.608 0.0000000000
104682  47.930  21.382  8.320 0.0000000000
133152  47.257  21.763  8.624 0.0000000000
104695  47.088  21.599  7.118 0.0000000000
148793  56.900  23.465  11.825 0.0000000000
105465  55.716  23.336  11.852 0.0000000000
157494  55.093  22.133  11.394 0.0000000000
103832  54.163  21.149  9.935 0.0000000000
103833  53.093  20.986  10.091 0.0000000000
104657  52.629  21.363  10.777 0.0000000000
103852  52.593  20.817  9.370 0.0000000000
104706  53.042  21.063  6.058 0.0000000000
103898  52.151  21.103  5.615 0.0000000000
110310  46.846  28.213  8.588 0.0000000000
109492  46.838  27.838  9.289 0.0000000000
109491  47.657  27.696  8.895 0.0000000000
150549  49.085  28.444  5.058 0.0000000000
110372  48.329  28.531  4.931 0.0000000000
110356  47.575  28.468  5.584 0.0000000000
110323  46.776  28.523  7.533 0.0000000000
102938  55.364  19.388  14.422 0.0000000000
101995  54.692  18.701  14.040 0.0000000000
101042  53.781  17.667  12.158 0.0000000000
113283  53.798  32.989  6.016 0.0000000000
112540  53.551  32.335  6.639 0.0000000000
113276  52.802  33.257  8.191 0.0000000000
113273  52.596  33.701  9.142 0.0000000000
109414  50.693  27.568  18.792 0.0000000000
109424  51.301  27.997  18.247 0.0000000000
109400  52.908  28.268  21.916 0.0000000000
114022  50.853  33.920  6.434 0.0000000000
114036  50.415  33.213  6.042 0.0000000000
114035  51.384  33.517  5.722 0.0000000000
149573  52.541  33.249  4.921 0.0000000000
113315  53.114  33.134  4.347 0.0000000000
113298  52.958  33.499  5.119 0.0000000000
113297  53.473  33.318  5.290 0.0000000000
107810  55.918  26.714  11.553 0.0000000000
106258  54.651  24.052  11.611 0.0000000000
107027  45.662  24.967  10.509 0.0000000000
106283  45.322  23.691  9.689 0.0000000000
153134  46.194  22.651  9.046 0.0000000000
109599  50.616  26.527  -1.948 0.0000000000
108760  48.856  26.508  -2.297 0.0000000000
109588  48.730  26.847  -0.997 0.0000000000
109589  47.669  26.736  -0.882 0.0000000000
109574  46.447  26.950  -0.080 0.0000000000
109493  42.332  27.951  9.043 0.0000000000
137049  41.864  27.436  9.407 0.0000000000
108649  41.463  26.839  9.738 0.0000000000
139602  48.477  34.649  9.765 0.0000000000
114693  50.051  34.740  10.811 0.0000000000
114694  48.917  34.468  10.444 0.0000000000
142879  48.916  33.693  11.372 0.0000000000
114000  43.658  34.170  10.532 0.0000000000
114718  44.034  34.562  9.341 0.0000000000
114717  44.876  34.503  9.467 0.0000000000
114716  45.723  34.482  9.570 0.0000000000
114735  46.476  34.534  8.821 0.0000000000
114734  47.534  34.579  8.452 0.0000000000
114715  47.397  34.544  9.476 0.0000000000
114714  48.333  34.692  8.938 0.0000000000
106244  57.363  23.282  13.778 0.0000000000
106249  57.849  23.517  13.110 0.0000000000
105455  57.650  22.484  13.932 0.0000000000
103829  58.682  21.605  11.151 0.0000000000
102950  57.383  20.374  9.483 0.0000000000
102977  56.334  19.723  8.013 0.0000000000
102988  57.173  20.709  6.512 0.0000000000
109530  52.550  27.513  5.290 0.0000000000
108691  52.453  27.147  6.199 0.0000000000
109514  54.290  26.967  6.178 0.0000000000
111063  52.493  29.657  7.810 0.0000000000
110307  52.891  28.782  7.992 0.0000000000
150592  52.744  28.463  8.804 0.0000000000
109467  53.980  27.855  10.016 0.0000000000
109465  53.302  27.707  11.091 0.0000000000
152085  52.430  27.707  11.682 0.0000000000
113966  52.039  34.763  12.914 0.0000000000
157062  52.502  34.022  12.711 0.0000000000
113963  52.189  34.028  13.562 0.0000000000
113236  52.511  33.295  13.631 0.0000000000
112496  52.914  32.366  14.150 0.0000000000
138585  54.091  29.980  17.543 0.0000000000
110246  53.908  30.228  16.226 0.0000000000
145257  53.785  28.941  16.680 0.0000000000
108602  51.975  27.429  15.060 0.0000000000
107793  52.194  25.866  15.493 0.0000000000
107798  52.761  25.076  14.783 0.0000000000
106992  52.717  25.099  16.075 0.0000000000
106983  53.606  24.537  16.797 0.0000000000
106982  54.915  24.029  17.738 0.0000000000
106940  54.615  24.370  20.301 0.0000000000
106177  55.354  23.629  20.085 0.0000000000
106178  54.563  23.530  20.106 0.0000000000
105404  55.213  22.431  19.615 0.0000000000
116927  46.224  37.089  1.668 0.0000000000
116275  46.104  36.656  1.089 0.0000000000
116303  45.798  36.227  -0.258 0.0000000000
115553  45.778  35.404  -1.639 0.0000000000
114822  45.164  34.871  -1.115 0.0000000000
112650  45.812  31.861  -1.614 0.0000000000
114783  42.433  34.417  3.454 0.0000000000
113327  43.381  32.689  3.595 0.0000000000
112588  43.938  32.016  3.583 0.0000000000
147475  49.382  31.404  2.781 0.0000000000
112600  48.776  31.270  2.132 0.0000000000
112612  49.589  31.181  2.042 0.0000000000
111852  48.882  30.658  0.072 0.0000000000
143078  49.202  30.218  -0.570 0.0000000000
159068  50.120  29.995  -0.610 0.0000000000
111123  50.803  29.736  -1.184 0.0000000000
111134  51.570  29.254  -1.896 0.0000000000
111144  52.220  28.563  -2.490 0.0000000000
111133  52.550  29.144  -1.742 0.0000000000
111132  53.178  28.887  -1.434 0.0000000000
110446  53.391  28.630  -0.973 0.0000000000
150774  54.153  29.781  2.640 0.0000000000
111099  53.772  29.615  1.843 0.0000000000
138169  53.836  29.196  2.759 0.0000000000
110384  52.168  28.502  3.255 0.0000000000
110369  52.792  27.893  3.852 0.0000000000
156011  52.405  27.811  4.518 0.0000000000
108659  51.878  26.536  8.117 0.0000000000
133222  51.173  26.477  8.760 0.0000000000
107842  51.253  26.052  9.447 0.0000000000
107815  51.148  25.453  10.235 0.0000000000
106261  51.157  23.429  11.514 0.0000000000
105478  50.762  22.607  11.447 0.0000000000
105479  49.899  22.555  11.320 0.0000000000
105494  48.965  21.842  10.654 0.0000000000
133836  48.523  21.518  10.029 0.0000000000
104681  48.525  21.143  8.555 0.0000000000
136435  55.500  21.955  11.037 0.0000000000
104670  55.446  21.539  9.589 0.0000000000
103851  53.567  20.944  9.250 0.0000000000
109472  43.997  27.354  10.116 0.0000000000
108633  44.568  26.746  10.393 0.0000000000
107819  46.478  25.369  10.695 0.0000000000
107818  47.356  24.774  10.903 0.0000000000
110402  48.867  28.400  1.911 0.0000000000
110416  48.706  28.199  0.961 0.0000000000
110403  47.290  28.444  2.372 0.0000000000
133786  47.146  28.476  4.116 0.0000000000
110325  44.953  28.834  7.650 0.0000000000
110312  44.699  28.739  8.451 0.0000000000
110303  43.692  28.294  9.292 0.0000000000
109481  44.269  28.034  9.805 0.0000000000
152443  42.997  34.309  10.451 0.0000000000
113980  43.772  33.494  10.901 0.0000000000
113979  44.679  33.239  10.859 0.0000000000
103796  57.597  20.549  15.195 0.0000000000
103809  57.687  20.442  14.234 0.0000000000
102936  57.104  20.191  13.650 0.0000000000
154296  56.687  19.977  11.673 0.0000000000
102941  55.487  19.306  13.682 0.0000000000
149116  55.781  19.540  12.517 0.0000000000
102951  55.926  19.641  10.116 0.0000000000
102017  55.223  18.706  8.548 0.0000000000
111082  54.663  29.121  4.968 0.0000000000
141223  54.682  28.380  5.588 0.0000000000
132807  54.531  29.416  5.866 0.0000000000
154345  53.817  29.908  6.479 0.0000000000
111796  53.147  30.311  7.173 0.0000000000
112541  53.111  31.556  7.257 0.0000000000
111793  51.710  30.182  8.421 0.0000000000
111062  51.338  29.725  9.269 0.0000000000
111004  51.331  30.352  15.579 0.0000000000
111735  52.248  31.134  15.656 0.0000000000
132993  51.838  30.415  16.073 0.0000000000
110989  53.367  30.316  17.728 0.0000000000
110227  52.030  28.866  17.852 0.0000000000
110226  53.115  29.646  18.372 0.0000000000
110988  53.789  30.292  17.531 0.0000000000
110225  54.151  29.429  18.196 0.0000000000
109423  54.281  28.471  18.756 0.0000000000
156236  53.989  27.799  18.041 0.0000000000
108591  54.085  26.980  18.527 0.0000000000
143480  54.417  27.709  19.367 0.0000000000
108586  54.472  26.587  20.324 0.0000000000
107749  54.453  25.735  20.463 0.0000000000
108574  53.885  26.528  22.135 0.0000000000
106932  53.739  25.293  20.597 0.0000000000
106179  53.662  24.249  20.023 0.0000000000
106955  52.359  24.111  19.255 0.0000000000
115533  44.531  35.309  0.625 0.0000000000
113304  46.908  32.117  6.069 0.0000000000
112573  46.677  31.496  4.783 0.0000000000
112559  47.329  31.655  5.419 0.0000000000
112558  48.337  31.733  5.271 0.0000000000
112571  48.697  31.657  4.393 0.0000000000
113318  50.294  32.321  4.842 0.0000000000
112583  50.009  31.732  3.446 0.0000000000
112611  51.290  31.070  1.701 0.0000000000
150337  52.077  31.107  1.842 0.0000000000
112624  52.103  30.668  1.023 0.0000000000
112610  52.757  30.913  1.564 0.0000000000
112596  53.218  31.213  2.127 0.0000000000
141020  53.642  31.417  2.745 0.0000000000
113324  53.458  32.274  3.584 0.0000000000
112580  54.072  31.289  3.461 0.0000000000
111825  54.079  30.616  2.663 0.0000000000
137124  54.376  30.048  3.534 0.0000000000
150474  54.503  29.829  4.413 0.0000000000
107813  53.267  25.294  10.054 0.0000000000
107007  52.312  24.277  11.216 0.0000000000
106260  52.026  23.530  11.510 0.0000000000
104639  51.266  21.941  11.283 0.0000000000
104658  51.680  21.392  10.819 0.0000000000
104704  55.392  21.693  6.242 0.0000000000
103885  54.322  21.312  6.701 0.0000000000
104705  54.193  21.354  5.887 0.0000000000
104674  42.336  21.752  9.384 0.0000000000
107046  43.891  24.236  9.706 0.0000000000
105517  43.252  21.929  9.050 0.0000000000
103880  45.434  21.121  7.311 0.0000000000
108776  47.091  26.854  -2.240 0.0000000000
110431  47.945  27.788  0.414 0.0000000000
109559  47.055  27.677  0.586 0.0000000000
115471  52.724  35.667  8.372 0.0000000000
114732  53.105  35.321  8.670 0.0000000000
115453  52.647  35.834  9.199 0.0000000000
115428  52.159  35.853  10.701 0.0000000000
115423  51.931  35.645  11.514 0.0000000000
114682  50.584  34.797  11.708 0.0000000000
113975  51.100  34.610  12.586 0.0000000000
113967  51.528  34.184  13.323 0.0000000000
112498  51.094  32.578  13.668 0.0000000000
111015  50.398  30.427  14.706 0.0000000000
111005  50.487  29.866  15.241 0.0000000000
110238  50.072  28.248  16.323 0.0000000000
109433  49.758  27.649  17.009 0.0000000000
116251  41.308  36.386  3.433 0.0000000000
116242  40.535  36.693  4.495 0.0000000000
135203  41.400  35.437  4.564 0.0000000000
114784  41.872  34.810  4.071 0.0000000000
114049  42.576  34.099  4.528 0.0000000000
113307  43.522  32.975  5.295 0.0000000000
138093  45.091  32.397  5.835 0.0000000000
134149  43.840  34.614  8.596 0.0000000000
114028  44.501  33.969  6.638 0.0000000000
114037  44.720  33.234  6.248 0.0000000000
113305  46.012  32.215  5.979 0.0000000000
113286  47.349  32.773  6.555 0.0000000000
114025  47.772  33.539  6.930 0.0000000000
114024  48.796  33.571  6.885 0.0000000000
114749  47.811  34.419  7.750 0.0000000000
114748  48.720  34.466  7.656 0.0000000000
114760  49.210  34.152  7.217 0.0000000000
114746  50.610  34.805  7.595 0.0000000000
152919  51.478  35.050  7.685 0.0000000000
107800  56.624  25.939  13.212 0.0000000000
153464  56.674  24.967  12.101 0.0000000000
132296  57.151  24.826  12.604 0.0000000000
106251  58.063  23.531  12.468 0.0000000000
105473  57.670  23.173  11.291 0.0000000000
104635  57.098  22.368  10.712 0.0000000000
104669  56.966  22.067  9.031 0.0000000000
103862  56.734  22.078  7.311 0.0000000000
103812  58.286  20.875  12.566 0.0000000000
103816  58.442  20.897  11.630 0.0000000000
103830  58.665  21.354  10.547 0.0000000000
103849  58.395  21.160  8.961 0.0000000000
103848  58.584  21.707  9.497 0.0000000000
104679  57.583  22.283  7.985 0.0000000000
104692  56.359  22.004  6.562 0.0000000000
110337  49.345  28.139  6.397 0.0000000000
110320  49.136  27.856  7.152 0.0000000000
109518  49.927  27.723  6.894 0.0000000000
109503  50.676  27.395  7.408 0.0000000000
108676  51.689  26.931  7.513 0.0000000000
108658  52.806  26.322  7.996 0.0000000000
110335  54.551  27.726  6.218 0.0000000000
109501  54.330  27.113  6.975 0.0000000000
156629  53.692  28.391  7.628 0.0000000000
110319  54.175  27.680  7.713 0.0000000000
108641  53.960  26.099  8.789 0.0000000000
108627  55.301  26.801  10.693 0.0000000000
149139  54.651  27.538  10.385 0.0000000000
109463  55.095  27.339  10.755 0.0000000000
108623  56.122  27.052  12.026 0.0000000000
108618  56.241  26.773  12.549 0.0000000000
114010  53.017  34.803  9.460 0.0000000000
113274  51.850  32.942  9.766 0.0000000000
113253  52.349  33.663  12.101 0.0000000000
113271  51.983  33.324  10.840 0.0000000000
141476  51.537  32.139  10.388 0.0000000000
112535  51.226  31.274  10.943 0.0000000000
132505  50.969  30.165  11.062 0.0000000000
111057  51.311  29.852  11.837 0.0000000000
112485  52.946  32.001  15.308 0.0000000000
111741  53.280  31.718  14.764 0.0000000000
150329  53.105  31.586  14.216 0.0000000000
111003  53.638  30.357  15.540 0.0000000000
132249  53.322  31.045  14.518 0.0000000000
111753  52.685  30.764  13.755 0.0000000000
140995  51.895  30.500  12.747 0.0000000000
110292  51.417  28.907  11.630 0.0000000000
109457  51.932  27.260  13.415 0.0000000000
108621  52.649  26.879  12.700 0.0000000000
108620  53.622  26.813  12.287 0.0000000000
142777  54.547  26.608  12.518 0.0000000000
108614  55.678  26.591  12.893 0.0000000000
108613  56.340  26.475  13.025 0.0000000000
106999  56.058  25.211  13.784 0.0000000000
106995  56.154  24.091  14.304 0.0000000000
106246  56.380  22.933  15.220 0.0000000000
106240  56.984  22.456  15.320 0.0000000000
105440  57.412  21.626  15.830 0.0000000000
107780  54.204  25.849  18.527 0.0000000000
106184  55.864  23.365  19.503 0.0000000000
106196  56.073  23.372  18.663 0.0000000000
106195  56.539  22.694  18.378 0.0000000000
106218  56.701  22.401  17.514 0.0000000000
105441  57.266  21.099  16.740 0.0000000000
103786  57.229  20.673  15.971 0.0000000000
103787  56.391  20.287  15.667 0.0000000000
103788  55.671  20.432  15.840 0.0000000000
102910  55.458  19.891  15.259 0.0000000000
114100  46.661  33.605  -3.138 0.0000000000
114832  45.654  34.590  -1.880 0.0000000000
114841  46.217  34.089  -2.509 0.0000000000
150250  46.443  32.807  -2.950 0.0000000000
112662  46.603  31.079  -3.717 0.0000000000
111887  47.530  29.578  -4.101 0.0000000000
111156  49.118  28.477  -4.454 0.0000000000
146000  44.156  34.065  1.023 0.0000000000
114073  44.447  33.474  0.432 0.0000000000
137841  45.968  31.590  4.097 0.0000000000
152324  46.214  31.444  3.366 0.0000000000
112601  47.894  31.330  2.215 0.0000000000
112631  44.913  32.019  0.403 0.0000000000
113349  44.749  32.635  0.075 0.0000000000
113348  45.293  32.082  -0.346 0.0000000000
112649  46.227  31.333  -1.262 0.0000000000
111874  47.320  30.017  -1.845 0.0000000000
111873  48.434  29.896  -1.298 0.0000000000
111147  48.844  28.973  -3.203 0.0000000000
110468  49.845  27.689  -4.908 0.0000000000
110467  50.592  27.425  -4.496 0.0000000000
108772  51.348  26.589  -3.474 0.0000000000
110457  52.504  27.750  -2.765 0.0000000000
108757  51.928  26.668  -2.793 0.0000000000
108758  51.150  26.387  -2.764 0.0000000000
109570  50.480  27.555  -0.293 0.0000000000
110429  50.200  28.051  0.589 0.0000000000
111113  53.154  29.842  0.015 0.0000000000
111112  53.392  29.115  -0.318 0.0000000000
110439  53.335  28.508  -0.443 0.0000000000
110411  53.443  29.262  1.148 0.0000000000
110428  53.006  28.467  0.237 0.0000000000
153857  52.330  28.091  0.040 0.0000000000
110415  49.618  28.311  1.279 0.0000000000
110401  49.814  28.486  2.214 0.0000000000
110386  49.948  28.585  3.094 0.0000000000
136716  49.959  28.412  3.905 0.0000000000
109505  48.962  27.718  7.947 0.0000000000
136317  48.910  26.362  9.929 0.0000000000
149023  48.210  25.412  10.759 0.0000000000
106265  47.697  23.853  11.056 0.0000000000
151911  50.113  24.285  11.304 0.0000000000
107024  49.632  24.775  11.072 0.0000000000
105514  46.406  22.224  8.520 0.0000000000
104661  47.638  21.858  9.707 0.0000000000
104696  46.415  21.679  7.397 0.0000000000
106254  55.656  24.136  11.880 0.0000000000
105466  54.613  23.313  11.760 0.0000000000
104636  54.380  21.878  11.263 0.0000000000
104637  53.211  21.869  11.315 0.0000000000
103835  51.034  21.015  10.148 0.0000000000
103876  53.741  21.101  7.381 0.0000000000
137446  52.984  20.898  8.003 0.0000000000
103888  51.328  20.872  6.267 0.0000000000
134977  52.157  20.766  7.685 0.0000000000
103865  52.258  20.749  8.564 0.0000000000
103853  51.637  20.769  9.292 0.0000000000
103854  50.646  20.786  9.125 0.0000000000
103855  49.811  20.872  8.972 0.0000000000
103868  49.186  20.859  8.352 0.0000000000
101045  53.764  17.127  10.203 0.0000000000
101049  53.479  16.661  9.989 0.0000000000
101048  53.840  17.196  9.476 0.0000000000
102921  56.166  19.766  14.843 0.0000000000
103811  58.540  21.419  11.805 0.0000000000
103874  57.643  21.721  6.941 0.0000000000
103887  52.311  20.891  6.707 0.0000000000
104583  56.614  21.589  18.677 0.0000000000
104616  57.903  20.998  15.076 0.0000000000
104627  58.182  21.508  13.566 0.0000000000
104633  58.570  22.224  10.723 0.0000000000
104678  58.060  22.168  7.954 0.0000000000
105402  56.416  22.503  19.128 0.0000000000
105461  58.175  22.581  13.041 0.0000000000
105472  58.359  22.750  11.109 0.0000000000
105476  53.840  22.572  11.638 0.0000000000
106252  57.577  24.153  12.718 0.0000000000
107002  57.026  25.566  12.897 0.0000000000
107733  53.939  25.943  21.067 0.0000000000
107734  53.595  26.188  21.842 0.0000000000
107750  54.383  25.188  20.464 0.0000000000
108573  54.140  26.566  21.231 0.0000000000
108575  53.257  26.855  22.713 0.0000000000
108587  54.519  26.770  19.577 0.0000000000
108673  53.715  26.497  7.032 0.0000000000
108690  53.198  26.715  6.421 0.0000000000
108744  47.088  26.618  -1.262 0.0000000000
108775  48.356  26.625  -2.745 0.0000000000
109413  51.620  27.865  19.498 0.0000000000
109425  50.275  27.553  17.881 0.0000000000
109482  43.487  27.771  9.719 0.0000000000
109584  52.970  27.477  -1.519 0.0000000000
109596  52.900  27.576  -2.182 0.0000000000
109600  49.359  26.569  -1.772 0.0000000000
109609  52.434  27.055  -2.834 0.0000000000
110236  54.115  29.836  16.763 0.0000000000
110248  50.293  28.998  15.739 0.0000000000
110368  53.679  27.821  3.891 0.0000000000
110387  48.537  28.578  3.443 0.0000000000
110440  53.320  27.993  -0.986 0.0000000000
110999  52.897  30.698  17.207 0.0000000000
111006  49.608  29.222  15.179 0.0000000000
111014  53.390  30.532  14.892 0.0000000000
111087  54.608  28.996  4.094 0.0000000000
111105  53.431  29.578  0.554 0.0000000000
111148  47.594  29.586  -2.994 0.0000000000
111722  53.509  30.749  17.160 0.0000000000
111726  53.570  31.012  16.475 0.0000000000
111742  52.028  31.689  14.923 0.0000000000
111789  51.091  31.271  9.997 0.0000000000
111840  53.673  30.082  1.305 0.0000000000
111863  48.258  30.492  -0.488 0.0000000000
112484  53.499  31.203  15.840 0.0000000000
112560  46.507  31.754  5.509 0.0000000000
112570  49.659  31.909  4.233 0.0000000000
112587  45.410  31.546  3.355 0.0000000000
112597  52.506  31.413  2.385 0.0000000000
112623  53.012  30.473  0.753 0.0000000000
112639  45.940  31.529  -0.393 0.0000000000
113232  52.581  32.762  14.152 0.0000000000
113237  52.281  33.428  13.884 0.0000000000
113243  50.929  33.336  13.328 0.0000000000
113284  49.421  32.912  6.349 0.0000000000
113287  46.438  32.809  6.524 0.0000000000
113288  45.590  32.956  6.409 0.0000000000
113306  44.189  32.666  5.579 0.0000000000
113326  51.724  32.447  3.868 0.0000000000
113359  45.070  32.741  -0.599 0.0000000000
113962  52.407  34.097  13.086 0.0000000000
113974  52.288  34.611  12.352 0.0000000000
113995  48.355  34.091  10.843 0.0000000000
114019  53.425  33.827  6.118 0.0000000000
114033  53.092  33.990  5.631 0.0000000000
114034  52.394  33.724  5.484 0.0000000000
114039  42.637  34.264  5.443 0.0000000000
114054  42.880  33.615  3.625 0.0000000000
114101  46.056  33.273  -2.499 0.0000000000
114681  51.599  35.228  12.148 0.0000000000
114690  52.530  35.561  10.486 0.0000000000
114696  45.968  34.249  10.199 0.0000000000
114698  44.270  34.457  10.094 0.0000000000
114699  43.458  34.540  9.999 0.0000000000
114736  45.486  34.532  8.752 0.0000000000
114744  53.168  34.976  7.123 0.0000000000
114750  46.841  34.461  7.864 0.0000000000
114759  50.221  34.328  7.083 0.0000000000
114763  45.069  34.165  7.212 0.0000000000
114792  42.865  34.104  2.844 0.0000000000
114800  44.104  34.812  1.130 0.0000000000
114823  44.793  34.133  -0.490 0.0000000000
115427  52.412  35.774  9.963 0.0000000000
115429  51.506  35.607  10.602 0.0000000000
115431  49.484  34.762  10.052 0.0000000000
115438  50.866  35.309  9.675 0.0000000000
115454  52.128  35.778  8.821 0.0000000000
115456  50.059  34.953  8.984 0.0000000000
115457  49.168  34.810  8.558 0.0000000000
115472  51.878  35.480  8.177 0.0000000000
115487  40.969  36.076  4.970 0.0000000000
115493  41.502  35.604  3.661 0.0000000000
115532  45.071  35.798  0.157 0.0000000000
115552  46.686  35.649  -1.985 0.0000000000
115566  48.070  35.606  -2.886 0.0000000000
115567  47.267  35.207  -2.690 0.0000000000
116241  40.967  36.134  4.067 0.0000000000
116287  47.475  36.707  0.261 0.0000000000
116288  46.414  36.535  0.425 0.0000000000
117494  39.560  38.586  5.160 0.0000000000
117505  40.127  38.647  3.754 0.0000000000
132559  51.203  30.746  15.077 0.0000000000
133531  43.319  34.741  8.115 0.0000000000
137499  58.169  20.893  13.507 0.0000000000
138264  52.594  30.319  0.226 0.0000000000
138292  46.354  32.932  10.947 0.0000000000
140820  47.496  31.344  2.965 0.0000000000
141230  49.883  30.389  -0.050 0.0000000000
142846  53.224  31.627  15.372 0.0000000000
144411  49.148  31.090  1.402 0.0000000000
145148  53.526  28.161  21.613 0.0000000000
145528  45.558  33.048  -1.873 0.0000000000
145622  46.922  30.714  -1.145 0.0000000000
145928  45.253  34.181  -1.312 0.0000000000
148524  46.458  27.653  9.760 0.0000000000
149054  58.108  22.553  9.951 0.0000000000
150125  42.947  33.804  10.839 0.0000000000
150795  51.878  26.573  15.040 0.0000000000
152402  39.993  38.081  3.968 0.0000000000
152736  48.397  33.074  11.554 0.0000000000
154166  49.821  27.742  0.185 0.0000000000
154569  45.699  31.826  -0.982 0.0000000000
155532  57.841  20.510  13.360 0.0000000000
156423  53.088  28.091  -0.463 0.0000000000
156771  43.659  32.230  3.130 0.0000000000
157729  51.887  26.794  -3.329 0.0000000000
157822  47.004  28.493  2.896 0.0000000000
158704  53.625  32.727  4.098 0.0000000000
