#!ascii label  , from subject sub125 vox2ras=TkReg
1066
50850  33.903  -30.303  32.445 0.0000000000
71806  49.004  -10.855  17.683 0.0000000000
147453  39.915  -19.743  23.985 0.0000000000
143038  14.113  -32.143  45.780 0.0000000000
56745  25.948  -25.582  37.315 0.0000000000
67394  39.909  -15.307  23.470 0.0000000000
48654  20.467  -32.538  41.253 0.0000000000
48590  18.319  -32.967  44.447 0.0000000000
48689  24.088  -32.760  39.065 0.0000000000
73875  53.587  -9.610  17.296 0.0000000000
55717  34.165  -25.662  31.379 0.0000000000
58959  37.769  -24.037  28.989 0.0000000000
53205  39.681  -28.734  32.055 0.0000000000
77056  51.848  -6.008  15.792 0.0000000000
76019  56.260  -7.283  12.349 0.0000000000
73837  45.207  -9.712  20.235 0.0000000000
158675  47.531  -13.947  21.294 0.0000000000
68389  43.086  -14.795  20.620 0.0000000000
64489  44.628  -19.060  24.241 0.0000000000
154882  32.456  -32.311  36.289 0.0000000000
44363  12.921  -36.708  48.393 0.0000000000
44336  9.591  -36.069  50.442 0.0000000000
46409  6.961  -34.475  53.349 0.0000000000
53183  29.068  -28.353  34.069 0.0000000000
50757  28.044  -31.356  37.690 0.0000000000
63396  34.126  -19.817  27.700 0.0000000000
62180  40.467  -22.143  28.722 0.0000000000
82354  54.777  -1.902  12.110 0.0000000000
72863  51.205  -10.551  17.656 0.0000000000
132558  50.818  -12.068  19.730 0.0000000000
53233  34.473  -27.988  30.314 0.0000000000
54526  37.036  -27.809  30.125 0.0000000000
50847  36.461  -29.970  32.282 0.0000000000
74925  48.305  -8.502  18.311 0.0000000000
77032  50.581  -6.802  18.236 0.0000000000
75984  49.972  -8.089  17.033 0.0000000000
74951  52.271  -8.223  15.350 0.0000000000
41996  6.290  -38.454  53.849 0.0000000000
70614  43.422  -12.400  20.422 0.0000000000
70577  41.695  -12.134  21.863 0.0000000000
65446  39.658  -17.651  23.573 0.0000000000
65458  42.373  -17.412  22.396 0.0000000000
63466  42.152  -19.587  23.833 0.0000000000
62273  42.527  -21.355  26.067 0.0000000000
48593  15.830  -32.288  44.540 0.0000000000
47520  17.854  -34.495  46.414 0.0000000000
47522  15.355  -34.276  45.867 0.0000000000
45467  15.549  -35.737  47.869 0.0000000000
47507  13.153  -33.945  46.804 0.0000000000
47463  9.998  -33.564  50.156 0.0000000000
46442  8.460  -35.087  51.805 0.0000000000
55666  27.873  -26.636  35.449 0.0000000000
51926  28.022  -29.675  35.945 0.0000000000
51928  26.397  -29.302  36.128 0.0000000000
46557  23.785  -35.219  41.289 0.0000000000
143937  25.845  -34.336  41.137 0.0000000000
142522  40.970  -24.536  30.420 0.0000000000
157251  38.615  -22.377  28.911 0.0000000000
70549  40.482  -13.032  23.718 0.0000000000
67372  39.322  -15.035  24.811 0.0000000000
66406  37.555  -17.035  24.593 0.0000000000
47572  21.192  -34.400  42.413 0.0000000000
47530  20.655  -34.688  45.041 0.0000000000
49655  18.854  -32.096  42.910 0.0000000000
50707  16.746  -31.036  43.751 0.0000000000
51814  15.276  -29.508  45.058 0.0000000000
132658  24.241  -30.095  37.640 0.0000000000
50748  23.424  -29.830  39.459 0.0000000000
48673  22.371  -32.552  40.011 0.0000000000
58934  33.470  -23.924  32.777 0.0000000000
58962  33.982  -23.318  29.433 0.0000000000
56846  35.672  -25.183  29.432 0.0000000000
55727  39.398  -26.292  30.074 0.0000000000
78087  55.410  -5.277  13.011 0.0000000000
76012  53.867  -6.547  13.494 0.0000000000
74950  54.770  -8.524  14.656 0.0000000000
72857  46.834  -10.311  18.589 0.0000000000
70626  47.843  -12.641  18.875 0.0000000000
70628  45.490  -12.191  19.581 0.0000000000
69435  45.588  -14.051  20.897 0.0000000000
67392  45.891  -15.813  22.838 0.0000000000
68377  41.602  -15.151  21.273 0.0000000000
66421  43.986  -16.468  22.315 0.0000000000
49776  32.951  -31.618  34.457 0.0000000000
49773  36.167  -31.480  34.533 0.0000000000
74897  47.290  -8.525  20.555 0.0000000000
48514  12.646  -31.952  47.536 0.0000000000
47493  11.455  -34.128  48.123 0.0000000000
44352  11.214  -36.654  49.175 0.0000000000
42021  11.012  -38.506  51.252 0.0000000000
43173  9.039  -38.180  51.667 0.0000000000
43175  7.657  -37.970  52.658 0.0000000000
45396  6.179  -35.896  53.118 0.0000000000
46412  4.319  -35.219  53.967 0.0000000000
51987  30.932  -29.977  32.857 0.0000000000
49779  30.548  -31.414  34.961 0.0000000000
137920  30.097  -31.745  37.228 0.0000000000
48722  25.791  -32.392  37.565 0.0000000000
63438  37.024  -19.794  25.127 0.0000000000
61187  35.497  -21.892  28.473 0.0000000000
62220  37.187  -21.213  27.820 0.0000000000
62275  39.898  -21.345  26.401 0.0000000000
51944  39.295  -30.400  34.772 0.0000000000
83330  55.962  -0.728  9.890 0.0000000000
79133  56.475  -4.894  12.113 0.0000000000
79148  58.003  -4.383  10.803 0.0000000000
72864  50.427  -10.468  17.444 0.0000000000
72853  51.392  -11.023  18.388 0.0000000000
143486  50.012  -11.881  18.352 0.0000000000
155537  34.340  -29.154  30.988 0.0000000000
52016  35.118  -29.370  31.190 0.0000000000
52001  35.436  -29.879  31.982 0.0000000000
73866  48.216  -9.359  17.850 0.0000000000
74931  49.324  -8.624  17.434 0.0000000000
73879  49.447  -9.449  17.332 0.0000000000
73890  50.682  -9.230  16.759 0.0000000000
41997  5.505  -38.056  53.922 0.0000000000
72822  42.713  -10.899  21.978 0.0000000000
71715  41.802  -11.178  23.447 0.0000000000
63469  39.749  -18.817  23.664 0.0000000000
64507  41.012  -18.475  23.121 0.0000000000
63460  40.776  -19.963  23.987 0.0000000000
62305  42.746  -20.762  25.123 0.0000000000
62307  40.957  -20.758  24.630 0.0000000000
48571  14.678  -32.563  45.346 0.0000000000
47534  15.855  -33.799  45.338 0.0000000000
48551  14.205  -33.041  45.771 0.0000000000
46513  13.991  -34.439  46.377 0.0000000000
47524  13.727  -33.496  46.249 0.0000000000
55646  26.318  -26.379  36.025 0.0000000000
54453  26.738  -27.555  35.620 0.0000000000
54427  25.261  -27.828  36.310 0.0000000000
45529  23.643  -36.296  42.780 0.0000000000
62168  33.017  -20.427  30.818 0.0000000000
58944  41.285  -23.686  30.054 0.0000000000
66405  38.424  -16.429  24.448 0.0000000000
66390  37.860  -16.015  25.101 0.0000000000
47585  20.741  -33.340  41.444 0.0000000000
47573  20.590  -33.823  42.389 0.0000000000
48655  19.786  -32.165  41.613 0.0000000000
50724  17.730  -29.960  42.580 0.0000000000
51840  16.463  -29.192  43.754 0.0000000000
50708  16.021  -30.726  44.167 0.0000000000
53102  24.090  -28.431  39.617 0.0000000000
49679  21.335  -31.150  40.692 0.0000000000
49693  22.133  -31.750  40.059 0.0000000000
47599  21.659  -32.580  40.419 0.0000000000
153659  21.893  -34.041  40.953 0.0000000000
57873  34.167  -24.455  30.469 0.0000000000
56835  35.406  -25.811  29.702 0.0000000000
54513  37.771  -28.233  30.661 0.0000000000
55729  37.488  -27.022  29.758 0.0000000000
54511  39.718  -27.628  30.942 0.0000000000
55715  40.124  -26.625  30.621 0.0000000000
54499  40.979  -27.634  32.132 0.0000000000
149310  51.174  -6.527  16.826 0.0000000000
136500  53.704  -5.513  14.378 0.0000000000
144322  52.526  -6.567  14.498 0.0000000000
155952  52.777  -9.364  16.549 0.0000000000
137567  53.141  -8.533  15.369 0.0000000000
140932  54.236  -9.201  16.302 0.0000000000
73850  45.684  -9.991  19.524 0.0000000000
71774  46.060  -11.818  19.101 0.0000000000
71775  45.294  -11.330  19.460 0.0000000000
69442  43.242  -13.248  20.530 0.0000000000
141778  45.085  -13.265  20.389 0.0000000000
69436  44.612  -13.966  20.720 0.0000000000
68374  45.870  -14.530  22.041 0.0000000000
146680  44.821  -14.873  21.709 0.0000000000
69414  40.289  -13.722  23.453 0.0000000000
148830  40.709  -13.733  22.595 0.0000000000
158301  40.767  -14.891  22.467 0.0000000000
64505  43.268  -18.636  23.287 0.0000000000
66422  43.171  -17.007  22.341 0.0000000000
65441  44.604  -17.647  23.413 0.0000000000
158337  45.059  -17.162  23.390 0.0000000000
49756  32.685  -31.959  35.297 0.0000000000
48755  34.204  -32.161  35.582 0.0000000000
73826  45.286  -9.249  21.157 0.0000000000
73836  46.568  -8.909  20.639 0.0000000000
73848  46.784  -9.040  19.780 0.0000000000
47544  19.579  -34.048  44.669 0.0000000000
47532  19.293  -34.166  45.323 0.0000000000
45468  14.727  -36.319  48.002 0.0000000000
45449  14.827  -36.302  49.204 0.0000000000
44349  14.166  -36.599  49.523 0.0000000000
44334  12.948  -37.314  50.068 0.0000000000
49579  12.057  -31.315  49.153 0.0000000000
48515  12.040  -32.519  47.928 0.0000000000
48501  11.179  -32.628  49.246 0.0000000000
46456  9.995  -34.573  50.031 0.0000000000
46473  10.501  -35.144  49.347 0.0000000000
44335  10.113  -36.401  49.906 0.0000000000
43201  10.643  -37.741  50.072 0.0000000000
43186  10.173  -38.040  50.762 0.0000000000
155081  9.721  -38.341  51.308 0.0000000000
43187  9.482  -37.653  51.067 0.0000000000
46427  8.008  -34.644  52.472 0.0000000000
44310  8.138  -36.630  52.020 0.0000000000
45410  7.613  -36.229  52.471 0.0000000000
148018  6.928  -37.575  53.009 0.0000000000
138147  6.830  -35.313  53.085 0.0000000000
54493  29.978  -27.850  33.590 0.0000000000
53209  30.515  -28.396  32.642 0.0000000000
51989  29.742  -29.129  33.348 0.0000000000
50818  30.905  -30.699  33.636 0.0000000000
50820  29.613  -30.273  34.441 0.0000000000
50782  28.304  -30.309  36.529 0.0000000000
50781  29.013  -30.802  36.530 0.0000000000
49729  29.264  -31.423  37.363 0.0000000000
50758  24.044  -30.890  38.102 0.0000000000
50769  24.594  -30.920  37.331 0.0000000000
48705  24.440  -32.480  38.105 0.0000000000
48671  26.976  -33.193  39.934 0.0000000000
70610  48.064  -13.532  19.937 0.0000000000
70608  49.630  -12.959  20.145 0.0000000000
70597  48.970  -13.695  21.756 0.0000000000
64451  34.419  -18.408  26.610 0.0000000000
64467  35.975  -18.430  25.434 0.0000000000
151354  35.364  -19.681  26.409 0.0000000000
58961  35.323  -23.447  28.843 0.0000000000
60050  34.948  -22.677  28.805 0.0000000000
60049  35.898  -22.739  28.618 0.0000000000
61168  39.770  -22.206  28.729 0.0000000000
61185  37.897  -21.716  28.199 0.0000000000
62196  39.296  -21.779  28.189 0.0000000000
150275  38.511  -21.225  27.104 0.0000000000
134237  39.651  -21.428  27.768 0.0000000000
134640  41.037  -21.221  28.085 0.0000000000
50815  37.573  -30.782  34.170 0.0000000000
83325  54.939  -0.713  11.040 0.0000000000
77071  55.187  -6.195  12.623 0.0000000000
78085  56.065  -4.898  12.624 0.0000000000
77081  56.836  -6.749  11.896 0.0000000000
78103  58.621  -5.831  11.060 0.0000000000
157299  59.010  -5.377  10.716 0.0000000000
50733  20.113  -30.643  41.178 0.0000000000
49681  19.592  -31.216  41.397 0.0000000000
73865  52.464  -10.154  17.953 0.0000000000
72851  52.891  -10.120  18.768 0.0000000000
72852  52.139  -10.568  18.632 0.0000000000
55732  34.411  -26.448  30.279 0.0000000000
55730  35.517  -26.714  29.782 0.0000000000
53232  35.387  -28.245  30.284 0.0000000000
53219  36.590  -28.902  31.030 0.0000000000
52000  37.897  -29.507  32.183 0.0000000000
75960  50.128  -7.271  19.669 0.0000000000
75970  49.382  -7.615  18.310 0.0000000000
148841  50.087  -7.511  17.249 0.0000000000
75991  50.952  -7.458  15.906 0.0000000000
75990  51.620  -7.418  15.299 0.0000000000
74952  51.364  -8.172  15.809 0.0000000000
73889  51.351  -9.549  16.787 0.0000000000
158849  7.538  -38.857  53.675 0.0000000000
73827  44.484  -9.716  20.938 0.0000000000
72830  43.784  -10.930  20.433 0.0000000000
71747  42.963  -10.950  20.930 0.0000000000
70615  42.629  -11.878  20.733 0.0000000000
69437  42.608  -13.776  20.565 0.0000000000
66413  40.154  -16.766  23.279 0.0000000000
66424  40.906  -16.779  22.641 0.0000000000
65445  40.576  -17.637  23.059 0.0000000000
133384  41.755  -18.551  23.056 0.0000000000
135215  43.765  -19.255  24.028 0.0000000000
62304  43.576  -20.473  25.133 0.0000000000
62271  43.928  -21.159  26.542 0.0000000000
150912  32.252  -32.455  37.908 0.0000000000
48591  17.643  -32.653  44.496 0.0000000000
48549  18.481  -33.992  45.595 0.0000000000
47533  16.983  -33.976  45.670 0.0000000000
47521  16.322  -34.595  45.974 0.0000000000
46510  16.571  -35.060  46.740 0.0000000000
46498  14.461  -35.277  46.714 0.0000000000
45488  13.100  -35.554  47.315 0.0000000000
48488  10.836  -32.174  50.020 0.0000000000
47445  9.648  -33.096  50.939 0.0000000000
46441  8.958  -34.546  51.280 0.0000000000
45421  9.043  -35.569  51.148 0.0000000000
47430  8.507  -34.074  52.027 0.0000000000
47411  8.130  -33.537  52.866 0.0000000000
46408  7.624  -34.310  52.982 0.0000000000
54451  28.439  -27.285  34.892 0.0000000000
51972  28.777  -29.061  34.441 0.0000000000
53164  27.910  -28.191  35.001 0.0000000000
51927  27.288  -29.468  36.100 0.0000000000
50783  26.945  -30.064  36.543 0.0000000000
47596  24.134  -34.012  40.196 0.0000000000
47610  24.887  -33.516  39.518 0.0000000000
158124  25.182  -34.517  41.051 0.0000000000
69420  47.720  -14.194  22.266 0.0000000000
63382  33.614  -19.543  28.423 0.0000000000
57871  39.360  -24.235  29.640 0.0000000000
151245  38.091  -23.283  29.032 0.0000000000
58951  39.755  -23.386  29.649 0.0000000000
139942  40.605  -23.177  29.667 0.0000000000
81314  55.170  -2.603  13.597 0.0000000000
148681  4.034  -37.622  54.056 0.0000000000
69402  40.971  -13.223  25.110 0.0000000000
68363  39.969  -14.197  24.731 0.0000000000
67387  39.434  -15.253  24.025 0.0000000000
66414  39.527  -16.385  23.739 0.0000000000
143777  38.877  -17.843  23.934 0.0000000000
64492  38.330  -18.692  24.121 0.0000000000
46537  22.030  -35.465  43.283 0.0000000000
45514  22.459  -35.860  44.757 0.0000000000
152553  21.421  -34.924  43.770 0.0000000000
47558  19.627  -33.725  43.860 0.0000000000
48616  18.515  -32.570  43.711 0.0000000000
49665  18.527  -31.270  42.338 0.0000000000
49656  18.203  -31.711  43.233 0.0000000000
49641  17.944  -32.124  43.992 0.0000000000
49643  16.304  -31.618  44.205 0.0000000000
49644  15.526  -31.406  44.537 0.0000000000
49617  14.233  -31.147  45.833 0.0000000000
54412  24.696  -27.903  37.635 0.0000000000
54398  24.641  -27.962  38.700 0.0000000000
134327  23.907  -29.878  38.619 0.0000000000
49708  23.587  -31.784  39.117 0.0000000000
50741  22.676  -29.776  40.427 0.0000000000
49692  22.868  -31.865  39.660 0.0000000000
48690  23.468  -32.563  39.390 0.0000000000
47583  22.582  -34.329  40.761 0.0000000000
46547  22.250  -35.349  42.189 0.0000000000
60007  32.654  -22.364  32.753 0.0000000000
60033  32.627  -22.225  30.445 0.0000000000
58952  33.653  -23.749  30.134 0.0000000000
57890  34.605  -23.965  29.394 0.0000000000
57888  36.521  -25.033  29.106 0.0000000000
55741  36.389  -26.285  29.521 0.0000000000
56844  37.093  -25.756  29.273 0.0000000000
56843  38.061  -25.452  29.306 0.0000000000
56820  40.377  -25.513  30.422 0.0000000000
56808  41.586  -25.165  31.742 0.0000000000
78079  55.296  -5.056  14.080 0.0000000000
78088  54.719  -5.663  13.279 0.0000000000
140481  55.113  -7.342  12.954 0.0000000000
74964  53.015  -7.948  14.807 0.0000000000
74962  54.291  -7.982  14.006 0.0000000000
71795  47.581  -10.870  18.211 0.0000000000
70642  48.453  -12.055  18.414 0.0000000000
71773  46.909  -11.529  18.576 0.0000000000
145099  46.773  -12.439  18.989 0.0000000000
70611  46.518  -13.328  20.147 0.0000000000
70629  44.778  -11.865  19.855 0.0000000000
69440  46.037  -13.635  20.581 0.0000000000
70598  46.840  -13.900  20.913 0.0000000000
69421  46.750  -14.224  22.014 0.0000000000
68367  47.490  -14.676  22.979 0.0000000000
71733  41.242  -11.804  22.917 0.0000000000
69424  41.349  -13.984  21.755 0.0000000000
68376  42.603  -15.475  20.826 0.0000000000
135323  41.517  -16.303  22.176 0.0000000000
146064  43.038  -16.458  21.919 0.0000000000
67399  44.356  -15.570  22.030 0.0000000000
67393  45.017  -16.123  22.586 0.0000000000
50836  33.557  -30.746  33.140 0.0000000000
50834  35.247  -30.749  33.232 0.0000000000
147527  34.437  -31.455  34.241 0.0000000000
48753  36.397  -32.356  35.792 0.0000000000
74910  48.141  -8.231  19.285 0.0000000000
74926  47.656  -8.899  18.599 0.0000000000
49603  13.795  -30.817  46.741 0.0000000000
50680  13.360  -30.508  47.532 0.0000000000
48531  13.146  -32.297  46.836 0.0000000000
48532  12.585  -33.010  47.176 0.0000000000
47508  12.465  -33.910  47.268 0.0000000000
46487  11.660  -35.359  47.946 0.0000000000
47477  11.074  -33.624  48.968 0.0000000000
45450  11.103  -35.799  48.764 0.0000000000
44364  11.874  -36.526  48.435 0.0000000000
43214  11.988  -37.510  49.680 0.0000000000
43185  11.488  -38.189  50.875 0.0000000000
41995  8.740  -39.263  53.310 0.0000000000
43188  8.776  -37.171  51.550 0.0000000000
43174  8.288  -37.677  52.063 0.0000000000
42010  7.950  -38.761  53.220 0.0000000000
43158  7.082  -38.351  53.382 0.0000000000
43159  6.062  -37.697  53.377 0.0000000000
44298  5.352  -36.639  53.453 0.0000000000
46410  6.121  -35.005  53.444 0.0000000000
45397  5.282  -35.587  53.611 0.0000000000
44299  4.045  -36.821  53.829 0.0000000000
52018  32.694  -29.091  31.370 0.0000000000
52019  31.883  -28.857  31.611 0.0000000000
52004  32.341  -29.692  31.922 0.0000000000
136394  32.052  -30.849  33.334 0.0000000000
49777  31.955  -31.656  34.562 0.0000000000
141549  31.765  -31.991  35.497 0.0000000000
50798  29.315  -30.430  35.131 0.0000000000
49758  30.161  -31.403  35.696 0.0000000000
49740  31.395  -32.102  36.357 0.0000000000
51930  24.833  -29.524  36.698 0.0000000000
139403  25.823  -30.980  36.779 0.0000000000
49720  26.723  -32.335  37.714 0.0000000000
48688  25.687  -33.105  38.963 0.0000000000
49706  27.151  -32.507  38.586 0.0000000000
49705  27.897  -31.905  38.980 0.0000000000
70624  49.808  -12.656  19.409 0.0000000000
66391  36.206  -16.560  25.604 0.0000000000
64466  36.821  -18.880  24.950 0.0000000000
62309  38.584  -20.210  24.472 0.0000000000
60046  33.126  -21.999  29.446 0.0000000000
61189  33.682  -20.802  28.714 0.0000000000
62222  35.000  -20.869  27.895 0.0000000000
61171  37.411  -22.073  28.482 0.0000000000
62221  35.972  -21.061  27.795 0.0000000000
62250  35.366  -20.567  27.435 0.0000000000
62277  36.540  -20.400  26.358 0.0000000000
142198  38.049  -20.792  25.560 0.0000000000
62289  39.651  -20.993  25.157 0.0000000000
62274  40.887  -21.378  26.293 0.0000000000
50833  36.524  -30.489  33.039 0.0000000000
51985  37.810  -29.938  32.925 0.0000000000
51984  39.192  -29.450  33.212 0.0000000000
51942  40.729  -29.806  35.210 0.0000000000
53182  40.662  -28.985  33.672 0.0000000000
84406  56.187  0.666  9.046 0.0000000000
80195  55.839  -3.925  13.201 0.0000000000
141083  56.007  -3.950  12.363 0.0000000000
153166  57.587  -6.702  11.596 0.0000000000
79140  57.452  -4.913  11.437 0.0000000000
81325  55.885  -3.040  11.112 0.0000000000
81336  56.445  -2.519  10.413 0.0000000000
81346  57.927  -2.178  9.641 0.0000000000
71792  49.960  -11.191  17.766 0.0000000000
52002  34.353  -29.755  31.692 0.0000000000
50849  34.853  -30.333  32.524 0.0000000000
140499  48.848  -9.945  17.491 0.0000000000
73880  48.884  -9.235  17.545 0.0000000000
72865  49.605  -10.278  17.399 0.0000000000
63468  40.537  -19.129  23.544 0.0000000000
150976  40.146  -20.548  24.414 0.0000000000
48552  13.624  -32.633  46.216 0.0000000000
55633  25.642  -26.184  36.665 0.0000000000
139911  25.635  -26.963  36.136 0.0000000000
45521  23.252  -36.378  43.554 0.0000000000
44417  24.043  -36.506  43.495 0.0000000000
62155  33.155  -20.340  31.808 0.0000000000
147586  20.084  -33.009  41.954 0.0000000000
132908  21.065  -32.098  40.794 0.0000000000
48653  21.017  -32.831  40.914 0.0000000000
56836  34.427  -25.419  30.443 0.0000000000
53217  38.315  -28.633  31.223 0.0000000000
54512  38.719  -28.009  30.739 0.0000000000
53216  39.266  -28.435  31.361 0.0000000000
54500  40.212  -28.078  31.589 0.0000000000
53204  40.435  -28.433  32.250 0.0000000000
77048  51.383  -6.401  16.208 0.0000000000
77047  51.792  -6.046  16.811 0.0000000000
78071  52.587  -5.680  15.389 0.0000000000
78081  52.967  -5.886  14.459 0.0000000000
77065  52.125  -6.195  15.014 0.0000000000
73887  53.449  -9.337  16.575 0.0000000000
135653  54.233  -9.474  16.970 0.0000000000
40864  8.964  -39.584  54.144 0.0000000000
72839  45.165  -10.499  19.692 0.0000000000
68388  43.640  -13.997  20.630 0.0000000000
68375  44.196  -14.677  20.876 0.0000000000
135931  43.761  -15.393  20.992 0.0000000000
68370  39.966  -14.506  23.624 0.0000000000
68379  40.449  -14.430  22.819 0.0000000000
67403  40.442  -15.232  22.803 0.0000000000
64504  44.203  -18.505  23.650 0.0000000000
147402  43.846  -17.958  23.179 0.0000000000
48756  33.387  -32.251  35.881 0.0000000000
48738  33.312  -32.444  36.632 0.0000000000
132907  45.851  -9.193  20.660 0.0000000000
135898  46.038  -9.396  19.944 0.0000000000
144989  18.956  -33.450  44.362 0.0000000000
48566  18.661  -33.775  45.106 0.0000000000
45469  13.522  -36.325  47.751 0.0000000000
44362  13.964  -36.643  48.670 0.0000000000
44350  13.388  -36.901  49.283 0.0000000000
48500  11.714  -32.133  48.757 0.0000000000
45433  10.048  -35.559  49.950 0.0000000000
43202  9.893  -37.162  50.288 0.0000000000
44322  9.237  -36.632  51.028 0.0000000000
142787  7.497  -35.232  52.798 0.0000000000
45395  7.033  -36.055  52.802 0.0000000000
54476  29.761  -27.590  34.223 0.0000000000
53197  29.558  -28.398  33.661 0.0000000000
53196  29.966  -28.419  33.121 0.0000000000
50839  30.060  -30.017  33.521 0.0000000000
51971  29.344  -29.362  33.970 0.0000000000
50767  27.612  -30.637  37.031 0.0000000000
50766  28.506  -30.959  37.199 0.0000000000
50756  28.695  -31.513  37.951 0.0000000000
155010  24.054  -32.357  38.723 0.0000000000
146069  24.772  -32.907  38.796 0.0000000000
141555  48.184  -13.836  21.059 0.0000000000
70609  49.086  -13.457  20.703 0.0000000000
141243  33.754  -19.113  27.896 0.0000000000
64441  33.876  -18.251  27.612 0.0000000000
63417  34.188  -19.189  27.146 0.0000000000
63416  34.867  -19.199  26.443 0.0000000000
63395  34.815  -19.927  27.030 0.0000000000
58960  36.319  -23.516  28.663 0.0000000000
62195  40.025  -21.853  28.325 0.0000000000
62218  39.651  -21.636  28.076 0.0000000000
133602  40.182  -21.589  28.212 0.0000000000
62217  40.865  -21.508  28.353 0.0000000000
83322  54.581  -0.610  12.473 0.0000000000
83326  54.725  -0.209  11.701 0.0000000000
82362  54.707  -1.078  11.810 0.0000000000
76020  55.467  -7.013  12.506 0.0000000000
77082  55.957  -6.484  12.182 0.0000000000
155536  20.597  -30.204  41.251 0.0000000000
51871  20.163  -29.844  41.360 0.0000000000
50732  21.031  -30.399  41.043 0.0000000000
73876  51.807  -10.032  17.283 0.0000000000
72862  51.811  -10.506  17.963 0.0000000000
71770  51.150  -11.639  19.095 0.0000000000
72837  51.785  -11.024  19.254 0.0000000000
54528  34.980  -27.404  30.051 0.0000000000
52015  36.068  -29.449  31.456 0.0000000000
53220  35.708  -28.917  30.759 0.0000000000
52014  37.088  -29.389  31.717 0.0000000000
53218  37.437  -28.783  31.166 0.0000000000
74909  48.767  -7.899  18.792 0.0000000000
75961  49.471  -7.516  19.272 0.0000000000
75977  49.573  -7.853  17.602 0.0000000000
75983  50.476  -7.510  16.657 0.0000000000
74941  50.609  -8.305  16.434 0.0000000000
73877  50.918  -9.958  17.153 0.0000000000
133682  7.145  -38.885  54.078 0.0000000000
72820  44.024  -9.911  21.679 0.0000000000
132596  43.751  -10.319  20.902 0.0000000000
72821  43.328  -10.422  21.651 0.0000000000
71748  42.283  -11.545  21.421 0.0000000000
70599  41.957  -12.306  20.893 0.0000000000
69443  42.451  -12.774  20.644 0.0000000000
145855  41.627  -13.161  20.953 0.0000000000
63467  41.459  -19.284  23.520 0.0000000000
64506  42.343  -18.985  23.340 0.0000000000
64490  42.890  -19.454  23.836 0.0000000000
63457  43.287  -19.988  24.523 0.0000000000
62287  42.052  -21.197  25.485 0.0000000000
62286  43.350  -21.031  25.854 0.0000000000
62272  43.056  -21.377  26.826 0.0000000000
133502  44.746  -9.422  21.838 0.0000000000
48592  16.766  -32.455  44.504 0.0000000000
48568  17.323  -33.207  45.043 0.0000000000
48569  16.358  -33.113  44.950 0.0000000000
46511  15.806  -34.947  46.454 0.0000000000
46496  16.277  -35.229  47.327 0.0000000000
46499  13.560  -35.011  46.850 0.0000000000
45487  14.045  -35.843  47.183 0.0000000000
47428  9.353  -32.696  51.718 0.0000000000
46440  9.484  -34.059  50.714 0.0000000000
47446  9.088  -33.600  51.482 0.0000000000
148163  28.244  -26.075  35.903 0.0000000000
55665  28.808  -26.485  35.487 0.0000000000
54452  27.541  -27.421  35.316 0.0000000000
53166  26.474  -28.365  35.805 0.0000000000
51948  27.031  -28.865  35.864 0.0000000000
50784  26.035  -30.210  36.477 0.0000000000
47582  23.481  -34.587  40.702 0.0000000000
47581  24.495  -34.667  40.942 0.0000000000
46556  24.511  -35.142  41.530 0.0000000000
63372  33.465  -19.151  29.342 0.0000000000
62224  33.455  -19.976  28.881 0.0000000000
57870  40.229  -24.069  29.913 0.0000000000
58958  38.666  -23.678  29.367 0.0000000000
58943  41.859  -23.876  30.615 0.0000000000
60019  41.301  -23.312  29.667 0.0000000000
43161  3.496  -37.451  53.884 0.0000000000
153872  40.105  -13.885  24.330 0.0000000000
66404  39.073  -15.836  24.234 0.0000000000
65427  38.962  -16.904  23.961 0.0000000000
65428  38.261  -17.496  24.211 0.0000000000
143602  21.566  -34.886  42.825 0.0000000000
48634  19.841  -33.352  42.892 0.0000000000
47557  20.348  -33.986  43.492 0.0000000000
48615  19.186  -32.937  43.374 0.0000000000
50722  18.968  -30.991  41.727 0.0000000000
50723  18.459  -30.348  42.004 0.0000000000
50714  17.245  -30.476  43.226 0.0000000000
50713  17.942  -30.830  42.830 0.0000000000
49657  17.500  -31.356  43.484 0.0000000000
49642  17.170  -31.838  44.086 0.0000000000
50709  15.338  -30.482  44.708 0.0000000000
50702  14.896  -31.187  45.135 0.0000000000
50693  14.759  -30.272  45.483 0.0000000000
54397  24.998  -27.012  38.059 0.0000000000
51900  23.831  -29.244  39.312 0.0000000000
133184  23.679  -30.785  38.965 0.0000000000
48672  22.986  -32.973  39.818 0.0000000000
47597  23.186  -33.823  40.192 0.0000000000
47598  22.244  -33.452  40.338 0.0000000000
141395  21.315  -34.095  41.619 0.0000000000
46559  22.060  -34.652  41.441 0.0000000000
46548  21.640  -34.730  42.061 0.0000000000
58935  32.804  -23.261  32.199 0.0000000000
58945  33.521  -23.985  31.392 0.0000000000
57889  34.887  -24.775  29.687 0.0000000000
132846  35.718  -24.388  28.934 0.0000000000
54527  35.994  -27.667  29.965 0.0000000000
54535  36.605  -27.062  29.688 0.0000000000
55728  38.415  -26.728  29.880 0.0000000000
55739  37.798  -26.257  29.494 0.0000000000
150630  38.707  -25.930  29.613 0.0000000000
56834  38.994  -25.112  29.558 0.0000000000
55695  41.498  -26.255  32.107 0.0000000000
55705  40.966  -25.867  31.222 0.0000000000
77031  51.286  -6.475  18.821 0.0000000000
78067  55.719  -4.578  15.267 0.0000000000
78068  55.179  -4.991  15.117 0.0000000000
77073  53.839  -5.922  13.734 0.0000000000
77072  54.443  -6.349  13.109 0.0000000000
76011  54.417  -7.186  13.270 0.0000000000
75999  52.319  -7.329  14.786 0.0000000000
143471  53.873  -8.443  14.907 0.0000000000
157854  54.928  -8.268  14.123 0.0000000000
70627  46.230  -12.664  19.487 0.0000000000
133218  47.079  -13.100  19.580 0.0000000000
71758  44.020  -11.694  20.222 0.0000000000
72840  44.544  -11.081  19.943 0.0000000000
69434  46.415  -14.113  21.331 0.0000000000
69422  46.006  -14.287  21.592 0.0000000000
68369  46.156  -15.077  22.530 0.0000000000
68368  46.774  -14.645  22.468 0.0000000000
67391  46.774  -15.361  23.111 0.0000000000
71716  41.214  -11.826  23.937 0.0000000000
70564  40.778  -12.463  23.388 0.0000000000
68378  41.035  -14.565  22.219 0.0000000000
68390  41.985  -14.501  20.708 0.0000000000
146560  41.692  -16.980  22.309 0.0000000000
67400  43.384  -16.030  21.442 0.0000000000
49791  33.253  -31.244  33.752 0.0000000000
49790  34.046  -31.185  33.716 0.0000000000
49775  33.771  -31.563  34.327 0.0000000000
48754  35.538  -32.400  35.880 0.0000000000
149300  34.984  -32.063  35.330 0.0000000000
74896  48.110  -8.079  20.431 0.0000000000
73849  46.319  -9.726  19.173 0.0000000000
73867  47.006  -9.326  18.881 0.0000000000
72856  47.517  -9.859  18.224 0.0000000000
46528  21.309  -34.985  44.679 0.0000000000
46520  21.931  -35.271  45.145 0.0000000000
46521  21.297  -34.993  45.547 0.0000000000
48550  17.902  -33.930  45.639 0.0000000000
45448  15.541  -35.846  48.861 0.0000000000
50694  14.297  -30.113  46.377 0.0000000000
49592  12.781  -31.042  47.900 0.0000000000
50669  13.070  -30.278  48.352 0.0000000000
49604  13.215  -31.373  47.146 0.0000000000
47492  11.970  -33.508  47.708 0.0000000000
46486  12.061  -34.487  47.568 0.0000000000
145086  12.357  -35.258  47.477 0.0000000000
47462  10.610  -33.098  49.690 0.0000000000
47478  10.490  -34.103  49.453 0.0000000000
44353  10.558  -36.112  49.410 0.0000000000
146294  11.770  -37.066  49.166 0.0000000000
43215  11.252  -37.380  49.587 0.0000000000
42035  10.852  -38.254  50.696 0.0000000000
43200  11.387  -37.893  50.165 0.0000000000
42008  9.516  -38.759  51.871 0.0000000000
41994  9.427  -39.126  52.680 0.0000000000
42009  8.615  -38.700  52.398 0.0000000000
45422  8.616  -36.101  51.652 0.0000000000
44311  7.748  -37.090  52.340 0.0000000000
44297  6.463  -36.816  52.969 0.0000000000
46389  6.087  -34.152  53.853 0.0000000000
157809  4.476  -36.037  53.800 0.0000000000
45398  3.683  -35.885  53.863 0.0000000000
146937  32.985  -28.331  31.040 0.0000000000
52006  30.791  -29.109  32.428 0.0000000000
53208  31.173  -28.419  32.073 0.0000000000
52005  31.464  -29.424  32.172 0.0000000000
50852  31.974  -30.307  32.686 0.0000000000
50838  31.498  -30.617  33.250 0.0000000000
50819  30.342  -30.798  34.302 0.0000000000
49793  31.642  -31.120  33.792 0.0000000000
49778  31.075  -31.309  34.326 0.0000000000
153484  31.207  -31.728  34.970 0.0000000000
51946  28.289  -29.215  35.088 0.0000000000
51945  28.989  -29.790  34.788 0.0000000000
50799  28.764  -30.150  35.710 0.0000000000
49742  29.732  -31.387  36.476 0.0000000000
49759  29.477  -30.853  35.758 0.0000000000
49741  30.521  -31.798  36.414 0.0000000000
49727  30.964  -32.007  37.225 0.0000000000
49728  30.444  -31.887  37.994 0.0000000000
53128  24.471  -28.702  37.382 0.0000000000
54428  24.746  -28.163  36.849 0.0000000000
51917  24.442  -29.438  37.192 0.0000000000
49732  25.342  -31.500  37.160 0.0000000000
49731  26.233  -31.652  37.169 0.0000000000
156223  25.459  -33.794  40.010 0.0000000000
47609  26.028  -33.557  39.745 0.0000000000
48670  27.776  -32.859  40.147 0.0000000000
48686  27.460  -32.619  39.394 0.0000000000
70641  48.993  -12.530  18.775 0.0000000000
138817  35.949  -16.153  26.047 0.0000000000
66392  35.439  -16.885  25.930 0.0000000000
63439  36.321  -19.394  25.501 0.0000000000
63463  37.571  -19.326  24.555 0.0000000000
58953  33.216  -22.956  29.770 0.0000000000
60051  34.540  -22.026  28.709 0.0000000000
61172  33.801  -21.661  28.847 0.0000000000
61188  34.565  -21.263  28.396 0.0000000000
149499  35.526  -21.319  28.128 0.0000000000
144316  38.837  -22.784  29.277 0.0000000000
60043  37.953  -22.625  28.776 0.0000000000
62249  36.267  -20.762  27.283 0.0000000000
62278  35.667  -20.193  26.725 0.0000000000
150777  37.114  -20.844  27.080 0.0000000000
140747  39.249  -21.319  27.189 0.0000000000
62276  37.811  -20.926  26.488 0.0000000000
153240  38.797  -21.223  26.064 0.0000000000
139030  38.672  -20.781  24.991 0.0000000000
62288  40.507  -21.154  25.410 0.0000000000
62246  41.848  -21.153  28.042 0.0000000000
50817  35.660  -31.089  33.889 0.0000000000
149502  35.961  -30.768  33.325 0.0000000000
50816  36.594  -30.899  33.868 0.0000000000
50814  38.468  -30.603  34.446 0.0000000000
51970  38.115  -30.263  33.718 0.0000000000
139445  38.538  -29.823  33.315 0.0000000000
51969  39.033  -29.932  33.994 0.0000000000
51967  40.701  -29.333  34.421 0.0000000000
54468  41.459  -28.346  33.596 0.0000000000
83331  55.353  -0.284  10.379 0.0000000000
83350  55.731  0.191  9.747 0.0000000000
82384  56.774  -1.080  9.627 0.0000000000
78078  55.660  -4.576  14.121 0.0000000000
158924  56.538  -5.292  11.950 0.0000000000
79129  55.805  -4.363  13.344 0.0000000000
79134  56.120  -4.316  12.507 0.0000000000
79139  58.349  -5.093  11.004 0.0000000000
78104  57.983  -5.544  11.338 0.0000000000
80202  57.105  -4.129  11.129 0.0000000000
80203  56.278  -3.773  11.532 0.0000000000
80213  56.707  -3.387  10.735 0.0000000000
80212  57.616  -3.657  10.438 0.0000000000
72854  50.764  -11.014  17.869 0.0000000000
71791  50.668  -11.580  18.354 0.0000000000
71771  50.413  -12.165  19.000 0.0000000000
53222  33.862  -28.402  30.653 0.0000000000
53221  34.810  -28.744  30.614 0.0000000000
74924  48.910  -8.156  17.966 0.0000000000
74932  48.670  -8.746  17.767 0.0000000000
74942  50.024  -8.886  17.032 0.0000000000
73878  50.147  -9.693  17.168 0.0000000000
149542  43.070  -10.422  22.438 0.0000000000
72802  42.467  -10.674  22.930 0.0000000000
71732  41.980  -11.286  22.451 0.0000000000
64508  40.296  -18.353  23.338 0.0000000000
63459  41.613  -20.098  24.164 0.0000000000
63458  42.436  -20.124  24.357 0.0000000000
62306  41.873  -20.760  24.802 0.0000000000
48570  15.440  -32.889  45.043 0.0000000000
47535  14.943  -33.459  45.456 0.0000000000
46512  14.895  -34.741  46.301 0.0000000000
47523  14.481  -33.880  45.997 0.0000000000
47429  8.816  -33.177  52.267 0.0000000000
55667  26.978  -26.796  35.632 0.0000000000
158743  26.274  -27.039  35.763 0.0000000000
54426  25.952  -27.695  35.841 0.0000000000
53144  25.702  -28.563  36.069 0.0000000000
145068  23.299  -35.863  41.944 0.0000000000
45549  24.133  -35.665  41.707 0.0000000000
45528  24.617  -36.172  42.880 0.0000000000
62181  33.003  -20.358  29.927 0.0000000000
57859  41.636  -24.561  31.288 0.0000000000
140278  41.521  -24.131  30.635 0.0000000000
57853  41.923  -24.321  31.542 0.0000000000
66389  38.803  -15.616  24.882 0.0000000000
48635  19.433  -32.579  42.423 0.0000000000
51839  17.175  -29.476  43.171 0.0000000000
50715  16.542  -30.121  43.678 0.0000000000
145639  23.557  -29.072  40.034 0.0000000000
49678  21.977  -30.902  40.395 0.0000000000
152070  21.617  -31.726  40.438 0.0000000000
47584  21.411  -33.438  40.872 0.0000000000
57872  34.406  -24.956  30.635 0.0000000000
157063  34.877  -25.282  29.876 0.0000000000
54525  38.079  -27.534  30.227 0.0000000000
55716  39.095  -27.185  30.360 0.0000000000
55706  40.698  -27.034  31.350 0.0000000000
77040  51.322  -6.365  17.721 0.0000000000
77039  52.111  -5.986  17.721 0.0000000000
77064  53.222  -6.428  13.914 0.0000000000
73898  52.773  -8.970  15.996 0.0000000000
73897  53.707  -8.897  15.806 0.0000000000
73896  54.677  -8.934  15.587 0.0000000000
73895  55.673  -9.063  15.818 0.0000000000
73886  55.062  -9.333  16.549 0.0000000000
72838  45.949  -10.693  19.015 0.0000000000
70613  44.381  -12.495  20.167 0.0000000000
69441  44.058  -13.254  20.406 0.0000000000
69423  45.237  -14.432  21.297 0.0000000000
67398  45.375  -15.283  22.303 0.0000000000
70579  40.577  -13.129  23.052 0.0000000000
67402  41.194  -15.432  22.128 0.0000000000
65442  43.199  -17.771  22.739 0.0000000000
66412  43.932  -17.266  22.843 0.0000000000
151849  44.679  -16.854  23.009 0.0000000000
49755  33.560  -31.894  35.069 0.0000000000
149465  34.794  -32.378  35.944 0.0000000000
153873  46.208  -8.741  22.389 0.0000000000
73825  46.229  -8.893  21.516 0.0000000000
47543  20.173  -34.273  44.428 0.0000000000
47531  20.031  -34.373  45.342 0.0000000000
47517  19.886  -34.201  46.329 0.0000000000
44333  13.854  -36.745  50.165 0.0000000000
49578  12.659  -30.868  48.786 0.0000000000
49593  12.263  -31.607  48.317 0.0000000000
48516  11.500  -33.068  48.406 0.0000000000
43216  10.556  -36.970  49.668 0.0000000000
42022  10.320  -38.549  51.400 0.0000000000
145931  8.024  -35.633  52.211 0.0000000000
44296  7.254  -36.966  52.665 0.0000000000
51988  30.215  -29.204  32.856 0.0000000000
151952  29.725  -31.707  37.905 0.0000000000
50755  29.229  -31.611  38.178 0.0000000000
49733  24.399  -31.701  37.773 0.0000000000
48723  24.959  -32.203  37.621 0.0000000000
48704  25.289  -32.873  38.068 0.0000000000
137333  26.633  -33.946  41.739 0.0000000000
47594  26.590  -33.739  40.695 0.0000000000
47580  27.353  -33.532  41.390 0.0000000000
70625  48.902  -13.050  19.601 0.0000000000
65387  34.043  -17.270  27.689 0.0000000000
65395  34.262  -17.504  26.901 0.0000000000
65414  35.423  -17.767  25.696 0.0000000000
64450  35.101  -18.465  25.942 0.0000000000
63440  35.574  -19.202  25.931 0.0000000000
58972  34.552  -23.222  29.079 0.0000000000
60045  33.950  -22.613  29.038 0.0000000000
61169  39.192  -22.239  28.945 0.0000000000
61170  38.326  -22.228  28.630 0.0000000000
61184  38.868  -21.921  28.409 0.0000000000
62219  38.397  -21.563  28.020 0.0000000000
62248  37.975  -21.214  27.519 0.0000000000
62247  39.012  -21.418  27.695 0.0000000000
158030  39.885  -21.327  27.463 0.0000000000
140842  40.516  -21.300  27.330 0.0000000000
150737  40.299  -21.316  27.998 0.0000000000
49751  37.488  -31.750  35.294 0.0000000000
49772  37.068  -31.344  34.631 0.0000000000
50796  37.935  -31.155  34.876 0.0000000000
50795  38.790  -30.981  35.142 0.0000000000
50794  39.605  -30.805  35.402 0.0000000000
83332  54.915  0.178  10.956 0.0000000000
82371  55.512  -1.195  10.540 0.0000000000
78095  55.775  -5.729  12.412 0.0000000000
78086  55.794  -5.048  12.886 0.0000000000
78094  56.332  -5.688  12.033 0.0000000000
79147  58.889  -4.620  10.425 0.0000000000
139143  58.374  -3.922  10.276 0.0000000000
49680  20.442  -31.525  41.055 0.0000000000
50734  19.326  -30.322  41.476 0.0000000000
137457  21.848  -30.108  40.839 0.0000000000
132606  52.780  -9.700  17.148 0.0000000000
73864  53.283  -9.828  17.979 0.0000000000
55731  34.607  -25.983  30.108 0.0000000000
53231  36.291  -28.379  30.413 0.0000000000
53230  37.022  -28.449  30.654 0.0000000000
53207  37.888  -29.090  31.636 0.0000000000
53206  38.699  -29.027  31.937 0.0000000000
75969  50.041  -7.252  18.758 0.0000000000
75976  49.971  -7.273  17.847 0.0000000000
77041  50.561  -6.928  17.211 0.0000000000
77049  50.943  -6.905  16.330 0.0000000000
77057  51.492  -6.695  15.576 0.0000000000
74939  51.931  -8.787  15.940 0.0000000000
74940  51.307  -8.946  16.318 0.0000000000
73888  52.094  -9.389  16.529 0.0000000000
133726  8.043  -39.238  54.052 0.0000000000
72829  44.447  -10.336  20.332 0.0000000000
71759  43.310  -11.518  20.522 0.0000000000
66425  40.318  -16.025  22.988 0.0000000000
65444  41.495  -17.742  22.654 0.0000000000
65443  42.423  -18.218  22.823 0.0000000000
63436  44.245  -19.867  24.791 0.0000000000
62285  44.175  -20.641  25.595 0.0000000000
62270  44.790  -20.857  26.215 0.0000000000
48720  32.849  -32.485  37.321 0.0000000000
48719  33.736  -32.587  37.221 0.0000000000
135776  33.431  -32.620  37.812 0.0000000000
48567  18.121  -33.346  45.082 0.0000000000
155712  14.894  -35.832  47.238 0.0000000000
48489  10.216  -32.591  50.426 0.0000000000
45434  9.495  -35.047  50.581 0.0000000000
54477  29.055  -27.598  34.450 0.0000000000
53184  28.531  -28.251  34.543 0.0000000000
51947  27.624  -28.962  35.563 0.0000000000
53165  27.241  -28.237  35.524 0.0000000000
147463  27.665  -29.992  36.486 0.0000000000
47611  23.791  -33.359  39.590 0.0000000000
47595  25.104  -34.123  40.453 0.0000000000
46555  25.232  -34.774  41.659 0.0000000000
47571  26.090  -34.475  42.097 0.0000000000
132517  48.138  -13.966  21.932 0.0000000000
143456  37.308  -23.408  28.733 0.0000000000
58950  40.820  -23.792  30.014 0.0000000000
60032  39.823  -22.685  29.282 0.0000000000
61155  39.945  -22.369  28.915 0.0000000000
153735  40.332  -22.351  28.856 0.0000000000
81315  54.665  -1.902  12.999 0.0000000000
76009  56.691  -7.899  12.795 0.0000000000
70548  40.869  -12.631  24.438 0.0000000000
69403  40.464  -13.363  24.425 0.0000000000
134615  39.634  -14.688  24.136 0.0000000000
67395  39.845  -15.976  23.492 0.0000000000
64491  39.132  -18.493  23.855 0.0000000000
63461  39.000  -19.478  24.029 0.0000000000
45522  22.522  -36.020  43.823 0.0000000000
46527  21.960  -35.366  44.273 0.0000000000
47542  20.798  -34.543  44.124 0.0000000000
47556  21.016  -34.366  43.198 0.0000000000
49664  19.176  -31.728  42.017 0.0000000000
49630  15.135  -32.017  44.985 0.0000000000
49631  14.564  -31.799  45.382 0.0000000000
55647  24.998  -27.072  36.935 0.0000000000
150282  24.384  -28.560  38.045 0.0000000000
53114  24.172  -28.909  38.726 0.0000000000
51910  24.208  -29.260  37.913 0.0000000000
49707  23.936  -31.712  38.491 0.0000000000
152455  22.988  -30.602  39.592 0.0000000000
50742  22.455  -30.793  40.019 0.0000000000
46558  22.869  -35.075  41.318 0.0000000000
45530  22.725  -36.100  42.869 0.0000000000
60020  32.495  -22.326  31.698 0.0000000000
58946  32.829  -23.236  30.891 0.0000000000
133749  36.836  -24.257  28.796 0.0000000000
55740  37.078  -26.513  29.493 0.0000000000
56845  36.281  -25.633  29.374 0.0000000000
57887  37.428  -24.887  29.085 0.0000000000
57886  38.375  -24.590  29.272 0.0000000000
56833  39.950  -24.799  29.983 0.0000000000
56819  41.204  -25.036  31.041 0.0000000000
78080  54.515  -5.362  14.172 0.0000000000
76021  54.876  -6.831  12.782 0.0000000000
76000  51.899  -6.745  14.938 0.0000000000
138061  52.977  -7.206  14.245 0.0000000000
74963  53.547  -7.788  14.315 0.0000000000
75998  53.647  -7.198  13.751 0.0000000000
74971  55.122  -7.931  13.574 0.0000000000
76010  55.828  -7.724  12.985 0.0000000000
72855  48.216  -10.379  17.847 0.0000000000
71794  48.354  -11.311  18.054 0.0000000000
70643  47.816  -11.732  18.369 0.0000000000
137983  47.352  -13.700  20.468 0.0000000000
143960  45.083  -12.523  19.996 0.0000000000
70612  45.739  -12.897  20.046 0.0000000000
69433  47.207  -14.024  21.718 0.0000000000
69413  47.421  -14.391  22.451 0.0000000000
70578  41.090  -12.866  22.356 0.0000000000
141580  40.871  -15.958  22.496 0.0000000000
66423  42.308  -16.668  22.115 0.0000000000
67401  42.127  -16.090  21.472 0.0000000000
66411  45.512  -16.665  23.257 0.0000000000
66410  46.373  -16.300  23.433 0.0000000000
50835  34.410  -30.737  33.150 0.0000000000
49789  34.831  -31.120  33.799 0.0000000000
49774  35.179  -31.572  34.544 0.0000000000
49754  34.358  -31.804  34.836 0.0000000000
49752  36.667  -31.849  35.197 0.0000000000
74911  47.464  -8.626  19.602 0.0000000000
46509  21.375  -34.939  46.298 0.0000000000
49618  13.634  -31.728  46.369 0.0000000000
142032  13.202  -33.075  46.616 0.0000000000
46500  12.762  -34.681  47.202 0.0000000000
45470  12.492  -36.036  47.749 0.0000000000
46472  11.034  -34.709  48.737 0.0000000000
44351  12.465  -37.109  49.082 0.0000000000
43199  12.160  -37.762  50.505 0.0000000000
43184  12.171  -37.803  51.399 0.0000000000
42007  10.158  -38.933  52.227 0.0000000000
43160  4.918  -37.496  53.827 0.0000000000
46411  5.222  -34.671  53.901 0.0000000000
52017  33.564  -29.153  31.154 0.0000000000
52003  33.284  -29.777  31.778 0.0000000000
50851  32.957  -30.310  32.493 0.0000000000
50837  32.714  -30.785  33.204 0.0000000000
49792  32.428  -31.266  33.820 0.0000000000
50797  29.889  -30.901  35.034 0.0000000000
49757  30.900  -31.817  35.623 0.0000000000
48721  31.877  -32.311  37.201 0.0000000000
53145  25.032  -28.737  36.463 0.0000000000
51929  25.474  -29.465  36.371 0.0000000000
50786  24.595  -30.097  37.024 0.0000000000
50785  25.177  -30.423  36.726 0.0000000000
50768  26.607  -30.841  36.886 0.0000000000
49730  27.163  -31.470  37.416 0.0000000000
48703  26.232  -32.953  38.211 0.0000000000
48687  26.597  -33.015  39.135 0.0000000000
49719  27.681  -32.011  38.039 0.0000000000
49718  28.369  -31.598  38.523 0.0000000000
71793  49.210  -11.810  18.168 0.0000000000
71772  49.706  -12.294  18.696 0.0000000000
157641  50.376  -12.403  19.600 0.0000000000
70576  48.953  -13.820  22.431 0.0000000000
66378  36.858  -15.909  25.768 0.0000000000
137645  36.837  -16.700  25.119 0.0000000000
65413  36.072  -17.344  25.393 0.0000000000
65412  36.747  -17.767  24.919 0.0000000000
65429  37.512  -18.209  24.504 0.0000000000
63462  38.224  -19.670  24.341 0.0000000000
61147  32.672  -21.253  31.233 0.0000000000
61156  32.765  -21.202  30.125 0.0000000000
61173  33.165  -21.061  29.278 0.0000000000
62197  33.267  -20.349  29.258 0.0000000000
62223  34.074  -20.428  28.165 0.0000000000
62251  34.660  -20.358  27.672 0.0000000000
60044  36.902  -22.722  28.574 0.0000000000
147318  36.482  -22.143  28.488 0.0000000000
61186  36.600  -21.551  28.174 0.0000000000
63415  35.976  -19.822  26.055 0.0000000000
62291  36.595  -19.997  25.684 0.0000000000
158695  37.134  -20.679  26.344 0.0000000000
62290  37.242  -20.478  25.687 0.0000000000
63437  37.854  -20.253  24.859 0.0000000000
62308  39.302  -20.410  24.387 0.0000000000
156045  40.315  -20.900  24.857 0.0000000000
140541  41.344  -21.193  25.420 0.0000000000
157289  41.728  -21.429  26.223 0.0000000000
140843  41.335  -21.324  27.213 0.0000000000
142483  42.194  -21.386  27.041 0.0000000000
50848  35.756  -30.420  32.702 0.0000000000
50832  37.284  -30.461  33.402 0.0000000000
139648  37.266  -29.822  32.366 0.0000000000
51999  38.564  -29.508  32.669 0.0000000000
53195  39.228  -29.123  32.553 0.0000000000
51925  40.382  -30.512  35.686 0.0000000000
51943  39.959  -30.248  35.136 0.0000000000
51983  39.854  -29.434  33.737 0.0000000000
53194  39.998  -28.932  32.918 0.0000000000
53193  41.000  -28.408  32.838 0.0000000000
54487  41.689  -27.307  32.977 0.0000000000
80189  55.796  -3.650  14.135 0.0000000000
80190  55.610  -3.334  13.661 0.0000000000
80196  55.509  -3.377  12.888 0.0000000000
81320  55.041  -2.691  12.519 0.0000000000
78093  57.189  -5.768  11.636 0.0000000000
77091  58.088  -6.273  11.346 0.0000000000
79141  56.577  -4.443  11.860 0.0000000000
80204  55.539  -3.343  11.954 0.0000000000
81326  55.264  -2.515  11.577 0.0000000000
152101  55.666  -2.133  10.775 0.0000000000
82370  56.199  -1.621  10.111 0.0000000000
81335  57.316  -2.831  10.094 0.0000000000
82369  57.044  -1.941  9.823 0.0000000000
44411  23.688  -36.551  44.082 0.0000000000
44416  24.775  -36.481  43.650 0.0000000000
45513  23.094  -36.335  44.393 0.0000000000
45536  24.111  -36.055  42.204 0.0000000000
48700  33.599  -32.647  38.425 0.0000000000
48701  32.903  -32.571  38.186 0.0000000000
49753  35.822  -31.962  35.215 0.0000000000
51857  17.665  -29.215  42.589 0.0000000000
51968  39.953  -29.790  34.511 0.0000000000
51986  37.067  -30.156  32.796 0.0000000000
53146  24.639  -28.916  36.841 0.0000000000
55645  27.310  -25.978  35.973 0.0000000000
56757  26.476  -25.714  36.591 0.0000000000
65402  34.808  -17.656  26.147 0.0000000000
82355  54.594  -1.330  12.519 0.0000000000
82361  55.078  -1.606  11.273 0.0000000000
150818  24.811  -31.592  37.438 0.0000000000
154063  25.810  -33.910  40.418 0.0000000000
155810  40.292  -29.395  34.098 0.0000000000
156444  22.367  -35.681  45.529 0.0000000000
158682  39.514  -25.547  29.862 0.0000000000
