#!ascii label  , from subject sub125 vox2ras=TkReg
889
46396  31.412  -34.922  53.462 0.0000000000
65296  48.966  -16.863  37.135 0.0000000000
67260  54.763  -15.173  34.956 0.0000000000
57773  46.717  -24.028  40.209 0.0000000000
48507  38.252  -32.194  48.185 0.0000000000
143658  36.152  -35.375  50.417 0.0000000000
68200  53.641  -13.528  38.350 0.0000000000
64290  52.591  -18.586  40.053 0.0000000000
55549  46.655  -26.478  45.141 0.0000000000
46490  44.371  -34.254  47.266 0.0000000000
137933  62.199  -11.137  27.506 0.0000000000
72690  56.048  -10.920  32.979 0.0000000000
61059  43.885  -22.047  41.739 0.0000000000
64245  48.837  -18.665  43.996 0.0000000000
134166  35.025  -32.665  51.357 0.0000000000
45401  34.054  -35.163  51.715 0.0000000000
66262  51.337  -16.384  38.624 0.0000000000
67183  53.956  -14.941  40.806 0.0000000000
67185  50.776  -15.087  41.296 0.0000000000
49697  47.144  -32.266  40.296 0.0000000000
46461  40.376  -34.558  49.757 0.0000000000
49585  41.386  -31.697  49.012 0.0000000000
44376  42.325  -36.015  46.178 0.0000000000
73752  60.571  -9.602  28.962 0.0000000000
69334  59.424  -12.960  28.860 0.0000000000
71618  59.573  -11.560  30.598 0.0000000000
70363  54.892  -12.198  35.390 0.0000000000
146337  53.967  -11.844  32.492 0.0000000000
69258  55.433  -12.459  33.869 0.0000000000
68259  54.734  -14.113  31.516 0.0000000000
66326  53.328  -16.223  32.363 0.0000000000
56684  46.671  -25.853  42.776 0.0000000000
57737  44.534  -24.225  44.568 0.0000000000
138407  45.831  -22.614  43.816 0.0000000000
63187  45.824  -20.099  43.858 0.0000000000
61045  47.419  -21.130  43.075 0.0000000000
61031  50.876  -21.701  43.733 0.0000000000
59937  48.425  -22.327  39.427 0.0000000000
47451  38.000  -33.494  51.051 0.0000000000
68233  51.992  -14.855  34.459 0.0000000000
139744  55.361  -13.129  37.188 0.0000000000
66261  54.188  -16.852  38.192 0.0000000000
64297  53.915  -19.391  38.681 0.0000000000
49608  47.304  -31.044  46.162 0.0000000000
51829  47.831  -30.262  43.973 0.0000000000
53067  46.985  -28.818  41.512 0.0000000000
54392  46.466  -26.798  38.806 0.0000000000
56752  46.676  -25.081  35.653 0.0000000000
49611  44.526  -31.222  47.120 0.0000000000
47539  45.978  -33.487  45.164 0.0000000000
70539  61.815  -12.195  24.948 0.0000000000
72719  56.900  -10.444  31.092 0.0000000000
69287  57.674  -13.054  31.575 0.0000000000
67299  54.820  -15.844  29.460 0.0000000000
138175  47.936  -16.386  39.911 0.0000000000
64272  50.102  -17.833  43.128 0.0000000000
59905  52.810  -22.716  42.002 0.0000000000
44290  32.247  -36.206  52.948 0.0000000000
45402  32.604  -35.636  52.619 0.0000000000
44304  32.812  -36.142  52.210 0.0000000000
66276  50.375  -16.987  37.918 0.0000000000
66244  51.276  -16.049  39.440 0.0000000000
66245  50.354  -16.221  39.661 0.0000000000
45474  41.779  -35.535  47.480 0.0000000000
72755  59.122  -10.266  27.942 0.0000000000
148693  59.972  -9.990  29.626 0.0000000000
72729  58.947  -10.152  29.979 0.0000000000
68230  55.497  -13.137  35.406 0.0000000000
70375  55.281  -12.157  35.073 0.0000000000
68231  55.115  -13.921  34.628 0.0000000000
67279  54.131  -14.609  32.989 0.0000000000
137577  46.607  -24.691  40.896 0.0000000000
57752  46.098  -24.367  43.511 0.0000000000
58843  46.422  -23.485  41.829 0.0000000000
61046  46.645  -21.300  43.737 0.0000000000
59918  47.310  -22.050  41.471 0.0000000000
59917  48.254  -21.677  41.143 0.0000000000
59938  47.573  -22.564  39.858 0.0000000000
48471  35.962  -32.685  51.535 0.0000000000
46448  37.035  -34.578  50.772 0.0000000000
45440  38.258  -34.830  49.609 0.0000000000
67240  51.982  -15.811  37.024 0.0000000000
67261  51.577  -15.878  34.541 0.0000000000
68211  52.745  -14.188  36.564 0.0000000000
69217  53.520  -13.312  36.515 0.0000000000
69206  54.734  -13.351  38.461 0.0000000000
67227  54.929  -14.190  37.828 0.0000000000
68175  54.797  -14.004  38.861 0.0000000000
66218  53.266  -15.867  41.014 0.0000000000
65269  53.827  -17.668  39.190 0.0000000000
64298  53.699  -18.884  38.968 0.0000000000
159150  54.142  -19.960  38.996 0.0000000000
63221  53.342  -20.212  39.613 0.0000000000
48576  47.627  -32.277  44.575 0.0000000000
49624  47.855  -30.905  44.954 0.0000000000
49658  47.999  -31.665  42.814 0.0000000000
50745  46.584  -30.404  40.358 0.0000000000
137927  46.494  -27.900  40.085 0.0000000000
48505  42.779  -32.180  49.014 0.0000000000
49583  42.955  -31.725  48.400 0.0000000000
156129  44.252  -31.866  48.147 0.0000000000
48536  46.046  -32.592  47.059 0.0000000000
46503  45.240  -34.189  46.137 0.0000000000
73773  61.787  -8.956  27.320 0.0000000000
70506  62.255  -11.988  26.407 0.0000000000
69335  58.846  -13.288  29.311 0.0000000000
71591  54.693  -11.332  32.931 0.0000000000
70447  53.403  -12.023  30.950 0.0000000000
134368  55.103  -10.708  31.412 0.0000000000
72720  55.331  -10.537  30.465 0.0000000000
154192  56.210  -10.754  32.464 0.0000000000
71606  57.817  -11.384  31.968 0.0000000000
70407  57.219  -11.606  32.260 0.0000000000
67285  53.563  -15.589  31.475 0.0000000000
68268  54.998  -14.698  30.550 0.0000000000
54276  47.038  -27.628  45.822 0.0000000000
55565  44.925  -25.777  45.066 0.0000000000
58832  43.740  -23.036  43.072 0.0000000000
57753  43.441  -24.077  42.502 0.0000000000
63185  47.584  -19.583  44.045 0.0000000000
63213  47.175  -19.637  41.517 0.0000000000
64282  47.899  -18.161  41.632 0.0000000000
65271  47.108  -17.214  39.479 0.0000000000
66210  48.735  -16.995  42.259 0.0000000000
66208  49.547  -16.643  42.583 0.0000000000
64260  49.338  -18.210  43.406 0.0000000000
58852  51.466  -23.431  40.945 0.0000000000
59907  51.848  -22.666  42.755 0.0000000000
57762  52.261  -24.281  41.236 0.0000000000
152912  53.096  -24.718  41.032 0.0000000000
158545  34.398  -34.067  51.998 0.0000000000
45427  35.528  -35.473  50.994 0.0000000000
45443  35.397  -35.552  50.342 0.0000000000
44313  34.032  -35.962  51.270 0.0000000000
67217  52.342  -14.959  38.569 0.0000000000
68177  54.251  -13.672  39.720 0.0000000000
68179  52.487  -14.328  40.646 0.0000000000
68158  52.696  -14.443  41.653 0.0000000000
138114  51.865  -16.737  41.355 0.0000000000
48478  39.862  -32.161  50.278 0.0000000000
49587  39.602  -31.772  48.936 0.0000000000
46460  41.154  -34.180  49.537 0.0000000000
46477  42.417  -34.407  48.540 0.0000000000
45472  43.344  -35.415  47.042 0.0000000000
45507  44.114  -34.861  45.474 0.0000000000
45517  43.533  -35.355  45.174 0.0000000000
72738  61.339  -9.721  28.538 0.0000000000
70471  61.258  -11.871  28.542 0.0000000000
71629  60.667  -11.254  29.672 0.0000000000
70460  59.911  -12.420  30.043 0.0000000000
69327  58.683  -13.463  30.150 0.0000000000
69260  53.253  -13.644  33.556 0.0000000000
69259  53.779  -12.864  33.343 0.0000000000
149559  54.957  -11.742  34.015 0.0000000000
70409  55.408  -11.866  33.837 0.0000000000
69270  56.187  -12.299  32.530 0.0000000000
69272  55.062  -13.288  32.643 0.0000000000
67280  53.766  -15.133  32.303 0.0000000000
55574  46.671  -26.691  43.563 0.0000000000
56660  45.929  -25.541  45.502 0.0000000000
57742  46.022  -24.433  44.503 0.0000000000
58812  45.062  -23.468  44.487 0.0000000000
61022  44.864  -21.774  44.192 0.0000000000
62046  44.878  -20.884  42.007 0.0000000000
62001  45.401  -21.035  44.236 0.0000000000
61019  47.176  -20.327  44.343 0.0000000000
61997  48.608  -20.046  44.659 0.0000000000
137068  49.921  -20.200  44.663 0.0000000000
61043  49.833  -21.439  43.065 0.0000000000
158735  50.018  -21.890  41.564 0.0000000000
59935  50.037  -22.796  39.213 0.0000000000
48496  34.448  -32.459  49.544 0.0000000000
49577  36.643  -32.117  49.696 0.0000000000
49576  38.475  -31.808  49.984 0.0000000000
46445  39.212  -34.054  50.363 0.0000000000
45457  39.511  -35.187  48.619 0.0000000000
156493  53.253  -13.432  34.936 0.0000000000
70350  55.228  -12.228  35.992 0.0000000000
152860  55.308  -14.296  36.523 0.0000000000
67238  54.810  -15.177  37.203 0.0000000000
66274  54.401  -16.654  37.510 0.0000000000
65293  54.062  -17.925  37.621 0.0000000000
157845  54.422  -15.865  39.551 0.0000000000
65283  53.876  -18.248  38.133 0.0000000000
50688  46.034  -30.356  46.848 0.0000000000
51791  46.627  -29.500  46.531 0.0000000000
52996  47.587  -28.528  45.515 0.0000000000
135718  47.505  -28.694  44.229 0.0000000000
50727  47.723  -31.143  42.048 0.0000000000
138017  47.334  -29.535  41.937 0.0000000000
144529  47.064  -28.186  42.708 0.0000000000
150302  46.778  -27.258  41.326 0.0000000000
156153  46.826  -26.509  40.863 0.0000000000
56715  46.674  -25.259  39.185 0.0000000000
159560  46.857  -24.351  38.748 0.0000000000
55627  46.515  -25.650  37.665 0.0000000000
138757  45.887  -31.114  47.264 0.0000000000
48556  46.931  -32.497  45.716 0.0000000000
47549  47.111  -33.030  43.595 0.0000000000
46532  44.583  -34.195  43.629 0.0000000000
46542  45.912  -33.694  42.636 0.0000000000
70538  62.883  -12.255  24.728 0.0000000000
72730  57.302  -10.321  29.563 0.0000000000
72718  57.844  -10.692  30.968 0.0000000000
70430  58.676  -12.240  31.425 0.0000000000
68281  57.359  -14.156  30.106 0.0000000000
68258  55.550  -14.004  30.972 0.0000000000
68267  55.786  -14.652  30.256 0.0000000000
68283  56.058  -14.970  29.403 0.0000000000
56677  44.104  -25.424  43.929 0.0000000000
66267  47.253  -16.609  38.125 0.0000000000
66265  48.010  -15.974  38.283 0.0000000000
67186  49.248  -15.877  41.136 0.0000000000
148546  50.362  -16.386  42.501 0.0000000000
63211  51.276  -18.890  41.658 0.0000000000
62011  51.269  -20.952  43.986 0.0000000000
63198  51.742  -20.404  42.494 0.0000000000
62059  52.865  -20.701  40.656 0.0000000000
59924  53.462  -22.347  40.672 0.0000000000
58879  47.615  -23.102  37.393 0.0000000000
137265  49.153  -22.787  36.997 0.0000000000
45387  31.581  -35.772  53.471 0.0000000000
44291  31.620  -36.536  53.293 0.0000000000
45386  32.198  -35.216  53.141 0.0000000000
66277  49.466  -16.643  37.894 0.0000000000
66263  49.953  -16.737  38.802 0.0000000000
72741  59.072  -9.958  29.143 0.0000000000
136526  58.173  -10.271  29.372 0.0000000000
67248  55.333  -14.139  35.582 0.0000000000
67271  54.401  -14.768  33.864 0.0000000000
140867  46.594  -23.759  40.986 0.0000000000
59919  46.614  -22.561  42.053 0.0000000000
58842  46.801  -22.881  41.169 0.0000000000
59928  47.459  -22.331  40.651 0.0000000000
58853  46.951  -23.138  40.376 0.0000000000
45426  36.371  -35.122  50.982 0.0000000000
46430  36.411  -34.307  51.509 0.0000000000
135436  36.860  -35.035  50.307 0.0000000000
45442  36.610  -35.196  49.759 0.0000000000
67229  52.457  -14.737  37.101 0.0000000000
67239  52.226  -14.996  36.145 0.0000000000
68201  53.153  -13.848  37.343 0.0000000000
69216  54.127  -13.119  37.583 0.0000000000
69207  54.193  -13.052  38.474 0.0000000000
69205  54.776  -13.533  38.473 0.0000000000
69195  54.533  -13.406  39.023 0.0000000000
65259  52.661  -17.173  40.460 0.0000000000
141037  53.337  -18.076  39.534 0.0000000000
64289  53.339  -19.279  39.385 0.0000000000
63222  52.624  -19.739  40.128 0.0000000000
48598  47.930  -32.390  43.435 0.0000000000
49649  48.014  -31.807  43.517 0.0000000000
48620  48.048  -32.274  42.758 0.0000000000
47480  43.457  -32.780  48.661 0.0000000000
47498  44.009  -33.566  48.107 0.0000000000
48521  44.224  -32.485  48.350 0.0000000000
47497  44.778  -33.223  47.896 0.0000000000
47512  45.073  -33.869  46.995 0.0000000000
46504  44.545  -34.545  46.370 0.0000000000
72753  62.187  -10.334  27.549 0.0000000000
72752  62.416  -9.790  27.078 0.0000000000
71668  62.560  -11.536  26.757 0.0000000000
71669  62.018  -11.860  27.236 0.0000000000
71590  55.517  -10.994  33.234 0.0000000000
71607  54.939  -10.856  32.387 0.0000000000
157842  55.588  -10.822  32.871 0.0000000000
72707  55.671  -10.691  32.388 0.0000000000
71588  56.560  -11.222  32.630 0.0000000000
70408  56.451  -11.433  32.756 0.0000000000
65356  52.936  -17.239  30.870 0.0000000000
67293  53.657  -15.870  30.601 0.0000000000
55533  46.864  -27.125  45.385 0.0000000000
55551  45.983  -26.548  45.888 0.0000000000
55550  46.263  -26.268  45.585 0.0000000000
59911  43.616  -22.858  42.411 0.0000000000
144526  43.489  -22.738  41.529 0.0000000000
64246  48.383  -19.036  44.130 0.0000000000
148780  47.764  -18.993  42.993 0.0000000000
64273  48.264  -18.222  42.682 0.0000000000
65252  48.314  -17.388  41.959 0.0000000000
65231  48.691  -18.042  43.119 0.0000000000
154270  49.083  -17.913  43.121 0.0000000000
65215  48.964  -18.345  43.585 0.0000000000
58861  51.126  -23.459  39.948 0.0000000000
58840  51.811  -23.504  41.932 0.0000000000
58851  51.833  -24.409  40.617 0.0000000000
136556  52.322  -25.151  40.432 0.0000000000
46416  33.294  -34.802  52.183 0.0000000000
138209  33.390  -34.125  52.134 0.0000000000
46415  33.975  -34.406  51.961 0.0000000000
46414  34.661  -34.476  51.859 0.0000000000
45414  34.496  -35.554  51.223 0.0000000000
44302  33.627  -35.795  51.687 0.0000000000
66275  51.174  -16.795  37.791 0.0000000000
145936  51.363  -17.361  37.112 0.0000000000
144817  51.618  -16.609  37.335 0.0000000000
67230  51.833  -16.009  38.041 0.0000000000
67203  52.510  -14.597  39.603 0.0000000000
67218  51.881  -15.646  39.054 0.0000000000
67205  51.001  -15.552  40.407 0.0000000000
68165  52.243  -14.406  41.450 0.0000000000
67172  51.862  -14.599  42.034 0.0000000000
66219  52.342  -15.590  41.827 0.0000000000
66205  51.650  -15.319  42.189 0.0000000000
47468  40.686  -33.539  50.147 0.0000000000
45494  42.263  -35.997  46.967 0.0000000000
45454  42.062  -35.204  47.965 0.0000000000
45473  42.612  -35.631  47.334 0.0000000000
46492  42.880  -35.021  47.746 0.0000000000
45493  43.021  -35.696  46.599 0.0000000000
45508  43.532  -35.225  45.925 0.0000000000
72754  60.017  -9.693  28.016 0.0000000000
73763  60.799  -9.322  28.241 0.0000000000
73762  61.368  -9.288  28.023 0.0000000000
146484  61.068  -9.497  28.620 0.0000000000
71628  61.139  -10.760  29.319 0.0000000000
73747  60.614  -9.894  29.370 0.0000000000
72716  59.437  -10.710  30.299 0.0000000000
71630  60.158  -11.769  30.139 0.0000000000
141153  59.709  -12.221  30.512 0.0000000000
69307  59.294  -12.811  30.588 0.0000000000
70445  59.238  -12.275  30.959 0.0000000000
69249  53.856  -12.893  34.137 0.0000000000
70376  54.647  -12.295  34.669 0.0000000000
70388  55.382  -12.173  34.672 0.0000000000
70389  55.250  -11.983  34.366 0.0000000000
69271  55.677  -12.313  33.116 0.0000000000
67272  53.784  -15.513  33.207 0.0000000000
56675  46.501  -25.868  43.952 0.0000000000
56685  46.438  -25.203  43.423 0.0000000000
58822  45.647  -23.559  44.076 0.0000000000
138819  45.270  -22.791  44.222 0.0000000000
59900  44.572  -22.619  44.210 0.0000000000
59893  45.028  -22.379  44.297 0.0000000000
61021  45.514  -21.288  44.264 0.0000000000
146086  45.681  -21.601  44.256 0.0000000000
61033  47.292  -20.667  43.956 0.0000000000
149506  47.877  -20.070  44.587 0.0000000000
61032  48.402  -20.787  43.891 0.0000000000
61017  49.039  -20.558  44.484 0.0000000000
61044  48.751  -21.179  43.017 0.0000000000
59927  48.508  -22.011  40.264 0.0000000000
61055  49.219  -21.735  40.990 0.0000000000
59926  49.459  -22.033  40.393 0.0000000000
59925  50.228  -22.594  40.257 0.0000000000
59936  49.181  -22.368  39.131 0.0000000000
48484  34.211  -32.705  50.517 0.0000000000
48497  33.622  -32.626  49.632 0.0000000000
136870  35.129  -32.464  50.302 0.0000000000
47432  37.390  -32.948  51.408 0.0000000000
48482  36.444  -32.256  50.997 0.0000000000
48481  37.301  -32.214  50.975 0.0000000000
49568  37.431  -31.939  49.992 0.0000000000
49567  38.015  -31.998  50.649 0.0000000000
48480  38.689  -32.271  50.668 0.0000000000
46446  38.468  -34.085  50.481 0.0000000000
67251  51.928  -15.444  35.291 0.0000000000
68232  52.701  -14.013  34.895 0.0000000000
144053  54.654  -12.728  36.806 0.0000000000
154816  55.043  -12.378  36.347 0.0000000000
69229  55.337  -12.677  36.593 0.0000000000
69228  55.503  -12.896  36.492 0.0000000000
147098  55.509  -13.431  36.919 0.0000000000
153633  55.332  -14.058  37.205 0.0000000000
67228  54.628  -15.455  38.067 0.0000000000
67182  54.170  -14.134  40.387 0.0000000000
67202  54.536  -14.827  39.909 0.0000000000
66227  54.282  -15.544  40.094 0.0000000000
146947  53.812  -18.555  38.612 0.0000000000
65268  54.185  -17.060  38.940 0.0000000000
64313  53.964  -19.415  38.101 0.0000000000
139219  46.952  -30.810  46.616 0.0000000000
50687  46.784  -30.277  46.621 0.0000000000
50686  47.266  -30.421  46.359 0.0000000000
50705  47.864  -30.566  44.439 0.0000000000
51802  47.776  -30.012  45.071 0.0000000000
51817  47.734  -29.797  44.567 0.0000000000
51818  47.603  -29.144  44.652 0.0000000000
51830  47.667  -29.556  43.871 0.0000000000
49670  47.698  -31.623  41.484 0.0000000000
49684  47.372  -31.737  40.829 0.0000000000
51878  46.773  -29.913  40.859 0.0000000000
51860  47.233  -30.176  41.519 0.0000000000
53049  47.289  -28.848  42.299 0.0000000000
137962  46.915  -28.109  41.831 0.0000000000
54361  46.792  -27.402  42.209 0.0000000000
151149  46.667  -28.030  40.988 0.0000000000
54380  46.226  -27.722  39.125 0.0000000000
54372  46.715  -27.134  40.467 0.0000000000
147157  46.583  -26.997  39.618 0.0000000000
55597  46.704  -26.125  40.044 0.0000000000
55605  46.600  -26.230  39.238 0.0000000000
55616  46.576  -25.902  38.524 0.0000000000
55617  46.456  -26.543  38.038 0.0000000000
49586  40.442  -31.707  48.920 0.0000000000
49601  39.858  -31.920  48.058 0.0000000000
49600  40.706  -31.729  48.140 0.0000000000
49612  43.478  -31.491  47.208 0.0000000000
49627  44.020  -31.761  46.029 0.0000000000
50675  45.309  -31.015  47.289 0.0000000000
49596  45.437  -31.601  47.536 0.0000000000
47527  45.914  -33.703  45.885 0.0000000000
47510  46.349  -32.993  46.222 0.0000000000
47526  46.569  -33.074  45.466 0.0000000000
48577  47.233  -32.636  45.003 0.0000000000
47538  46.836  -33.005  44.670 0.0000000000
147547  44.348  -34.637  44.764 0.0000000000
46541  46.585  -33.926  42.294 0.0000000000
70526  62.541  -12.107  25.571 0.0000000000
70487  60.136  -12.606  28.419 0.0000000000
69273  53.595  -12.747  32.404 0.0000000000
69290  52.953  -13.528  31.667 0.0000000000
157235  53.273  -12.880  31.701 0.0000000000
133598  56.099  -10.363  30.528 0.0000000000
72732  55.729  -10.430  29.635 0.0000000000
72743  56.379  -10.543  28.913 0.0000000000
72731  56.604  -10.281  29.987 0.0000000000
155050  57.339  -10.354  30.358 0.0000000000
146206  57.788  -12.345  31.959 0.0000000000
143938  58.038  -11.901  31.947 0.0000000000
69286  58.386  -12.763  31.537 0.0000000000
148930  58.149  -13.359  31.151 0.0000000000
69309  57.353  -13.798  30.748 0.0000000000
69289  55.536  -13.228  32.000 0.0000000000
67292  54.454  -15.423  30.218 0.0000000000
67291  55.433  -15.150  29.782 0.0000000000
138133  56.264  -14.715  29.934 0.0000000000
57736  44.760  -24.613  45.069 0.0000000000
56669  44.744  -24.977  44.852 0.0000000000
133984  44.058  -24.558  43.975 0.0000000000
62028  45.563  -20.353  42.829 0.0000000000
63224  47.106  -19.702  40.464 0.0000000000
65270  47.732  -16.768  39.964 0.0000000000
65284  46.908  -17.143  38.657 0.0000000000
66247  47.370  -16.490  39.122 0.0000000000
66266  47.539  -16.215  38.546 0.0000000000
67187  47.709  -16.211  39.249 0.0000000000
67207  48.462  -16.130  39.856 0.0000000000
66229  48.491  -16.236  40.807 0.0000000000
65241  50.023  -17.132  43.002 0.0000000000
66207  50.058  -16.341  42.603 0.0000000000
65240  50.403  -17.122  42.586 0.0000000000
65251  51.054  -17.483  41.840 0.0000000000
64271  50.549  -18.251  42.603 0.0000000000
62012  50.536  -21.130  44.199 0.0000000000
61995  50.516  -20.432  44.346 0.0000000000
61030  51.194  -21.591  43.795 0.0000000000
59906  52.293  -22.674  42.598 0.0000000000
62026  52.005  -21.141  42.975 0.0000000000
61041  52.515  -21.945  42.483 0.0000000000
62043  52.476  -21.015  41.947 0.0000000000
61054  53.139  -21.551  41.298 0.0000000000
137585  53.306  -22.224  41.336 0.0000000000
151078  53.349  -24.326  40.556 0.0000000000
56738  46.759  -24.747  37.281 0.0000000000
58870  47.065  -23.776  38.029 0.0000000000
57795  47.138  -23.895  37.181 0.0000000000
46394  32.799  -34.416  52.503 0.0000000000
44303  33.145  -35.487  52.153 0.0000000000
159047  32.318  -36.623  52.486 0.0000000000
65294  50.799  -17.694  37.411 0.0000000000
143012  50.757  -16.780  38.413 0.0000000000
154402  50.792  -16.636  39.037 0.0000000000
45456  40.367  -35.168  48.398 0.0000000000
46479  40.724  -34.928  48.961 0.0000000000
45475  40.936  -35.423  47.602 0.0000000000
45495  41.457  -35.894  46.997 0.0000000000
72740  59.879  -9.652  28.815 0.0000000000
70362  55.339  -12.249  35.566 0.0000000000
70374  55.466  -12.405  35.373 0.0000000000
69248  55.390  -12.809  34.614 0.0000000000
68242  54.780  -13.620  33.483 0.0000000000
56694  46.649  -25.314  41.724 0.0000000000
57751  46.486  -24.871  42.570 0.0000000000
157524  46.258  -24.071  42.456 0.0000000000
58831  46.125  -23.226  42.951 0.0000000000
59899  46.038  -21.878  44.120 0.0000000000
59910  46.431  -21.998  43.105 0.0000000000
59909  47.086  -21.732  42.258 0.0000000000
61057  47.961  -21.361  42.044 0.0000000000
59949  47.669  -22.794  39.082 0.0000000000
47434  35.804  -33.407  51.935 0.0000000000
46429  37.243  -33.845  51.252 0.0000000000
46447  37.747  -34.242  50.615 0.0000000000
45424  38.163  -34.537  50.103 0.0000000000
45425  37.564  -34.718  50.152 0.0000000000
137978  51.893  -16.091  36.064 0.0000000000
67250  52.284  -14.683  35.300 0.0000000000
68221  52.717  -14.067  35.808 0.0000000000
69215  54.995  -12.972  37.677 0.0000000000
69214  54.899  -13.388  37.907 0.0000000000
68210  55.219  -13.526  37.561 0.0000000000
68199  55.100  -13.904  38.141 0.0000000000
67216  54.792  -14.344  38.557 0.0000000000
66228  53.910  -15.883  40.329 0.0000000000
154649  53.556  -16.823  39.956 0.0000000000
63232  54.139  -19.849  38.497 0.0000000000
63233  53.996  -19.777  39.052 0.0000000000
62074  53.836  -20.426  39.267 0.0000000000
134972  53.626  -20.930  39.607 0.0000000000
49625  47.578  -31.346  45.453 0.0000000000
49637  47.762  -31.708  44.770 0.0000000000
49636  47.949  -31.365  44.269 0.0000000000
139447  47.972  -31.014  43.576 0.0000000000
138577  46.627  -31.283  40.215 0.0000000000
53082  46.601  -28.916  40.656 0.0000000000
53092  46.194  -28.652  39.696 0.0000000000
53093  45.891  -28.535  38.865 0.0000000000
48506  42.083  -31.982  49.320 0.0000000000
49584  42.227  -31.697  48.704 0.0000000000
49614  41.727  -31.744  47.111 0.0000000000
156122  43.018  -31.508  47.823 0.0000000000
49597  43.788  -31.581  47.958 0.0000000000
137902  44.700  -31.512  47.705 0.0000000000
48519  45.641  -32.172  47.566 0.0000000000
47496  45.410  -32.907  47.470 0.0000000000
47511  45.700  -33.448  46.631 0.0000000000
46515  45.263  -34.122  45.633 0.0000000000
71667  63.100  -11.203  26.286 0.0000000000
71684  62.910  -11.850  25.978 0.0000000000
70527  61.597  -12.206  25.919 0.0000000000
70432  53.547  -12.296  31.718 0.0000000000
71608  54.029  -11.462  31.814 0.0000000000
71620  54.400  -11.029  31.345 0.0000000000
72721  54.396  -10.860  30.350 0.0000000000
137915  56.013  -10.491  31.553 0.0000000000
72706  56.728  -10.791  32.085 0.0000000000
72705  57.530  -10.938  31.812 0.0000000000
72688  57.044  -11.217  32.258 0.0000000000
71587  57.306  -11.375  32.166 0.0000000000
70431  56.974  -12.279  32.154 0.0000000000
67284  54.043  -14.831  31.548 0.0000000000
150163  54.383  -14.870  30.940 0.0000000000
140230  53.923  -15.263  30.902 0.0000000000
54277  46.320  -27.623  46.061 0.0000000000
150532  44.493  -23.372  44.336 0.0000000000
56678  43.687  -24.271  43.285 0.0000000000
58823  43.694  -23.573  43.219 0.0000000000
58844  43.302  -23.907  41.571 0.0000000000
63186  46.615  -19.862  44.036 0.0000000000
62044  46.530  -20.081  42.099 0.0000000000
145037  47.197  -19.531  42.584 0.0000000000
63223  47.545  -18.998  41.114 0.0000000000
63234  47.340  -18.905  40.373 0.0000000000
64299  47.171  -18.128  39.909 0.0000000000
64291  47.567  -18.163  40.709 0.0000000000
65260  47.940  -17.219  40.991 0.0000000000
66221  48.469  -16.744  41.573 0.0000000000
157823  48.591  -16.425  41.352 0.0000000000
66209  49.071  -16.797  42.435 0.0000000000
65229  49.689  -17.642  43.057 0.0000000000
64259  49.914  -18.294  43.478 0.0000000000
58841  51.562  -22.716  42.489 0.0000000000
59898  51.479  -22.047  43.316 0.0000000000
144962  51.976  -23.280  42.323 0.0000000000
58839  52.631  -23.749  41.754 0.0000000000
58838  53.041  -23.938  41.336 0.0000000000
57761  52.735  -24.480  41.271 0.0000000000
146174  34.218  -32.885  51.459 0.0000000000
48473  33.666  -33.136  51.813 0.0000000000
48472  34.399  -33.100  51.883 0.0000000000
47414  34.867  -33.600  52.035 0.0000000000
45412  35.849  -35.028  51.413 0.0000000000
156813  35.923  -35.401  49.836 0.0000000000
44341  34.778  -35.799  50.861 0.0000000000
44314  33.273  -36.271  51.609 0.0000000000
66291  51.705  -16.822  36.690 0.0000000000
157659  52.229  -15.186  37.724 0.0000000000
152704  52.786  -14.380  37.996 0.0000000000
68192  54.018  -13.375  39.308 0.0000000000
68193  53.116  -13.997  39.047 0.0000000000
68178  53.441  -13.899  40.123 0.0000000000
68163  53.474  -14.354  41.064 0.0000000000
67204  51.821  -15.152  40.016 0.0000000000
68164  53.072  -14.110  41.064 0.0000000000
157098  52.592  -16.260  41.221 0.0000000000
48659  48.265  -33.065  41.340 0.0000000000
49588  38.760  -31.844  49.030 0.0000000000
49602  39.049  -32.038  48.210 0.0000000000
49575  40.175  -31.807  49.672 0.0000000000
48493  40.720  -32.431  50.093 0.0000000000
48492  41.486  -32.224  49.634 0.0000000000
46478  41.574  -34.714  48.743 0.0000000000
47482  41.936  -33.712  49.273 0.0000000000
47466  42.130  -32.602  49.480 0.0000000000
47481  42.710  -33.232  49.012 0.0000000000
46476  43.214  -34.006  48.315 0.0000000000
46505  43.861  -34.877  46.635 0.0000000000
45491  44.036  -34.870  46.023 0.0000000000
140986  43.478  -35.504  44.326 0.0000000000
71649  61.729  -10.465  28.235 0.0000000000
71650  61.667  -11.461  28.026 0.0000000000
71637  61.435  -11.138  28.821 0.0000000000
71638  61.036  -11.626  29.185 0.0000000000
70459  60.488  -12.060  29.543 0.0000000000
72728  60.644  -10.381  29.539 0.0000000000
70473  60.138  -12.556  29.355 0.0000000000
69326  59.491  -12.979  29.820 0.0000000000
69328  57.880  -13.950  29.957 0.0000000000
69274  53.182  -13.639  32.657 0.0000000000
70411  54.385  -11.921  33.380 0.0000000000
70390  54.513  -12.273  34.009 0.0000000000
70410  55.298  -11.555  33.725 0.0000000000
71589  55.899  -11.350  33.265 0.0000000000
135643  55.895  -11.579  33.325 0.0000000000
68252  54.330  -14.203  32.337 0.0000000000
66331  53.227  -16.434  31.243 0.0000000000
55564  46.686  -26.622  44.577 0.0000000000
56659  46.259  -25.792  45.312 0.0000000000
56667  46.405  -25.794  44.858 0.0000000000
56668  46.248  -25.088  45.008 0.0000000000
57735  45.329  -24.418  44.822 0.0000000000
58811  45.373  -23.959  44.645 0.0000000000
139032  44.845  -23.846  44.608 0.0000000000
58813  44.770  -23.144  44.347 0.0000000000
153213  44.280  -22.266  43.999 0.0000000000
61048  43.845  -22.206  42.525 0.0000000000
61047  44.259  -21.508  42.397 0.0000000000
61035  44.315  -21.699  43.503 0.0000000000
137938  45.291  -20.587  43.649 0.0000000000
62013  45.643  -20.609  44.145 0.0000000000
61034  46.457  -21.090  44.171 0.0000000000
61020  46.306  -20.685  44.293 0.0000000000
63170  46.869  -20.004  44.319 0.0000000000
63169  47.830  -19.712  44.326 0.0000000000
64234  48.427  -19.475  44.393 0.0000000000
61987  48.971  -19.669  44.628 0.0000000000
63168  49.430  -19.409  44.498 0.0000000000
61996  49.305  -20.148  44.695 0.0000000000
154568  49.772  -21.257  44.003 0.0000000000
61042  50.607  -21.693  43.460 0.0000000000
61056  49.198  -21.455  41.981 0.0000000000
59916  50.609  -21.938  42.552 0.0000000000
59915  50.934  -22.541  41.517 0.0000000000
48508  37.272  -32.363  48.015 0.0000000000
48483  35.735  -32.360  50.959 0.0000000000
49590  36.917  -32.100  49.000 0.0000000000
49589  37.844  -31.952  49.064 0.0000000000
159451  39.190  -31.975  50.354 0.0000000000
47449  39.531  -33.341  50.595 0.0000000000
46462  39.590  -34.697  49.861 0.0000000000
46463  38.815  -34.642  49.949 0.0000000000
45439  39.143  -34.963  49.358 0.0000000000
45438  39.931  -35.049  49.180 0.0000000000
69250  53.241  -13.528  34.385 0.0000000000
149182  53.889  -12.780  34.991 0.0000000000
69241  53.345  -13.341  35.505 0.0000000000
69230  54.377  -12.595  35.939 0.0000000000
70349  55.501  -12.442  35.982 0.0000000000
68220  55.532  -13.359  36.177 0.0000000000
67249  54.958  -14.996  35.866 0.0000000000
149205  54.818  -15.416  36.433 0.0000000000
66290  54.552  -16.627  36.721 0.0000000000
68176  54.586  -13.946  39.508 0.0000000000
67201  54.765  -14.385  39.166 0.0000000000
66242  54.660  -15.544  38.981 0.0000000000
148316  45.542  -29.983  45.502 0.0000000000
52987  46.411  -28.608  46.298 0.0000000000
50698  47.623  -30.381  45.712 0.0000000000
51803  47.659  -29.346  45.615 0.0000000000
52986  47.079  -28.197  46.194 0.0000000000
147044  47.513  -28.105  45.870 0.0000000000
54296  47.365  -27.841  45.447 0.0000000000
54336  47.343  -27.995  44.501 0.0000000000
48640  48.057  -32.322  41.677 0.0000000000
49669  47.927  -31.677  42.149 0.0000000000
51843  47.777  -30.328  43.211 0.0000000000
50738  47.150  -30.861  41.010 0.0000000000
50718  47.578  -30.396  42.260 0.0000000000
51844  47.532  -29.594  42.789 0.0000000000
53028  47.411  -28.854  43.258 0.0000000000
145889  47.245  -28.113  43.683 0.0000000000
148599  46.973  -27.408  44.174 0.0000000000
54350  46.839  -27.479  43.168 0.0000000000
55582  46.691  -26.789  42.672 0.0000000000
55590  46.754  -26.393  41.744 0.0000000000
56704  46.781  -25.674  40.872 0.0000000000
143468  46.670  -25.003  40.088 0.0000000000
57781  46.831  -24.262  39.437 0.0000000000
56726  46.693  -24.841  38.170 0.0000000000
56739  46.477  -25.463  36.636 0.0000000000
54405  46.099  -27.120  36.995 0.0000000000
55640  46.152  -26.395  36.388 0.0000000000
48523  38.659  -32.315  47.612 0.0000000000
49615  40.756  -31.943  47.175 0.0000000000
50689  45.306  -30.709  46.593 0.0000000000
49610  46.419  -30.957  46.926 0.0000000000
49609  46.811  -31.427  46.635 0.0000000000
48535  46.628  -32.201  46.531 0.0000000000
48534  47.172  -31.805  45.968 0.0000000000
48555  47.429  -32.090  45.234 0.0000000000
47537  47.462  -32.644  44.260 0.0000000000
47561  47.619  -33.207  42.651 0.0000000000
46516  44.672  -34.553  45.822 0.0000000000
46524  45.163  -33.895  44.628 0.0000000000
46531  45.452  -33.606  43.309 0.0000000000
47550  46.137  -33.312  44.062 0.0000000000
47562  46.888  -33.485  42.683 0.0000000000
45388  30.709  -35.449  53.848 0.0000000000
70553  63.167  -12.296  23.769 0.0000000000
144806  58.059  -10.404  30.167 0.0000000000
71619  59.014  -11.270  30.817 0.0000000000
147267  58.360  -11.707  31.634 0.0000000000
70429  58.894  -11.740  31.183 0.0000000000
70446  58.898  -12.721  31.142 0.0000000000
149546  58.067  -13.712  30.536 0.0000000000
69288  56.453  -13.300  31.467 0.0000000000
68266  56.420  -14.201  30.472 0.0000000000
159802  56.862  -14.338  30.130 0.0000000000
68282  56.696  -14.512  29.716 0.0000000000
68300  55.910  -15.029  28.549 0.0000000000
141742  47.955  -16.504  36.870 0.0000000000
56661  45.718  -25.387  45.376 0.0000000000
147583  44.469  -25.425  44.606 0.0000000000
66293  47.213  -16.711  36.650 0.0000000000
66278  48.373  -16.242  37.662 0.0000000000
66264  48.839  -16.092  38.392 0.0000000000
67206  49.812  -15.798  40.615 0.0000000000
136565  50.049  -15.364  41.530 0.0000000000
67174  49.812  -15.666  41.861 0.0000000000
67173  50.761  -15.066  41.968 0.0000000000
66206  51.164  -16.193  42.121 0.0000000000
64281  51.762  -18.002  40.858 0.0000000000
63167  50.128  -19.570  44.358 0.0000000000
63184  50.130  -18.983  43.915 0.0000000000
64258  50.308  -18.752  43.416 0.0000000000
61029  51.705  -21.622  43.344 0.0000000000
62027  51.461  -20.564  43.405 0.0000000000
63199  50.976  -19.532  42.837 0.0000000000
156950  51.488  -19.733  42.085 0.0000000000
63210  51.981  -20.013  41.291 0.0000000000
62058  53.409  -20.964  40.043 0.0000000000
59934  53.558  -21.961  39.841 0.0000000000
139269  53.362  -23.390  41.051 0.0000000000
136620  53.421  -23.232  40.491 0.0000000000
147069  47.160  -23.550  38.853 0.0000000000
59948  48.435  -22.451  38.636 0.0000000000
58887  47.680  -23.438  36.478 0.0000000000
58878  48.253  -22.895  36.945 0.0000000000
59956  48.509  -22.502  37.695 0.0000000000
58877  49.498  -22.574  37.682 0.0000000000
44377  41.754  -36.093  46.466 0.0000000000
45385  32.716  -35.034  52.624 0.0000000000
45413  35.068  -35.087  51.496 0.0000000000
45455  41.194  -35.132  48.131 0.0000000000
45492  43.508  -35.200  46.409 0.0000000000
45524  43.488  -35.389  43.308 0.0000000000
46431  35.477  -34.369  51.830 0.0000000000
46444  39.966  -33.918  50.328 0.0000000000
46491  43.631  -34.645  47.493 0.0000000000
47433  36.634  -33.232  51.652 0.0000000000
47448  40.093  -32.920  50.507 0.0000000000
47450  38.815  -33.212  50.808 0.0000000000
47467  41.415  -33.061  49.839 0.0000000000
47548  47.722  -32.745  43.451 0.0000000000
47563  46.277  -33.342  43.175 0.0000000000
48465  33.536  -33.577  51.958 0.0000000000
48470  36.764  -32.631  51.359 0.0000000000
48479  39.395  -32.591  50.610 0.0000000000
48485  33.560  -32.925  51.101 0.0000000000
48494  39.365  -31.782  49.776 0.0000000000
48504  43.575  -32.015  48.498 0.0000000000
48518  46.187  -31.708  47.249 0.0000000000
48520  44.943  -32.178  47.947 0.0000000000
48575  47.906  -32.033  44.133 0.0000000000
48599  47.769  -32.421  44.008 0.0000000000
48639  48.148  -32.693  42.021 0.0000000000
49569  36.769  -32.096  50.371 0.0000000000
49570  36.015  -32.252  50.102 0.0000000000
49613  42.588  -31.617  47.101 0.0000000000
50699  45.742  -30.075  46.183 0.0000000000
50717  47.857  -31.053  42.676 0.0000000000
50728  47.493  -30.855  41.665 0.0000000000
51790  47.341  -29.598  46.304 0.0000000000
52985  47.527  -28.696  46.069 0.0000000000
52997  45.920  -28.698  46.067 0.0000000000
53009  47.506  -28.369  45.030 0.0000000000
54318  47.154  -27.400  45.013 0.0000000000
54393  46.279  -27.317  38.283 0.0000000000
55534  46.505  -27.033  45.776 0.0000000000
55552  45.577  -25.999  45.726 0.0000000000
55628  46.307  -26.378  37.253 0.0000000000
56662  44.997  -25.176  45.245 0.0000000000
56670  44.387  -24.902  44.475 0.0000000000
56676  46.165  -25.130  44.341 0.0000000000
57730  45.633  -25.077  45.143 0.0000000000
57731  45.426  -24.969  45.103 0.0000000000
57734  45.581  -24.659  44.903 0.0000000000
57743  44.012  -23.767  43.999 0.0000000000
57763  46.463  -24.371  41.698 0.0000000000
57770  53.226  -25.103  40.667 0.0000000000
57772  52.689  -25.005  40.903 0.0000000000
58814  44.008  -22.926  43.910 0.0000000000
58829  52.816  -23.413  41.780 0.0000000000
58830  52.323  -23.301  42.234 0.0000000000
58833  43.497  -23.442  42.389 0.0000000000
58850  53.266  -24.207  40.907 0.0000000000
58860  51.572  -24.526  39.845 0.0000000000
58862  47.101  -23.370  39.610 0.0000000000
59897  51.998  -22.280  43.014 0.0000000000
59901  43.918  -22.460  43.327 0.0000000000
59908  51.287  -22.115  43.131 0.0000000000
59914  53.221  -23.041  41.423 0.0000000000
59947  49.311  -22.432  38.391 0.0000000000
59957  47.619  -22.871  38.249 0.0000000000
61016  49.813  -20.701  44.494 0.0000000000
61018  48.087  -20.293  44.391 0.0000000000
61063  53.432  -21.541  40.411 0.0000000000
61070  53.592  -21.309  39.736 0.0000000000
61988  48.641  -19.637  44.532 0.0000000000
61998  48.148  -19.852  44.538 0.0000000000
61999  47.212  -20.101  44.387 0.0000000000
62000  46.140  -20.521  44.287 0.0000000000
62014  44.933  -21.018  44.026 0.0000000000
62029  44.731  -20.893  43.135 0.0000000000
63157  48.843  -19.154  44.383 0.0000000000
63171  46.135  -20.101  44.213 0.0000000000
63183  50.782  -19.802  43.927 0.0000000000
63200  47.336  -19.520  43.519 0.0000000000
63201  46.439  -19.865  43.268 0.0000000000
63212  47.734  -18.970  42.071 0.0000000000
64243  49.644  -18.789  44.012 0.0000000000
64244  49.143  -18.686  44.035 0.0000000000
64261  48.705  -18.481  43.623 0.0000000000
64262  48.160  -18.783  43.605 0.0000000000
64300  46.792  -18.004  39.151 0.0000000000
64328  50.538  -18.360  37.153 0.0000000000
65230  48.870  -17.978  43.096 0.0000000000
65242  48.876  -17.387  42.746 0.0000000000
65243  48.657  -17.509  42.626 0.0000000000
65305  51.199  -18.212  36.839 0.0000000000
66192  49.390  -17.458  42.939 0.0000000000
66193  49.068  -17.206  42.802 0.0000000000
66220  48.886  -16.557  41.907 0.0000000000
66243  54.113  -16.447  39.638 0.0000000000
66246  49.185  -16.086  39.349 0.0000000000
66279  47.537  -16.321  37.603 0.0000000000
67161  50.751  -15.642  42.195 0.0000000000
67162  50.042  -15.790  42.274 0.0000000000
67163  49.423  -16.239  42.122 0.0000000000
67170  53.092  -14.881  41.602 0.0000000000
67171  52.247  -14.838  42.103 0.0000000000
67184  51.644  -14.754  40.964 0.0000000000
67219  48.416  -15.977  38.882 0.0000000000
67220  47.900  -16.006  38.921 0.0000000000
69194  54.655  -13.554  38.969 0.0000000000
69240  55.544  -12.733  35.920 0.0000000000
69308  58.676  -13.208  30.959 0.0000000000
70472  60.783  -12.225  28.940 0.0000000000
71617  60.143  -10.893  30.055 0.0000000000
72689  56.497  -11.040  32.624 0.0000000000
72704  58.348  -11.265  31.417 0.0000000000
72717  58.668  -10.773  30.648 0.0000000000
72739  61.021  -9.903  29.145 0.0000000000
73761  61.799  -9.499  27.737 0.0000000000
73772  62.224  -8.978  27.041 0.0000000000
132718  49.965  -22.139  40.918 0.0000000000
133252  48.062  -32.140  42.259 0.0000000000
133913  38.083  -32.627  51.073 0.0000000000
134225  46.888  -34.591  41.915 0.0000000000
134748  49.046  -16.165  41.593 0.0000000000
135115  49.235  -22.179  39.804 0.0000000000
137100  45.929  -25.800  45.668 0.0000000000
138686  53.382  -24.920  40.197 0.0000000000
139173  53.749  -14.007  40.540 0.0000000000
139185  48.219  -16.524  40.739 0.0000000000
140423  46.971  -29.469  41.331 0.0000000000
142491  47.629  -29.181  45.099 0.0000000000
143433  51.963  -19.077  40.689 0.0000000000
146951  45.452  -26.538  45.508 0.0000000000
148323  44.691  -34.450  45.432 0.0000000000
149042  47.091  -28.872  46.441 0.0000000000
149043  47.496  -17.444  40.178 0.0000000000
150788  50.183  -20.678  44.487 0.0000000000
151015  49.767  -17.012  42.859 0.0000000000
151293  39.226  -32.222  47.568 0.0000000000
152120  52.260  -23.797  41.774 0.0000000000
154110  34.083  -33.759  52.016 0.0000000000
155883  51.666  -21.104  43.502 0.0000000000
155935  52.289  -24.861  40.730 0.0000000000
156078  53.014  -22.137  41.823 0.0000000000
156944  46.891  -24.298  37.671 0.0000000000
157418  40.266  -31.946  47.598 0.0000000000
157843  51.502  -14.984  42.188 0.0000000000
158174  40.885  -31.896  49.568 0.0000000000
158621  51.478  -14.725  41.611 0.0000000000
158703  49.627  -22.451  39.570 0.0000000000
159033  60.345  -9.486  28.586 0.0000000000
159586  61.366  -10.348  28.930 0.0000000000
