#!ascii label  , from subject sub125 vox2ras=TkReg
950
96400  43.112  13.082  14.520 0.0000000000
97405  46.273  14.087  2.315 0.0000000000
103943  52.732  19.944  -0.681 0.0000000000
93522  46.540  9.505  -6.239 0.0000000000
91210  45.159  8.213  11.103 0.0000000000
102042  55.329  18.678  6.920 0.0000000000
96516  46.675  12.638  -4.548 0.0000000000
101130  41.629  17.718  1.527 0.0000000000
101070  50.011  17.647  8.157 0.0000000000
97354  46.719  12.916  9.510 0.0000000000
92327  45.801  9.375  4.747 0.0000000000
103916  48.605  20.996  3.282 0.0000000000
102139  44.199  18.623  -1.992 0.0000000000
101151  51.231  17.289  -0.178 0.0000000000
101213  46.198  17.329  -7.176 0.0000000000
101103  43.396  17.555  3.918 0.0000000000
140981  47.242  14.690  12.363 0.0000000000
97349  45.676  12.983  11.648 0.0000000000
144901  44.699  8.407  8.660 0.0000000000
104741  54.309  21.521  3.141 0.0000000000
104720  51.611  21.308  4.774 0.0000000000
103924  50.644  20.774  1.924 0.0000000000
101152  46.792  17.874  0.651 0.0000000000
102124  48.628  18.650  -1.178 0.0000000000
99268  48.439  15.630  5.018 0.0000000000
101101  50.160  17.725  3.807 0.0000000000
99294  48.788  15.324  1.309 0.0000000000
95576  47.965  12.194  -7.317 0.0000000000
144453  46.822  15.010  -6.683 0.0000000000
96536  45.778  12.754  -7.319 0.0000000000
98401  44.939  14.252  -5.376 0.0000000000
93511  45.137  10.096  -4.485 0.0000000000
148745  44.888  8.728  -1.341 0.0000000000
95422  39.887  10.921  13.757 0.0000000000
94397  43.771  10.809  11.771 0.0000000000
103921  55.918  20.026  2.314 0.0000000000
95530  45.528  11.556  0.336 0.0000000000
97425  46.484  13.838  -1.131 0.0000000000
94544  46.736  10.687  -2.497 0.0000000000
94562  49.634  11.701  -6.295 0.0000000000
99231  53.156  15.566  10.916 0.0000000000
100128  50.154  15.634  11.861 0.0000000000
99243  48.205  15.930  8.919 0.0000000000
97383  47.113  14.096  5.999 0.0000000000
94414  45.942  10.696  10.530 0.0000000000
96443  44.709  11.950  6.734 0.0000000000
96473  44.636  12.177  3.298 0.0000000000
93417  46.603  9.401  2.284 0.0000000000
147895  36.892  10.010  16.079 0.0000000000
103890  49.945  20.736  6.610 0.0000000000
138981  47.039  20.633  4.834 0.0000000000
102098  45.641  18.191  2.821 0.0000000000
101155  42.503  17.828  -0.158 0.0000000000
98374  42.975  14.876  -0.475 0.0000000000
102032  53.115  18.195  7.317 0.0000000000
141418  53.275  18.709  2.913 0.0000000000
102122  53.711  18.651  -1.311 0.0000000000
99325  47.761  15.741  -2.490 0.0000000000
100223  49.668  17.377  -3.791 0.0000000000
103070  50.170  19.164  -4.681 0.0000000000
102167  45.752  18.676  -4.708 0.0000000000
98388  44.101  14.843  -2.242 0.0000000000
101094  43.260  17.655  5.268 0.0000000000
155007  44.871  18.607  5.418 0.0000000000
139318  45.217  13.679  13.520 0.0000000000
96405  44.207  12.926  12.936 0.0000000000
104757  53.678  21.091  1.208 0.0000000000
104742  52.465  21.494  2.940 0.0000000000
103932  51.417  20.478  1.173 0.0000000000
103043  49.838  19.217  0.107 0.0000000000
103052  50.500  19.281  -1.252 0.0000000000
98339  48.040  14.968  3.878 0.0000000000
99279  48.511  15.364  3.069 0.0000000000
155808  47.954  14.659  2.090 0.0000000000
93535  47.103  10.662  -7.484 0.0000000000
96539  47.089  12.741  -8.080 0.0000000000
95571  45.692  11.315  -6.733 0.0000000000
94576  45.239  11.237  -5.799 0.0000000000
94565  45.595  10.000  -5.210 0.0000000000
93498  45.638  9.254  -4.104 0.0000000000
92419  46.212  8.847  -4.810 0.0000000000
94400  40.848  9.938  12.556 0.0000000000
103009  56.520  20.357  4.112 0.0000000000
102069  55.560  18.809  4.889 0.0000000000
158819  46.848  9.750  -0.521 0.0000000000
95545  45.951  11.249  -1.103 0.0000000000
94535  47.198  10.012  -2.055 0.0000000000
93508  49.767  10.903  -5.307 0.0000000000
94571  50.855  11.606  -6.597 0.0000000000
93532  49.847  11.359  -7.357 0.0000000000
98293  47.130  14.468  10.405 0.0000000000
154414  48.066  15.771  10.612 0.0000000000
159694  47.632  14.662  8.844 0.0000000000
98311  47.784  14.492  7.096 0.0000000000
97371  46.863  13.352  7.553 0.0000000000
93320  44.397  9.273  11.510 0.0000000000
94407  45.307  10.227  11.362 0.0000000000
93327  45.759  9.536  10.925 0.0000000000
93363  44.652  9.135  6.914 0.0000000000
153017  44.454  9.898  7.880 0.0000000000
136872  44.396  10.509  6.191 0.0000000000
96457  44.591  12.163  5.617 0.0000000000
93393  44.879  10.146  3.942 0.0000000000
144332  45.370  10.273  2.318 0.0000000000
93405  45.920  9.481  2.983 0.0000000000
92351  49.297  8.687  2.810 0.0000000000
141104  49.889  21.312  3.560 0.0000000000
103889  50.433  20.904  5.997 0.0000000000
145939  48.900  21.372  4.548 0.0000000000
104723  48.413  21.353  5.167 0.0000000000
154143  47.726  21.084  3.932 0.0000000000
103018  46.762  19.900  3.560 0.0000000000
103026  46.985  19.460  2.941 0.0000000000
101165  45.351  17.973  -0.773 0.0000000000
101153  45.145  17.559  0.060 0.0000000000
102128  43.644  18.316  -1.300 0.0000000000
100201  42.310  17.383  -0.683 0.0000000000
100209  42.735  17.393  -1.316 0.0000000000
100139  52.110  16.412  10.006 0.0000000000
136919  53.182  16.980  9.345 0.0000000000
133570  51.241  18.107  7.869 0.0000000000
101124  50.417  17.205  1.719 0.0000000000
102085  51.590  18.449  3.702 0.0000000000
102105  52.123  18.218  1.342 0.0000000000
102104  53.219  18.582  1.052 0.0000000000
101162  52.316  17.614  -0.957 0.0000000000
97436  46.424  13.577  -2.956 0.0000000000
98380  47.518  14.839  -1.171 0.0000000000
98396  46.618  14.420  -3.595 0.0000000000
99346  46.754  15.989  -6.905 0.0000000000
100232  47.379  16.996  -5.182 0.0000000000
101197  47.715  17.931  -5.632 0.0000000000
101194  50.527  18.700  -4.827 0.0000000000
102165  48.089  18.832  -5.234 0.0000000000
139005  47.549  19.276  -4.521 0.0000000000
157580  46.425  18.204  -6.335 0.0000000000
144419  44.141  12.454  -3.592 0.0000000000
98397  44.637  14.080  -4.158 0.0000000000
96509  43.993  12.624  -2.858 0.0000000000
96505  43.214  12.152  -1.552 0.0000000000
102018  54.471  18.010  8.208 0.0000000000
101115  42.320  17.443  3.289 0.0000000000
101129  42.532  17.447  2.374 0.0000000000
98283  48.542  14.512  13.766 0.0000000000
98285  46.961  14.267  13.890 0.0000000000
98291  46.534  14.200  11.827 0.0000000000
97352  46.394  12.942  10.550 0.0000000000
92261  45.296  8.372  10.253 0.0000000000
154298  52.802  21.290  4.215 0.0000000000
104743  51.396  21.405  3.326 0.0000000000
103925  49.893  20.886  2.539 0.0000000000
103034  48.022  19.182  1.937 0.0000000000
103033  48.759  19.376  1.601 0.0000000000
102125  47.577  18.292  -0.888 0.0000000000
102137  45.791  18.649  -2.523 0.0000000000
157772  49.259  17.373  6.619 0.0000000000
101085  50.522  18.198  5.744 0.0000000000
142340  49.223  16.669  3.898 0.0000000000
138258  49.352  16.606  2.773 0.0000000000
100188  49.640  16.524  1.014 0.0000000000
95570  47.445  12.416  -6.309 0.0000000000
98400  46.723  14.483  -5.051 0.0000000000
96535  47.194  13.601  -7.704 0.0000000000
136639  46.721  14.274  -7.689 0.0000000000
98412  46.172  15.148  -7.627 0.0000000000
99347  45.588  16.105  -6.864 0.0000000000
97453  45.554  13.993  -6.963 0.0000000000
96524  44.402  11.934  -4.512 0.0000000000
150691  43.943  10.790  -3.377 0.0000000000
92387  45.693  8.455  -2.003 0.0000000000
96408  41.956  12.145  13.939 0.0000000000
96413  43.282  12.178  12.904 0.0000000000
95428  42.053  11.154  12.532 0.0000000000
93312  42.490  9.657  11.736 0.0000000000
92250  43.122  8.134  11.635 0.0000000000
104716  56.267  21.670  5.270 0.0000000000
134038  55.906  21.214  3.254 0.0000000000
103938  54.540  20.165  0.266 0.0000000000
149483  45.381  12.814  1.372 0.0000000000
97411  46.372  13.941  0.934 0.0000000000
158142  45.827  13.094  0.041 0.0000000000
96504  45.987  12.023  -1.778 0.0000000000
95557  46.715  11.776  -4.003 0.0000000000
93497  48.375  9.978  -3.594 0.0000000000
156608  47.493  10.839  -4.392 0.0000000000
95562  47.691  11.728  -5.914 0.0000000000
95569  48.171  12.276  -6.876 0.0000000000
93534  48.014  10.499  -7.335 0.0000000000
92440  47.174  9.761  -6.824 0.0000000000
91384  47.026  8.087  -5.608 0.0000000000
99233  52.089  15.088  11.342 0.0000000000
100133  50.544  16.606  10.619 0.0000000000
138055  48.587  15.473  12.269 0.0000000000
100135  48.755  16.369  10.661 0.0000000000
100149  49.329  17.147  8.919 0.0000000000
99257  48.398  15.958  6.937 0.0000000000
98324  48.125  15.080  5.663 0.0000000000
98333  46.834  14.126  4.268 0.0000000000
95425  44.759  11.559  11.745 0.0000000000
95431  45.741  11.390  11.092 0.0000000000
96421  46.519  12.251  9.648 0.0000000000
94423  45.078  9.682  9.450 0.0000000000
95447  45.709  11.238  9.000 0.0000000000
96441  46.142  12.675  7.910 0.0000000000
97378  45.823  13.206  6.342 0.0000000000
97393  45.472  13.291  4.393 0.0000000000
97406  45.550  13.509  2.576 0.0000000000
95519  45.030  12.101  1.696 0.0000000000
94521  46.027  10.192  0.663 0.0000000000
93445  47.312  9.277  0.837 0.0000000000
92340  47.767  8.947  3.361 0.0000000000
92362  48.080  8.957  1.693 0.0000000000
95406  40.108  11.856  15.049 0.0000000000
95415  38.759  10.982  14.772 0.0000000000
92202  36.625  8.491  17.551 0.0000000000
103866  51.228  20.673  8.225 0.0000000000
104693  48.593  21.120  6.682 0.0000000000
102075  45.406  18.813  4.303 0.0000000000
101113  44.687  17.722  3.081 0.0000000000
101128  43.652  17.276  2.272 0.0000000000
102108  46.728  18.115  1.694 0.0000000000
101141  44.973  17.369  1.043 0.0000000000
101143  42.278  17.702  0.675 0.0000000000
102030  54.155  18.132  7.459 0.0000000000
102047  51.592  18.521  6.154 0.0000000000
102060  53.182  18.524  5.724 0.0000000000
102059  54.509  18.396  5.796 0.0000000000
134896  54.486  18.746  2.766 0.0000000000
102102  54.625  19.223  0.435 0.0000000000
103050  53.604  19.576  -1.135 0.0000000000
98365  47.699  14.675  0.678 0.0000000000
139307  48.674  15.555  -0.227 0.0000000000
100200  49.251  16.381  -1.056 0.0000000000
99333  47.397  16.013  -3.476 0.0000000000
100215  48.918  16.931  -2.774 0.0000000000
100205  50.573  16.978  -1.382 0.0000000000
101181  51.516  17.763  -3.315 0.0000000000
102144  52.309  18.889  -3.377 0.0000000000
103058  51.637  19.446  -2.411 0.0000000000
102145  49.485  19.409  -2.917 0.0000000000
102147  46.128  18.942  -3.413 0.0000000000
102160  44.856  18.678  -3.012 0.0000000000
99340  45.190  16.096  -5.544 0.0000000000
100217  44.493  16.423  -3.652 0.0000000000
100218  43.913  16.864  -2.801 0.0000000000
98382  43.497  15.371  -1.533 0.0000000000
92373  44.093  8.397  0.115 0.0000000000
103004  45.149  19.198  5.780 0.0000000000
97342  43.795  13.355  14.391 0.0000000000
97341  44.391  13.429  13.750 0.0000000000
96406  43.613  12.913  13.541 0.0000000000
103931  53.010  20.832  0.747 0.0000000000
155246  52.159  20.803  1.205 0.0000000000
146816  52.402  20.412  0.419 0.0000000000
134110  50.848  19.619  -0.053 0.0000000000
103051  51.898  19.581  -1.230 0.0000000000
98340  47.409  14.506  3.583 0.0000000000
149564  48.042  14.806  3.150 0.0000000000
98349  47.162  14.518  2.044 0.0000000000
156983  46.724  10.003  -6.823 0.0000000000
94583  46.432  11.271  -7.443 0.0000000000
93536  46.232  10.365  -6.697 0.0000000000
94575  45.592  10.536  -5.893 0.0000000000
93523  46.010  9.900  -5.901 0.0000000000
146860  46.110  9.385  -5.423 0.0000000000
92434  46.618  8.760  -5.636 0.0000000000
102028  55.309  18.717  7.691 0.0000000000
102996  56.166  19.456  6.315 0.0000000000
102057  56.018  19.196  5.455 0.0000000000
149435  55.294  18.595  6.218 0.0000000000
93458  47.623  9.409  -0.610 0.0000000000
93472  46.986  9.826  -1.203 0.0000000000
93471  47.828  9.516  -1.523 0.0000000000
93519  51.022  10.828  -6.648 0.0000000000
93531  50.617  11.441  -6.992 0.0000000000
100189  40.889  17.418  1.202 0.0000000000
97351  46.784  13.513  9.940 0.0000000000
98295  47.330  14.354  9.408 0.0000000000
97361  47.055  13.473  9.067 0.0000000000
98302  47.496  14.143  8.462 0.0000000000
149239  47.125  13.383  8.324 0.0000000000
92248  45.020  8.760  11.394 0.0000000000
93319  45.219  9.514  11.369 0.0000000000
92247  45.492  9.141  11.127 0.0000000000
93379  45.235  9.421  5.627 0.0000000000
145648  44.617  9.722  6.253 0.0000000000
93380  44.704  10.089  5.476 0.0000000000
145832  44.706  10.401  4.718 0.0000000000
135413  45.156  9.840  4.723 0.0000000000
93392  45.485  9.627  3.871 0.0000000000
104745  49.060  21.286  3.749 0.0000000000
104733  49.728  21.367  4.373 0.0000000000
103909  48.226  21.244  3.853 0.0000000000
103917  47.927  20.839  3.514 0.0000000000
103017  47.496  20.211  3.260 0.0000000000
103926  48.221  20.464  2.964 0.0000000000
102127  44.598  18.385  -1.481 0.0000000000
101175  43.199  18.187  -1.325 0.0000000000
145858  43.220  18.011  -1.750 0.0000000000
101069  51.013  17.631  8.665 0.0000000000
101068  52.060  17.591  8.682 0.0000000000
101139  50.993  17.307  0.810 0.0000000000
101123  51.235  17.640  1.570 0.0000000000
101150  52.021  17.624  0.023 0.0000000000
98386  46.669  14.425  -2.517 0.0000000000
97444  46.545  13.511  -4.064 0.0000000000
100245  46.548  17.058  -7.098 0.0000000000
100239  47.197  16.966  -6.271 0.0000000000
101207  47.156  18.119  -6.195 0.0000000000
101206  47.959  18.426  -5.495 0.0000000000
102174  46.993  18.358  -6.115 0.0000000000
103078  46.970  18.588  -5.910 0.0000000000
102182  46.100  17.974  -6.872 0.0000000000
95559  43.820  11.368  -3.366 0.0000000000
96518  43.759  11.918  -3.186 0.0000000000
95553  43.506  11.407  -2.780 0.0000000000
96510  43.509  12.013  -2.475 0.0000000000
102077  43.893  17.730  4.635 0.0000000000
101104  42.744  17.483  4.328 0.0000000000
98278  47.215  14.288  14.905 0.0000000000
98286  46.460  14.092  14.374 0.0000000000
97345  45.419  13.516  12.501 0.0000000000
97348  46.038  13.788  12.249 0.0000000000
136677  46.156  13.333  11.321 0.0000000000
104718  54.514  21.531  4.763 0.0000000000
133289  53.236  21.395  3.606 0.0000000000
103923  51.497  20.981  1.849 0.0000000000
104751  51.695  21.328  2.445 0.0000000000
104752  50.675  21.122  2.489 0.0000000000
104744  50.615  21.340  3.049 0.0000000000
103934  49.889  20.366  1.866 0.0000000000
150738  49.166  20.004  2.006 0.0000000000
132240  49.526  19.586  1.286 0.0000000000
102123  49.513  18.899  -0.876 0.0000000000
102114  49.075  18.785  -0.248 0.0000000000
133603  46.642  18.419  -1.756 0.0000000000
102136  47.708  18.623  -2.027 0.0000000000
100166  48.800  16.230  5.353 0.0000000000
100165  49.171  17.004  5.926 0.0000000000
100172  48.818  16.150  4.400 0.0000000000
99287  48.747  15.306  2.094 0.0000000000
99278  49.042  15.979  2.438 0.0000000000
99286  49.174  15.901  1.586 0.0000000000
100181  49.647  16.624  1.868 0.0000000000
99293  49.145  15.941  0.782 0.0000000000
96528  47.794  12.674  -7.192 0.0000000000
153869  47.440  13.084  -6.945 0.0000000000
156776  47.489  13.019  -7.571 0.0000000000
96540  46.532  12.819  -7.854 0.0000000000
97468  46.951  13.544  -8.034 0.0000000000
97469  46.327  13.613  -7.713 0.0000000000
98417  46.376  15.115  -7.597 0.0000000000
97462  45.990  14.325  -7.563 0.0000000000
147770  45.796  13.572  -7.355 0.0000000000
94566  45.004  10.744  -4.922 0.0000000000
95564  44.775  11.643  -5.156 0.0000000000
95558  44.269  11.249  -4.133 0.0000000000
94553  44.484  10.452  -3.973 0.0000000000
93499  44.960  9.786  -3.758 0.0000000000
92405  46.026  8.730  -3.908 0.0000000000
92396  45.806  8.627  -2.976 0.0000000000
95421  40.679  11.260  13.464 0.0000000000
95420  41.517  11.583  13.237 0.0000000000
94389  41.127  10.853  12.756 0.0000000000
93313  41.534  9.321  12.080 0.0000000000
93322  42.309  8.729  11.737 0.0000000000
93321  43.327  9.027  11.541 0.0000000000
103914  56.228  20.420  3.150 0.0000000000
103908  56.347  21.151  3.924 0.0000000000
104739  55.657  20.768  2.293 0.0000000000
158903  55.203  20.732  1.560 0.0000000000
103922  55.511  20.155  1.643 0.0000000000
96486  45.396  12.234  0.848 0.0000000000
97419  45.737  13.111  0.684 0.0000000000
96492  45.636  12.453  -0.024 0.0000000000
135002  46.283  11.199  -1.936 0.0000000000
95552  46.424  11.670  -2.782 0.0000000000
93483  49.124  9.573  -3.042 0.0000000000
93496  49.400  10.124  -4.219 0.0000000000
93509  48.756  10.539  -4.812 0.0000000000
94563  48.076  11.055  -5.323 0.0000000000
94564  47.241  11.275  -4.708 0.0000000000
94574  48.841  11.971  -6.714 0.0000000000
93521  49.139  9.927  -6.983 0.0000000000
94581  49.007  11.506  -7.472 0.0000000000
93533  48.822  10.576  -7.353 0.0000000000
92439  47.960  9.473  -6.697 0.0000000000
92432  47.538  8.312  -5.925 0.0000000000
99226  50.874  14.703  12.865 0.0000000000
99225  51.733  14.768  12.493 0.0000000000
148150  51.146  14.957  11.992 0.0000000000
100127  51.066  15.835  11.188 0.0000000000
100134  49.807  16.413  11.085 0.0000000000
99229  48.070  14.957  12.841 0.0000000000
99236  47.778  15.225  11.893 0.0000000000
99240  48.137  15.947  9.868 0.0000000000
100142  48.706  16.668  9.552 0.0000000000
100150  48.633  16.643  8.509 0.0000000000
100157  48.577  16.565  7.654 0.0000000000
99249  48.262  15.882  7.968 0.0000000000
97377  47.286  13.989  6.865 0.0000000000
98319  47.713  14.544  6.265 0.0000000000
98325  47.581  14.619  5.396 0.0000000000
98332  47.485  14.587  4.512 0.0000000000
98326  46.927  14.167  5.125 0.0000000000
95427  43.034  11.415  12.360 0.0000000000
95426  43.988  11.702  12.109 0.0000000000
94406  45.728  10.489  11.077 0.0000000000
95432  45.305  11.016  11.416 0.0000000000
94405  45.934  10.877  10.743 0.0000000000
95430  46.073  11.528  10.637 0.0000000000
95436  46.233  11.393  10.226 0.0000000000
92262  44.910  8.146  9.401 0.0000000000
93334  44.919  8.841  9.486 0.0000000000
93339  44.570  9.299  8.494 0.0000000000
94442  44.494  10.587  7.734 0.0000000000
95448  44.945  10.930  8.427 0.0000000000
152440  45.271  11.532  8.266 0.0000000000
95446  45.894  11.944  8.553 0.0000000000
95461  45.296  12.078  7.711 0.0000000000
96442  45.458  12.692  7.017 0.0000000000
96466  44.541  12.113  4.143 0.0000000000
96456  44.860  12.636  4.824 0.0000000000
96465  44.949  12.772  3.841 0.0000000000
97399  45.496  13.380  3.470 0.0000000000
96472  44.983  12.885  2.934 0.0000000000
96481  45.142  12.915  2.084 0.0000000000
96482  44.812  12.245  2.486 0.0000000000
93418  45.866  9.774  2.155 0.0000000000
94508  45.604  10.416  1.457 0.0000000000
158967  46.355  9.687  1.404 0.0000000000
93446  46.650  9.642  0.676 0.0000000000
159059  46.847  9.422  1.123 0.0000000000
92361  49.069  8.716  1.906 0.0000000000
93430  48.859  8.870  1.103 0.0000000000
95409  37.666  10.996  15.866 0.0000000000
94375  37.374  10.287  15.620 0.0000000000
94383  37.788  9.847  14.977 0.0000000000
93290  37.267  9.435  15.665 0.0000000000
103877  51.363  20.726  7.178 0.0000000000
103878  50.448  20.649  7.390 0.0000000000
103879  49.384  20.773  7.320 0.0000000000
159022  49.249  20.906  6.448 0.0000000000
103900  47.528  21.072  5.059 0.0000000000
103002  46.485  20.169  5.093 0.0000000000
103012  45.968  19.549  4.631 0.0000000000
103011  46.686  20.228  4.246 0.0000000000
102086  46.252  19.043  3.285 0.0000000000
102087  45.459  18.577  3.597 0.0000000000
101127  44.821  17.425  2.101 0.0000000000
102107  47.504  18.396  1.396 0.0000000000
102096  47.299  18.872  2.275 0.0000000000
101154  44.064  17.637  0.165 0.0000000000
133729  43.082  17.777  0.181 0.0000000000
101142  43.645  17.348  1.120 0.0000000000
101156  41.874  17.686  0.350 0.0000000000
101169  41.788  17.546  0.330 0.0000000000
137062  42.399  15.659  -0.393 0.0000000000
100131  53.260  16.049  10.499 0.0000000000
101067  53.029  17.389  8.672 0.0000000000
101055  53.468  17.069  9.351 0.0000000000
101066  53.617  17.468  8.618 0.0000000000
101065  54.060  17.808  8.085 0.0000000000
102031  53.797  18.106  7.408 0.0000000000
101092  50.318  17.948  4.746 0.0000000000
102062  51.237  18.442  5.190 0.0000000000
102084  52.639  18.539  3.847 0.0000000000
151107  52.618  18.564  5.203 0.0000000000
102072  53.057  18.533  4.769 0.0000000000
102071  54.023  18.533  5.106 0.0000000000
102083  53.877  18.546  3.931 0.0000000000
102082  55.006  18.625  3.622 0.0000000000
158512  53.384  18.325  -0.268 0.0000000000
102103  54.209  18.866  0.663 0.0000000000
102112  54.243  18.893  -0.152 0.0000000000
102120  54.383  19.310  -0.248 0.0000000000
102132  53.744  19.095  -1.445 0.0000000000
98372  46.639  14.124  -0.362 0.0000000000
98366  46.884  14.356  0.400 0.0000000000
98371  47.469  14.673  -0.258 0.0000000000
99318  48.034  15.461  -1.559 0.0000000000
99310  48.174  15.176  -0.671 0.0000000000
99309  48.686  15.932  -1.076 0.0000000000
99308  49.010  16.137  -0.533 0.0000000000
158860  46.861  15.366  -4.155 0.0000000000
156229  46.931  15.926  -5.574 0.0000000000
100231  48.205  17.601  -4.798 0.0000000000
100225  47.746  16.811  -4.080 0.0000000000
100224  48.638  17.233  -3.864 0.0000000000
100214  49.823  16.988  -2.662 0.0000000000
100213  50.640  17.191  -2.450 0.0000000000
101174  51.509  17.447  -2.211 0.0000000000
101182  50.604  17.540  -3.619 0.0000000000
102156  50.455  18.929  -4.876 0.0000000000
102154  51.647  18.826  -3.968 0.0000000000
103069  51.192  19.122  -4.150 0.0000000000
103062  52.427  19.177  -3.090 0.0000000000
103063  51.449  19.287  -3.390 0.0000000000
103059  50.479  19.396  -2.598 0.0000000000
103065  49.381  19.417  -3.918 0.0000000000
102158  46.590  19.132  -4.468 0.0000000000
132869  47.182  19.234  -3.746 0.0000000000
102159  45.651  18.877  -3.792 0.0000000000
102168  45.098  18.702  -3.674 0.0000000000
99348  45.276  15.149  -6.092 0.0000000000
99341  44.880  15.108  -4.872 0.0000000000
98387  44.492  14.424  -3.101 0.0000000000
99334  44.626  15.248  -3.799 0.0000000000
99326  44.316  15.626  -2.899 0.0000000000
99327  43.646  16.050  -2.183 0.0000000000
144265  43.590  13.111  -1.262 0.0000000000
92388  44.473  9.270  -1.925 0.0000000000
148069  44.311  8.687  -0.616 0.0000000000
102064  44.238  18.088  5.395 0.0000000000
141552  44.788  18.274  4.803 0.0000000000
97340  45.770  13.887  14.393 0.0000000000
97346  44.746  13.221  12.721 0.0000000000
155560  54.451  21.467  2.401 0.0000000000
137504  53.582  21.523  2.624 0.0000000000
104750  52.990  21.370  2.069 0.0000000000
104758  52.498  21.108  1.592 0.0000000000
103032  50.320  19.797  0.995 0.0000000000
103042  50.981  20.007  0.805 0.0000000000
102134  49.514  19.063  -1.853 0.0000000000
99273  48.466  15.559  4.087 0.0000000000
98347  48.264  14.880  2.473 0.0000000000
98354  48.378  14.899  1.752 0.0000000000
94587  47.543  11.538  -7.675 0.0000000000
95583  47.300  12.116  -7.818 0.0000000000
94588  47.016  11.485  -7.794 0.0000000000
95577  46.071  12.032  -7.494 0.0000000000
159041  45.659  12.035  -7.015 0.0000000000
93510  45.630  9.550  -4.636 0.0000000000
92404  46.370  8.018  -3.627 0.0000000000
94391  39.526  10.170  13.462 0.0000000000
94390  40.295  10.503  13.091 0.0000000000
93305  40.029  9.641  12.977 0.0000000000
103897  56.696  21.215  5.441 0.0000000000
102995  56.723  20.452  5.762 0.0000000000
103010  56.200  19.394  4.517 0.0000000000
156936  56.228  19.573  3.734 0.0000000000
94529  45.845  10.805  -0.121 0.0000000000
95539  45.651  11.685  -0.397 0.0000000000
143880  46.400  10.339  -0.765 0.0000000000
94536  46.541  10.523  -1.592 0.0000000000
93507  50.589  10.769  -5.024 0.0000000000
94561  50.623  11.697  -6.211 0.0000000000
94572  50.410  11.917  -6.899 0.0000000000
94573  49.635  12.087  -7.140 0.0000000000
93520  50.269  10.335  -7.005 0.0000000000
99227  50.040  14.724  13.142 0.0000000000
98290  47.100  14.666  11.379 0.0000000000
99241  47.644  15.219  10.960 0.0000000000
142334  47.670  15.167  10.071 0.0000000000
142445  47.795  15.188  9.231 0.0000000000
99250  47.919  15.022  8.355 0.0000000000
141514  47.782  14.494  7.785 0.0000000000
97370  47.460  13.905  7.658 0.0000000000
96451  46.634  13.596  6.608 0.0000000000
94408  44.578  10.085  11.528 0.0000000000
95433  44.677  10.884  11.617 0.0000000000
93318  45.667  9.803  11.102 0.0000000000
94415  45.876  10.197  10.882 0.0000000000
141468  44.642  8.692  7.788 0.0000000000
93353  44.493  9.413  7.606 0.0000000000
94454  44.337  10.037  7.056 0.0000000000
134794  44.334  10.972  6.896 0.0000000000
95474  44.375  11.339  6.020 0.0000000000
95491  44.472  11.457  4.439 0.0000000000
95498  44.523  11.439  3.670 0.0000000000
95509  44.715  11.454  2.792 0.0000000000
94490  44.737  10.717  3.364 0.0000000000
157783  45.600  9.829  2.625 0.0000000000
92339  48.658  8.682  3.517 0.0000000000
93415  49.966  8.919  2.183 0.0000000000
104721  50.680  21.317  4.629 0.0000000000
103899  51.043  21.126  5.416 0.0000000000
104707  50.105  21.229  5.236 0.0000000000
104722  49.229  21.309  5.158 0.0000000000
145941  48.835  21.158  5.867 0.0000000000
104734  48.370  21.356  4.404 0.0000000000
103910  47.878  21.256  4.372 0.0000000000
103911  47.390  20.883  4.326 0.0000000000
102097  46.509  18.551  2.549 0.0000000000
102126  46.510  18.043  -0.603 0.0000000000
101164  45.997  17.749  0.024 0.0000000000
101166  44.308  18.025  -0.691 0.0000000000
101167  42.874  18.017  -0.810 0.0000000000
101168  42.266  17.694  -0.260 0.0000000000
101176  42.734  17.862  -0.992 0.0000000000
99320  42.447  16.813  -1.040 0.0000000000
99311  42.759  15.832  -0.948 0.0000000000
100132  52.627  15.801  10.274 0.0000000000
100138  52.891  16.264  9.832 0.0000000000
101056  52.596  17.004  9.378 0.0000000000
101077  52.570  17.920  7.976 0.0000000000
101111  50.183  17.490  3.066 0.0000000000
102074  50.933  18.327  4.238 0.0000000000
158451  51.348  18.181  2.992 0.0000000000
102095  51.673  18.176  2.268 0.0000000000
102094  52.687  18.608  2.087 0.0000000000
101137  52.734  18.160  0.328 0.0000000000
101149  53.119  18.110  -0.693 0.0000000000
97432  46.365  13.707  -1.987 0.0000000000
149576  46.946  14.455  -0.892 0.0000000000
98381  46.842  14.427  -1.612 0.0000000000
98385  47.377  14.974  -2.060 0.0000000000
98395  46.997  15.210  -3.003 0.0000000000
101190  49.252  17.896  -4.595 0.0000000000
101189  50.293  18.042  -4.540 0.0000000000
101195  49.666  18.546  -4.870 0.0000000000
102163  49.927  18.939  -4.992 0.0000000000
103077  49.123  19.029  -4.902 0.0000000000
103071  49.109  19.280  -4.576 0.0000000000
103072  48.306  19.168  -4.826 0.0000000000
102166  46.522  18.734  -5.564 0.0000000000
102176  46.120  18.424  -5.853 0.0000000000
97445  44.400  13.053  -4.035 0.0000000000
97437  44.363  13.304  -3.349 0.0000000000
97438  44.245  13.609  -2.477 0.0000000000
141864  43.819  12.852  -2.015 0.0000000000
135975  41.582  17.717  2.375 0.0000000000
98288  47.527  14.554  13.379 0.0000000000
97344  46.069  13.957  13.403 0.0000000000
98289  46.685  14.275  12.855 0.0000000000
98294  46.598  13.879  10.871 0.0000000000
144782  46.617  12.674  9.997 0.0000000000
91220  45.225  7.876  10.656 0.0000000000
91228  45.170  7.492  9.701 0.0000000000
91229  44.907  7.757  8.855 0.0000000000
91252  44.966  7.890  8.107 0.0000000000
92282  45.062  8.323  7.228 0.0000000000
92295  45.419  8.725  6.341 0.0000000000
92313  46.081  8.926  5.499 0.0000000000
92326  46.649  9.088  4.796 0.0000000000
104719  53.285  21.282  5.278 0.0000000000
132393  52.536  21.308  4.750 0.0000000000
104731  52.155  21.330  3.961 0.0000000000
140395  51.245  21.321  4.106 0.0000000000
104732  50.532  21.341  3.808 0.0000000000
104753  49.860  21.202  3.059 0.0000000000
103915  49.262  21.080  3.031 0.0000000000
103025  48.509  19.928  2.358 0.0000000000
102106  48.267  18.646  1.058 0.0000000000
103044  48.996  18.973  0.668 0.0000000000
102115  48.388  18.471  -0.015 0.0000000000
102116  47.557  18.161  0.307 0.0000000000
132752  45.575  18.349  -1.608 0.0000000000
102138  44.924  18.623  -2.219 0.0000000000
101079  49.426  17.591  7.219 0.0000000000
101078  50.187  18.048  7.304 0.0000000000
101086  49.790  17.837  6.406 0.0000000000
101093  49.737  17.528  5.298 0.0000000000
101102  49.644  17.315  4.273 0.0000000000
100176  48.903  16.144  3.399 0.0000000000
155153  49.244  16.621  3.325 0.0000000000
101112  49.604  17.096  3.333 0.0000000000
101125  49.927  17.121  2.496 0.0000000000
100187  50.158  16.960  1.179 0.0000000000
100192  50.337  16.926  0.455 0.0000000000
96523  46.933  12.852  -5.757 0.0000000000
97448  46.711  13.423  -5.138 0.0000000000
97452  46.940  13.842  -6.485 0.0000000000
97461  47.254  13.112  -7.959 0.0000000000
98403  46.962  14.345  -7.496 0.0000000000
98411  46.576  15.065  -7.484 0.0000000000
99355  46.283  15.930  -7.528 0.0000000000
100246  46.094  16.757  -7.498 0.0000000000
100240  45.942  16.966  -7.338 0.0000000000
99356  45.925  15.783  -7.671 0.0000000000
98405  45.319  14.389  -6.378 0.0000000000
97454  45.100  13.573  -5.962 0.0000000000
96529  45.381  13.101  -6.594 0.0000000000
96530  44.755  12.577  -5.398 0.0000000000
97449  44.632  13.325  -4.868 0.0000000000
143507  44.373  12.470  -4.327 0.0000000000
96517  44.046  11.858  -3.831 0.0000000000
93487  43.783  9.962  -2.430 0.0000000000
93485  45.347  9.243  -3.302 0.0000000000
92397  45.129  9.059  -2.358 0.0000000000
92380  45.800  8.078  -1.094 0.0000000000
96407  42.755  12.544  13.753 0.0000000000
95419  42.400  11.904  13.068 0.0000000000
94398  42.749  10.586  11.953 0.0000000000
94399  41.747  10.289  12.187 0.0000000000
94409  43.562  9.917  11.619 0.0000000000
92249  44.176  8.436  11.520 0.0000000000
104717  55.544  21.712  5.396 0.0000000000
104729  55.198  21.538  3.741 0.0000000000
146834  56.256  21.465  4.614 0.0000000000
149122  56.040  21.503  3.991 0.0000000000
104740  55.163  21.342  2.730 0.0000000000
104748  54.961  21.208  1.926 0.0000000000
155079  54.658  21.021  1.292 0.0000000000
103930  53.909  20.567  0.377 0.0000000000
97412  45.759  13.574  1.629 0.0000000000
154986  46.494  14.195  1.605 0.0000000000
97418  46.248  13.662  0.187 0.0000000000
97426  46.045  13.227  -0.547 0.0000000000
95546  45.775  12.283  -0.922 0.0000000000
96498  46.060  12.999  -1.455 0.0000000000
139861  46.191  12.785  -2.372 0.0000000000
96508  46.448  12.622  -3.417 0.0000000000
93484  48.083  9.658  -2.492 0.0000000000
94543  47.461  10.226  -3.030 0.0000000000
94552  47.789  10.466  -4.114 0.0000000000
151919  47.002  10.883  -3.626 0.0000000000
95563  47.018  12.036  -5.176 0.0000000000
95568  48.866  12.183  -7.210 0.0000000000
94582  48.138  11.436  -7.552 0.0000000000
92433  47.064  8.870  -6.229 0.0000000000
99239  52.587  15.430  10.705 0.0000000000
144921  52.006  15.690  10.603 0.0000000000
100140  50.942  16.967  10.044 0.0000000000
101058  50.367  17.317  9.204 0.0000000000
98282  49.626  14.360  13.958 0.0000000000
99228  49.040  14.917  13.132 0.0000000000
100124  49.514  15.337  12.459 0.0000000000
99235  48.299  15.759  11.372 0.0000000000
100129  49.108  16.007  11.690 0.0000000000
100141  49.685  16.931  10.060 0.0000000000
101071  49.034  17.200  7.907 0.0000000000
100156  48.823  16.947  6.916 0.0000000000
99263  48.491  15.660  5.944 0.0000000000
98310  48.112  15.090  7.443 0.0000000000
98318  48.165  15.084  6.560 0.0000000000
98331  48.036  15.094  4.768 0.0000000000
149513  46.717  14.106  3.587 0.0000000000
96412  43.921  12.428  12.711 0.0000000000
96411  44.544  12.360  12.200 0.0000000000
96410  45.145  12.709  11.941 0.0000000000
96417  45.192  11.850  11.612 0.0000000000
96416  45.556  12.218  11.417 0.0000000000
96415  46.003  12.300  10.952 0.0000000000
96419  46.395  12.100  10.340 0.0000000000
92256  45.545  8.774  10.902 0.0000000000
93333  45.521  9.198  10.400 0.0000000000
94422  45.738  10.096  10.338 0.0000000000
94431  44.702  10.180  8.562 0.0000000000
94430  45.376  10.492  9.294 0.0000000000
94421  45.990  10.919  9.863 0.0000000000
135409  46.242  11.678  9.411 0.0000000000
96430  46.461  12.380  8.846 0.0000000000
97362  46.764  12.877  8.964 0.0000000000
143956  46.709  12.939  8.350 0.0000000000
152589  46.145  13.178  7.121 0.0000000000
96452  45.071  12.700  6.119 0.0000000000
97385  45.470  13.189  5.397 0.0000000000
97384  46.367  13.686  5.720 0.0000000000
97392  46.159  13.761  4.821 0.0000000000
97398  46.137  13.757  3.955 0.0000000000
136629  46.170  13.880  3.145 0.0000000000
95518  45.333  11.376  1.158 0.0000000000
95508  45.013  11.141  1.995 0.0000000000
94522  45.614  10.843  0.674 0.0000000000
93459  46.425  9.991  -0.012 0.0000000000
138080  47.091  9.506  0.090 0.0000000000
133580  47.876  9.212  0.219 0.0000000000
93391  46.260  9.234  3.925 0.0000000000
92341  46.833  9.143  3.173 0.0000000000
92353  47.472  9.097  2.464 0.0000000000
92352  48.380  8.832  2.626 0.0000000000
93416  47.175  9.255  1.587 0.0000000000
133176  48.063  9.073  0.917 0.0000000000
96401  42.342  12.673  14.678 0.0000000000
96402  41.615  12.269  14.823 0.0000000000
95412  41.157  11.824  14.089 0.0000000000
95413  40.375  11.543  14.282 0.0000000000
95407  39.312  11.601  15.291 0.0000000000
95414  39.563  11.289  14.496 0.0000000000
94381  39.094  10.600  14.051 0.0000000000
94382  38.428  10.254  14.485 0.0000000000
93281  36.536  9.101  17.012 0.0000000000
92209  37.007  8.775  16.266 0.0000000000
91166  37.530  8.055  16.330 0.0000000000
103869  48.387  21.149  7.661 0.0000000000
104709  48.125  21.339  6.057 0.0000000000
104694  47.819  21.407  6.897 0.0000000000
103003  45.769  19.701  5.421 0.0000000000
102063  45.394  18.951  5.062 0.0000000000
103019  46.025  19.454  3.890 0.0000000000
102076  44.514  17.993  3.962 0.0000000000
101114  43.513  17.428  3.210 0.0000000000
148512  47.759  19.733  2.660 0.0000000000
101126  45.854  17.802  1.921 0.0000000000
101140  45.984  17.648  0.919 0.0000000000
135614  42.707  17.462  1.573 0.0000000000
101144  41.532  17.643  0.885 0.0000000000
101157  41.433  17.531  0.817 0.0000000000
100202  41.843  17.336  -0.114 0.0000000000
100137  53.179  16.396  9.871 0.0000000000
102010  54.406  17.849  9.018 0.0000000000
102043  54.639  18.342  6.845 0.0000000000
137648  50.849  18.383  6.788 0.0000000000
102033  52.051  18.387  7.133 0.0000000000
102046  52.667  18.489  6.459 0.0000000000
102073  52.011  18.570  4.662 0.0000000000
102061  52.221  18.576  5.580 0.0000000000
102045  53.564  18.330  6.650 0.0000000000
157296  53.949  18.359  6.037 0.0000000000
141584  54.723  18.372  6.256 0.0000000000
102070  54.922  18.547  4.794 0.0000000000
102081  55.640  18.914  4.077 0.0000000000
103016  55.264  18.974  2.610 0.0000000000
102093  53.989  18.846  1.770 0.0000000000
102092  55.033  19.047  1.855 0.0000000000
103031  55.075  19.541  1.156 0.0000000000
103039  54.718  19.706  0.329 0.0000000000
103939  54.130  19.973  -0.378 0.0000000000
98356  47.074  14.466  1.191 0.0000000000
98364  48.349  14.937  1.011 0.0000000000
99301  48.245  15.004  0.191 0.0000000000
144748  48.728  15.413  0.531 0.0000000000
99300  49.100  16.008  0.035 0.0000000000
100193  49.696  16.473  0.203 0.0000000000
100198  50.476  16.882  -0.419 0.0000000000
99339  47.153  16.238  -4.431 0.0000000000
100216  48.152  16.544  -3.055 0.0000000000
99317  48.449  16.255  -2.055 0.0000000000
100207  49.141  16.569  -1.771 0.0000000000
100206  49.866  16.688  -1.622 0.0000000000
101163  51.417  17.277  -1.158 0.0000000000
101173  52.435  17.719  -1.990 0.0000000000
101161  53.186  18.185  -1.701 0.0000000000
101188  51.211  18.369  -4.266 0.0000000000
101187  52.065  18.477  -3.602 0.0000000000
102133  53.418  18.823  -2.116 0.0000000000
103056  53.201  19.229  -2.202 0.0000000000
153501  52.725  19.409  -2.468 0.0000000000
103057  52.995  19.599  -1.692 0.0000000000
102135  48.640  19.028  -2.370 0.0000000000
102157  48.310  19.424  -4.056 0.0000000000
102146  47.901  19.098  -3.085 0.0000000000
133240  46.858  18.792  -2.795 0.0000000000
102148  45.256  18.758  -2.926 0.0000000000
102149  44.207  18.589  -2.411 0.0000000000
101208  45.749  17.971  -6.602 0.0000000000
100233  45.547  17.105  -6.226 0.0000000000
101198  45.572  18.011  -5.411 0.0000000000
150589  44.805  15.979  -4.463 0.0000000000
100234  44.952  17.128  -4.710 0.0000000000
101199  44.952  18.224  -4.141 0.0000000000
100226  44.324  17.648  -3.463 0.0000000000
101191  44.288  18.440  -3.072 0.0000000000
155166  43.725  18.388  -2.313 0.0000000000
100208  43.268  17.206  -2.025 0.0000000000
99319  42.990  16.486  -1.505 0.0000000000
98373  43.395  14.831  -0.991 0.0000000000
97433  43.887  14.050  -1.543 0.0000000000
97427  43.501  13.921  -0.737 0.0000000000
153853  46.707  8.213  -5.187 0.0000000000
92418  46.536  8.077  -4.539 0.0000000000
91236  45.249  7.222  8.725 0.0000000000
93280  36.795  9.497  16.335 0.0000000000
93406  45.249  10.045  3.096 0.0000000000
94374  38.009  10.630  15.145 0.0000000000
94469  44.471  10.808  5.395 0.0000000000
94479  44.543  10.804  4.121 0.0000000000
94501  44.966  10.688  2.688 0.0000000000
95462  44.734  11.376  7.637 0.0000000000
95484  44.466  11.473  5.193 0.0000000000
95547  43.140  11.382  -2.112 0.0000000000
95572  45.302  12.093  -6.287 0.0000000000
95584  46.730  12.069  -7.886 0.0000000000
96534  47.466  12.635  -7.716 0.0000000000
98341  46.895  14.335  2.913 0.0000000000
98348  47.671  14.617  2.715 0.0000000000
98355  47.859  14.668  1.475 0.0000000000
98404  45.711  15.037  -7.225 0.0000000000
99232  52.781  15.265  11.065 0.0000000000
99234  50.399  14.991  12.483 0.0000000000
99238  52.988  15.700  10.382 0.0000000000
99312  42.091  16.619  -0.503 0.0000000000
99360  46.136  15.980  -7.622 0.0000000000
100126  53.254  15.985  11.337 0.0000000000
100162  48.723  16.332  6.194 0.0000000000
100171  49.230  16.783  4.835 0.0000000000
100199  49.690  16.479  -0.654 0.0000000000
100244  46.850  17.439  -6.905 0.0000000000
100250  46.077  16.702  -7.587 0.0000000000
101057  51.560  17.229  9.374 0.0000000000
101075  53.864  17.834  7.958 0.0000000000
101076  53.437  17.774  8.019 0.0000000000
101110  50.766  17.643  2.497 0.0000000000
101138  51.745  17.771  0.795 0.0000000000
101145  41.049  17.695  1.345 0.0000000000
101172  52.991  18.426  -2.595 0.0000000000
101180  52.368  18.029  -2.951 0.0000000000
101183  43.632  17.916  -2.599 0.0000000000
101196  48.615  18.347  -5.029 0.0000000000
101214  46.140  17.228  -7.259 0.0000000000
101218  46.103  17.087  -7.667 0.0000000000
102029  54.542  18.221  7.508 0.0000000000
102044  54.208  18.279  6.681 0.0000000000
102058  55.152  18.522  5.588 0.0000000000
102113  53.680  18.544  0.117 0.0000000000
102121  54.087  18.975  -0.836 0.0000000000
102143  52.901  19.027  -2.866 0.0000000000
102150  43.658  18.444  -1.837 0.0000000000
102155  50.890  18.887  -4.573 0.0000000000
102164  48.752  18.706  -5.110 0.0000000000
102173  47.656  18.514  -5.602 0.0000000000
102175  46.653  18.259  -6.312 0.0000000000
102181  46.561  17.940  -6.602 0.0000000000
103001  56.554  20.295  4.969 0.0000000000
103024  55.520  19.493  2.042 0.0000000000
103040  54.403  19.712  -0.212 0.0000000000
103041  51.710  19.948  0.121 0.0000000000
103049  54.071  19.402  -0.747 0.0000000000
103064  50.406  19.359  -3.716 0.0000000000
103068  51.919  19.038  -3.647 0.0000000000
103073  47.354  19.019  -5.304 0.0000000000
103898  52.151  21.103  5.615 0.0000000000
103907  56.524  21.098  4.680 0.0000000000
103918  47.312  20.610  3.780 0.0000000000
103929  54.983  20.306  0.947 0.0000000000
103933  50.634  20.336  1.409 0.0000000000
103940  53.372  20.299  -0.176 0.0000000000
104708  49.612  21.004  5.861 0.0000000000
104710  47.457  21.392  6.358 0.0000000000
104715  56.431  21.460  5.211 0.0000000000
104730  54.120  21.385  3.952 0.0000000000
104735  47.996  21.353  4.879 0.0000000000
104749  54.090  21.415  1.846 0.0000000000
133357  53.397  21.321  4.455 0.0000000000
134207  43.313  18.021  -0.520 0.0000000000
136035  55.766  21.640  4.601 0.0000000000
136750  49.058  20.619  2.601 0.0000000000
136792  44.511  12.005  4.844 0.0000000000
141066  52.166  18.511  3.001 0.0000000000
141986  46.517  14.374  -7.721 0.0000000000
142856  44.666  18.646  -2.502 0.0000000000
144727  55.790  19.328  3.014 0.0000000000
147800  54.434  20.694  0.785 0.0000000000
149283  53.810  18.579  -0.601 0.0000000000
150894  48.717  19.368  -3.255 0.0000000000
152468  50.708  20.735  6.699 0.0000000000
154019  50.777  17.995  3.380 0.0000000000
154062  51.380  16.295  10.493 0.0000000000
155006  52.608  18.631  -3.148 0.0000000000
156561  52.803  19.238  -2.755 0.0000000000
156652  44.946  12.690  5.496 0.0000000000
156753  46.122  18.941  -4.641 0.0000000000
157730  44.901  9.232  6.277 0.0000000000
157748  47.651  9.143  1.266 0.0000000000
157921  54.499  18.524  4.378 0.0000000000
158310  44.834  11.768  2.223 0.0000000000
158722  44.489  10.977  4.778 0.0000000000
159062  54.741  19.090  1.118 0.0000000000
159284  47.371  18.638  -5.685 0.0000000000
