#!ascii label  , from subject sub125 vox2ras=TkReg
1228
51825  21.804  -27.993  43.644 0.0000000000
134243  33.990  -27.105  49.823 0.0000000000
71705  42.819  -11.024  25.049 0.0000000000
61137  32.787  -21.216  32.560 0.0000000000
141477  36.347  -24.881  41.975 0.0000000000
79117  57.045  -3.875  16.426 0.0000000000
68288  43.868  -13.006  29.003 0.0000000000
135647  38.082  -15.191  26.638 0.0000000000
53021  16.408  -28.310  44.083 0.0000000000
54285  26.811  -26.474  47.246 0.0000000000
55579  29.790  -25.730  43.953 0.0000000000
53076  23.791  -28.404  41.278 0.0000000000
75947  50.081  -7.266  20.560 0.0000000000
50665  23.581  -29.576  48.992 0.0000000000
146506  19.690  -26.164  49.012 0.0000000000
74836  48.465  -7.679  25.333 0.0000000000
54223  14.785  -26.840  50.253 0.0000000000
49580  11.437  -31.750  49.572 0.0000000000
148288  36.753  -16.296  32.509 0.0000000000
59971  34.612  -22.585  37.041 0.0000000000
54471  33.872  -26.942  34.544 0.0000000000
53101  32.409  -26.861  39.207 0.0000000000
69294  43.082  -12.650  30.606 0.0000000000
67315  40.980  -13.816  27.843 0.0000000000
68276  40.182  -13.165  29.700 0.0000000000
70413  46.356  -11.688  32.325 0.0000000000
51870  21.020  -29.712  41.489 0.0000000000
50723  18.459  -30.348  42.004 0.0000000000
54343  19.302  -27.252  43.291 0.0000000000
51821  23.729  -28.395  44.891 0.0000000000
148020  25.077  -27.615  44.158 0.0000000000
51851  22.780  -28.718  42.300 0.0000000000
50731  22.370  -29.927  40.626 0.0000000000
72814  43.651  -10.058  22.428 0.0000000000
72772  45.534  -9.795  27.388 0.0000000000
73792  45.971  -8.695  25.040 0.0000000000
153873  46.208  -8.741  22.389 0.0000000000
55467  18.674  -25.813  52.434 0.0000000000
56640  16.791  -25.198  49.925 0.0000000000
55460  15.857  -25.443  53.147 0.0000000000
51702  11.441  -29.176  54.722 0.0000000000
51729  12.067  -29.062  52.505 0.0000000000
49559  10.737  -30.655  52.028 0.0000000000
47446  9.088  -33.600  51.482 0.0000000000
156380  8.196  -32.875  53.196 0.0000000000
61075  36.580  -20.858  39.033 0.0000000000
141027  35.073  -23.869  38.798 0.0000000000
56771  34.904  -25.144  35.842 0.0000000000
143586  35.603  -26.110  38.229 0.0000000000
56708  28.177  -25.288  40.708 0.0000000000
54357  31.145  -26.218  41.926 0.0000000000
55620  29.675  -26.153  38.563 0.0000000000
54424  30.693  -26.859  36.508 0.0000000000
147336  34.438  -18.392  32.019 0.0000000000
65377  33.960  -17.755  29.466 0.0000000000
63373  33.263  -19.697  29.724 0.0000000000
158913  56.510  0.968  14.851 0.0000000000
81313  55.745  -2.870  14.356 0.0000000000
70533  43.145  -12.108  26.758 0.0000000000
68350  41.042  -13.758  26.079 0.0000000000
142288  46.048  -11.482  29.574 0.0000000000
55502  29.955  -26.379  48.323 0.0000000000
54284  32.008  -26.498  46.431 0.0000000000
55557  28.205  -25.749  46.047 0.0000000000
56692  26.790  -25.461  42.622 0.0000000000
141605  24.905  -27.050  40.045 0.0000000000
156711  52.276  -6.307  23.822 0.0000000000
77010  53.033  -6.049  20.846 0.0000000000
158168  53.269  -5.534  17.647 0.0000000000
78069  54.317  -5.186  15.121 0.0000000000
157698  22.433  -28.096  46.002 0.0000000000
52993  20.884  -27.285  46.259 0.0000000000
136682  21.506  -28.538  49.157 0.0000000000
51782  24.755  -28.691  48.100 0.0000000000
74856  49.359  -7.484  23.269 0.0000000000
55543  17.967  -25.537  46.175 0.0000000000
136286  15.921  -26.764  46.948 0.0000000000
158100  13.923  -29.257  47.659 0.0000000000
54200  14.192  -27.017  52.437 0.0000000000
51751  12.989  -29.104  50.307 0.0000000000
46389  6.087  -34.152  53.853 0.0000000000
68262  38.788  -13.739  32.292 0.0000000000
62138  35.514  -19.522  34.005 0.0000000000
62106  36.674  -20.530  36.272 0.0000000000
61118  33.753  -21.677  34.865 0.0000000000
58924  34.203  -24.476  34.335 0.0000000000
55698  34.307  -26.138  33.285 0.0000000000
54516  32.478  -27.569  31.536 0.0000000000
54303  33.121  -27.078  45.138 0.0000000000
53035  34.541  -27.560  42.909 0.0000000000
53085  35.503  -27.595  40.758 0.0000000000
136839  33.325  -27.064  37.074 0.0000000000
54474  31.468  -27.422  34.417 0.0000000000
67303  36.245  -14.944  29.707 0.0000000000
66380  34.770  -16.918  26.508 0.0000000000
70439  42.656  -12.381  31.503 0.0000000000
69316  41.552  -12.766  30.094 0.0000000000
70441  40.741  -12.586  31.684 0.0000000000
70415  44.372  -11.856  32.611 0.0000000000
51838  21.291  -28.575  42.642 0.0000000000
53057  20.230  -28.577  42.258 0.0000000000
53039  20.874  -27.963  43.153 0.0000000000
51823  22.802  -28.238  44.041 0.0000000000
51834  23.514  -28.491  43.963 0.0000000000
51836  22.604  -28.437  43.064 0.0000000000
51852  22.253  -28.835  42.167 0.0000000000
72801  43.253  -10.237  23.315 0.0000000000
72783  44.276  -10.283  25.971 0.0000000000
72781  45.505  -9.498  26.578 0.0000000000
72791  44.788  -9.672  25.341 0.0000000000
73804  44.488  -9.479  23.372 0.0000000000
50606  10.356  -30.153  54.584 0.0000000000
50614  11.051  -29.862  53.307 0.0000000000
49556  9.921  -30.806  53.186 0.0000000000
48467  9.662  -31.820  51.973 0.0000000000
48462  9.475  -31.508  52.748 0.0000000000
47429  8.816  -33.177  52.267 0.0000000000
135038  35.138  -23.336  40.371 0.0000000000
57776  35.570  -24.356  40.362 0.0000000000
57791  35.278  -25.013  38.441 0.0000000000
134969  36.245  -25.398  40.311 0.0000000000
54230  34.660  -26.934  49.095 0.0000000000
56731  26.411  -25.313  38.629 0.0000000000
138892  28.637  -25.485  40.015 0.0000000000
56729  27.816  -25.278  38.470 0.0000000000
55644  28.100  -25.671  36.588 0.0000000000
62167  33.736  -19.552  32.092 0.0000000000
63354  33.710  -19.183  31.366 0.0000000000
78055  56.950  -4.424  16.792 0.0000000000
153077  57.665  -3.622  16.796 0.0000000000
80182  57.538  -2.879  16.140 0.0000000000
81308  56.825  -2.243  15.469 0.0000000000
80183  56.773  -3.300  15.674 0.0000000000
150252  43.580  -12.986  27.897 0.0000000000
68349  41.988  -13.408  26.341 0.0000000000
67351  41.862  -13.698  26.978 0.0000000000
147413  39.677  -14.530  27.452 0.0000000000
67354  39.837  -14.757  26.156 0.0000000000
67373  38.614  -15.485  25.466 0.0000000000
69312  44.968  -12.628  30.106 0.0000000000
150923  44.976  -12.383  29.201 0.0000000000
69353  44.532  -11.645  28.129 0.0000000000
148066  17.493  -28.728  42.859 0.0000000000
51813  15.819  -28.713  44.693 0.0000000000
55520  27.770  -26.200  47.634 0.0000000000
55539  29.402  -25.918  46.940 0.0000000000
151843  27.565  -26.050  46.710 0.0000000000
137950  24.499  -27.786  42.584 0.0000000000
143504  26.004  -26.598  43.545 0.0000000000
54369  25.412  -26.670  42.165 0.0000000000
55596  25.449  -26.435  41.353 0.0000000000
53088  24.343  -27.738  40.316 0.0000000000
145639  23.557  -29.072  40.034 0.0000000000
56821  34.255  -25.065  31.717 0.0000000000
75937  50.943  -6.567  21.696 0.0000000000
76998  52.525  -6.088  22.403 0.0000000000
77012  51.419  -6.543  20.268 0.0000000000
77039  52.111  -5.986  17.721 0.0000000000
78060  52.494  -5.669  16.347 0.0000000000
143889  53.813  -5.303  16.698 0.0000000000
51773  22.827  -28.726  47.625 0.0000000000
51784  22.229  -28.355  47.290 0.0000000000
50667  22.431  -29.220  49.180 0.0000000000
51772  24.437  -29.171  48.334 0.0000000000
50676  23.817  -28.638  47.174 0.0000000000
157907  50.396  -7.115  24.311 0.0000000000
74845  49.360  -7.502  24.176 0.0000000000
74886  47.055  -8.546  21.404 0.0000000000
54251  20.279  -26.821  47.586 0.0000000000
55541  19.572  -26.383  46.208 0.0000000000
55522  19.012  -25.561  47.565 0.0000000000
55485  16.158  -25.641  50.306 0.0000000000
146885  16.231  -26.052  47.993 0.0000000000
54253  15.039  -27.180  48.115 0.0000000000
52983  14.758  -28.421  46.986 0.0000000000
52970  14.109  -28.427  48.769 0.0000000000
52920  13.583  -27.189  53.822 0.0000000000
50634  11.742  -30.126  51.201 0.0000000000
51738  12.793  -28.844  51.155 0.0000000000
50657  12.397  -30.571  49.527 0.0000000000
50656  12.975  -30.127  49.179 0.0000000000
63329  36.424  -18.860  34.476 0.0000000000
61093  35.158  -22.076  38.070 0.0000000000
61092  36.476  -20.844  37.461 0.0000000000
61102  35.089  -21.672  36.594 0.0000000000
61110  34.788  -21.455  35.867 0.0000000000
59985  34.003  -22.160  35.596 0.0000000000
150945  34.199  -23.950  34.898 0.0000000000
151740  34.502  -24.293  35.276 0.0000000000
54469  34.732  -26.196  35.499 0.0000000000
55696  34.720  -25.361  34.907 0.0000000000
155333  34.293  -26.414  34.123 0.0000000000
54502  33.087  -26.870  31.942 0.0000000000
54489  33.415  -27.066  33.284 0.0000000000
55554  31.139  -26.208  45.170 0.0000000000
148488  32.573  -26.822  45.771 0.0000000000
55567  31.337  -26.390  44.260 0.0000000000
54376  31.907  -26.473  40.547 0.0000000000
142061  33.137  -27.224  42.206 0.0000000000
132478  33.837  -27.264  40.743 0.0000000000
51848  34.860  -27.513  41.476 0.0000000000
51884  33.843  -27.469  39.899 0.0000000000
51909  34.176  -27.817  39.056 0.0000000000
53113  32.826  -26.905  38.593 0.0000000000
54450  29.500  -27.011  35.010 0.0000000000
157510  30.959  -27.372  34.679 0.0000000000
67287  37.751  -15.073  32.536 0.0000000000
68264  37.944  -14.263  31.020 0.0000000000
67289  36.758  -15.463  31.350 0.0000000000
64431  33.677  -18.543  28.734 0.0000000000
66357  34.339  -16.541  28.307 0.0000000000
85384  56.485  1.833  13.517 0.0000000000
69314  43.571  -12.919  30.120 0.0000000000
67314  41.709  -13.703  27.904 0.0000000000
68291  41.664  -13.472  28.943 0.0000000000
68292  40.836  -13.457  28.932 0.0000000000
147834  39.074  -13.926  28.686 0.0000000000
70393  45.919  -11.719  32.667 0.0000000000
69275  44.931  -12.520  31.134 0.0000000000
51872  19.518  -29.571  41.533 0.0000000000
53058  18.749  -28.700  41.951 0.0000000000
54345  17.910  -27.199  43.481 0.0000000000
148530  25.080  -27.623  46.323 0.0000000000
54325  25.577  -27.031  45.335 0.0000000000
53018  24.644  -27.959  44.746 0.0000000000
51849  24.004  -28.501  43.510 0.0000000000
51868  23.496  -28.615  41.767 0.0000000000
51869  23.053  -29.138  41.076 0.0000000000
159499  22.721  -28.983  41.625 0.0000000000
137457  21.848  -30.108  40.839 0.0000000000
74895  48.943  -7.747  19.927 0.0000000000
148247  23.031  -29.443  50.098 0.0000000000
74816  47.044  -8.895  28.057 0.0000000000
73783  46.791  -8.490  26.154 0.0000000000
74837  47.109  -8.160  25.267 0.0000000000
74858  47.475  -7.969  23.522 0.0000000000
73802  45.908  -8.672  23.966 0.0000000000
73818  44.992  -9.219  22.746 0.0000000000
55484  19.082  -25.862  50.519 0.0000000000
56627  18.407  -25.129  50.005 0.0000000000
56620  18.393  -25.202  50.944 0.0000000000
56622  16.737  -25.134  51.767 0.0000000000
55478  15.388  -26.055  51.623 0.0000000000
51700  12.482  -28.158  53.812 0.0000000000
51716  11.995  -28.844  53.323 0.0000000000
50635  11.260  -30.278  51.805 0.0000000000
49563  11.061  -30.903  51.194 0.0000000000
48489  10.216  -32.591  50.426 0.0000000000
59942  35.161  -22.445  39.517 0.0000000000
58873  34.847  -23.160  38.134 0.0000000000
58900  34.631  -24.446  36.086 0.0000000000
56743  34.984  -24.858  37.316 0.0000000000
55663  35.106  -25.377  36.549 0.0000000000
54421  34.576  -26.737  36.655 0.0000000000
55587  29.595  -25.746  42.586 0.0000000000
136466  30.479  -26.055  42.640 0.0000000000
55594  29.880  -25.954  41.219 0.0000000000
55600  30.193  -26.111  40.408 0.0000000000
54385  30.907  -26.719  39.148 0.0000000000
54394  31.975  -26.806  38.428 0.0000000000
54411  30.242  -26.409  37.998 0.0000000000
55665  28.808  -26.485  35.487 0.0000000000
140566  35.290  -17.354  32.220 0.0000000000
65368  34.959  -16.803  31.080 0.0000000000
64417  34.383  -18.002  31.524 0.0000000000
64423  33.725  -18.387  29.855 0.0000000000
84380  57.592  0.127  15.644 0.0000000000
83317  55.938  -0.860  15.007 0.0000000000
71694  43.149  -11.489  26.059 0.0000000000
71706  41.994  -11.469  24.554 0.0000000000
69401  41.623  -12.769  25.377 0.0000000000
142717  40.746  -13.957  26.678 0.0000000000
67386  39.767  -14.475  24.994 0.0000000000
71593  47.055  -11.329  32.412 0.0000000000
71623  47.123  -10.795  31.256 0.0000000000
72722  47.177  -9.948  30.377 0.0000000000
71656  45.835  -10.600  28.708 0.0000000000
71679  44.082  -11.211  27.190 0.0000000000
54245  32.295  -26.999  48.816 0.0000000000
139785  32.490  -26.733  47.994 0.0000000000
54263  30.780  -26.271  47.795 0.0000000000
55538  30.136  -25.899  46.553 0.0000000000
55569  29.483  -25.519  44.921 0.0000000000
55571  26.275  -26.449  44.986 0.0000000000
56682  27.373  -25.523  43.894 0.0000000000
56681  28.277  -25.373  43.609 0.0000000000
56691  27.491  -25.270  42.118 0.0000000000
56710  26.014  -25.549  39.896 0.0000000000
55622  25.329  -26.184  38.596 0.0000000000
78021  54.508  -5.712  20.581 0.0000000000
77023  51.963  -6.253  19.559 0.0000000000
78033  52.736  -5.818  19.088 0.0000000000
78031  54.862  -5.322  19.057 0.0000000000
133386  54.769  -5.103  17.554 0.0000000000
154413  55.600  -4.916  17.045 0.0000000000
78067  55.719  -4.578  15.267 0.0000000000
78078  55.660  -4.576  14.121 0.0000000000
51811  22.161  -27.979  45.427 0.0000000000
144927  21.349  -27.524  45.057 0.0000000000
51798  21.744  -27.824  46.107 0.0000000000
52981  21.330  -27.682  47.579 0.0000000000
52968  20.508  -27.542  49.117 0.0000000000
51748  21.935  -29.086  50.414 0.0000000000
54221  19.840  -26.935  50.565 0.0000000000
54197  19.776  -27.246  52.414 0.0000000000
134595  32.768  -27.324  50.470 0.0000000000
150147  31.784  -27.291  50.077 0.0000000000
54234  29.485  -27.243  49.506 0.0000000000
54250  27.397  -27.166  49.055 0.0000000000
52973  26.886  -27.749  49.526 0.0000000000
52991  25.349  -27.642  47.282 0.0000000000
51795  24.121  -28.346  46.693 0.0000000000
50700  23.297  -28.272  45.894 0.0000000000
75908  51.887  -6.606  24.854 0.0000000000
137218  50.667  -6.682  23.137 0.0000000000
139519  49.595  -7.446  21.346 0.0000000000
74873  47.944  -7.841  22.689 0.0000000000
140728  48.189  -7.870  21.929 0.0000000000
74883  48.952  -7.706  20.886 0.0000000000
54307  20.024  -26.988  45.017 0.0000000000
55559  18.716  -26.208  45.138 0.0000000000
54309  17.293  -26.429  44.924 0.0000000000
56653  17.498  -25.289  47.650 0.0000000000
55544  16.423  -26.319  46.382 0.0000000000
53006  15.865  -27.793  45.297 0.0000000000
52994  15.227  -28.080  46.156 0.0000000000
51799  14.793  -29.177  46.040 0.0000000000
148302  15.218  -25.979  53.214 0.0000000000
54212  14.294  -27.223  51.582 0.0000000000
137374  13.847  -27.820  51.181 0.0000000000
52959  13.869  -28.013  50.345 0.0000000000
51777  13.436  -29.617  48.813 0.0000000000
47393  6.998  -33.004  54.052 0.0000000000
70398  40.775  -12.730  33.264 0.0000000000
65353  36.701  -16.913  33.174 0.0000000000
64398  35.575  -18.289  33.099 0.0000000000
63340  34.871  -19.160  32.866 0.0000000000
62139  34.171  -20.182  33.580 0.0000000000
62123  35.713  -19.992  34.757 0.0000000000
61127  34.156  -20.725  34.371 0.0000000000
61128  33.530  -21.234  34.110 0.0000000000
60006  32.927  -22.983  33.426 0.0000000000
58933  33.857  -24.445  33.313 0.0000000000
57854  34.055  -24.838  33.120 0.0000000000
57830  34.606  -24.649  35.007 0.0000000000
56802  34.396  -25.224  34.162 0.0000000000
55718  33.882  -26.231  30.991 0.0000000000
54501  33.594  -26.542  31.374 0.0000000000
146937  32.985  -28.331  31.040 0.0000000000
57754  36.492  -25.446  43.017 0.0000000000
156772  33.655  -26.871  47.583 0.0000000000
137601  34.535  -26.936  46.475 0.0000000000
53001  34.890  -27.347  44.989 0.0000000000
54340  32.552  -27.100  43.515 0.0000000000
54339  33.320  -27.285  43.613 0.0000000000
53013  35.981  -27.541  44.498 0.0000000000
53032  36.528  -27.093  43.588 0.0000000000
54354  36.486  -26.480  42.326 0.0000000000
55599  36.588  -25.885  41.334 0.0000000000
53096  35.512  -27.258  39.533 0.0000000000
53123  34.231  -27.258  37.854 0.0000000000
53162  33.214  -27.142  36.105 0.0000000000
53143  32.322  -27.077  36.924 0.0000000000
54447  32.238  -27.416  35.289 0.0000000000
54473  32.361  -27.448  34.430 0.0000000000
54504  31.689  -27.462  32.767 0.0000000000
69298  39.429  -13.128  31.712 0.0000000000
68295  37.730  -14.094  29.450 0.0000000000
132487  36.840  -14.744  28.065 0.0000000000
66341  35.169  -16.177  30.254 0.0000000000
67320  35.708  -15.155  28.100 0.0000000000
67358  36.187  -15.622  26.534 0.0000000000
78077  55.768  -4.297  14.148 0.0000000000
70417  42.296  -12.223  32.541 0.0000000000
70440  41.571  -12.429  31.779 0.0000000000
70418  41.480  -12.407  32.628 0.0000000000
70395  43.519  -11.886  33.320 0.0000000000
51824  22.406  -28.145  43.761 0.0000000000
51837  22.072  -28.456  42.860 0.0000000000
72793  43.386  -10.424  24.468 0.0000000000
72802  42.467  -10.674  22.930 0.0000000000
71714  42.562  -10.749  23.945 0.0000000000
71704  43.605  -10.705  25.542 0.0000000000
72792  44.119  -10.068  24.929 0.0000000000
72800  43.996  -9.936  23.894 0.0000000000
50615  10.453  -30.264  53.695 0.0000000000
49557  9.324  -31.211  53.528 0.0000000000
48463  8.866  -31.899  53.082 0.0000000000
58845  36.091  -24.497  41.800 0.0000000000
58855  35.602  -24.038  41.198 0.0000000000
57765  36.312  -24.914  41.201 0.0000000000
57775  36.026  -24.961  40.299 0.0000000000
56707  36.535  -25.276  40.792 0.0000000000
137152  34.983  -26.977  49.969 0.0000000000
151345  33.869  -27.028  48.931 0.0000000000
56732  25.791  -25.612  38.154 0.0000000000
56730  27.096  -25.185  38.158 0.0000000000
56744  26.810  -25.315  37.330 0.0000000000
56756  27.309  -25.484  36.731 0.0000000000
62154  33.541  -20.138  32.786 0.0000000000
62155  33.155  -20.340  31.808 0.0000000000
136798  56.977  -4.190  16.614 0.0000000000
152501  57.647  -3.888  16.966 0.0000000000
80178  57.266  -3.436  16.297 0.0000000000
154138  57.016  -2.756  15.704 0.0000000000
79124  56.438  -3.784  15.649 0.0000000000
67311  43.443  -13.141  28.141 0.0000000000
68318  42.886  -13.247  27.624 0.0000000000
67330  42.684  -13.455  27.889 0.0000000000
67335  38.709  -14.897  27.249 0.0000000000
136512  39.555  -14.807  26.772 0.0000000000
67355  38.941  -15.210  26.236 0.0000000000
67356  37.946  -15.507  25.917 0.0000000000
68271  44.404  -12.810  29.529 0.0000000000
68287  44.907  -12.526  29.458 0.0000000000
138136  44.341  -12.781  29.098 0.0000000000
68317  44.069  -12.762  28.373 0.0000000000
53043  17.039  -28.520  43.419 0.0000000000
51839  17.175  -29.476  43.171 0.0000000000
51840  16.463  -29.192  43.754 0.0000000000
158428  16.105  -28.980  44.186 0.0000000000
53075  24.125  -28.085  41.895 0.0000000000
54359  25.024  -27.114  42.697 0.0000000000
54370  24.739  -27.258  41.815 0.0000000000
54378  24.786  -27.137  40.882 0.0000000000
144365  24.231  -27.839  41.141 0.0000000000
53089  23.830  -28.397  40.566 0.0000000000
51885  23.447  -28.889  40.891 0.0000000000
75938  50.257  -7.056  21.442 0.0000000000
75946  50.807  -6.773  20.831 0.0000000000
148773  23.542  -29.323  48.345 0.0000000000
51774  22.380  -28.783  48.299 0.0000000000
50666  23.020  -29.232  48.582 0.0000000000
50664  24.049  -29.427  48.472 0.0000000000
50677  23.653  -28.984  47.659 0.0000000000
75903  49.024  -7.586  25.821 0.0000000000
74835  49.276  -7.531  25.018 0.0000000000
74846  48.727  -7.636  24.562 0.0000000000
55503  19.763  -26.105  48.060 0.0000000000
55504  19.096  -25.465  48.532 0.0000000000
55494  15.524  -26.300  49.753 0.0000000000
54237  14.808  -27.108  49.180 0.0000000000
52976  14.512  -27.855  48.464 0.0000000000
158689  14.348  -27.897  49.175 0.0000000000
52908  13.608  -27.190  54.830 0.0000000000
49562  11.569  -30.736  50.616 0.0000000000
50646  12.062  -30.283  50.305 0.0000000000
49571  11.744  -30.958  49.902 0.0000000000
59970  35.496  -21.590  37.269 0.0000000000
59977  34.349  -22.733  36.244 0.0000000000
58909  34.153  -23.424  35.537 0.0000000000
58901  34.435  -23.976  35.854 0.0000000000
54470  34.354  -26.500  35.154 0.0000000000
156295  34.028  -26.820  33.685 0.0000000000
55568  30.466  -25.951  44.564 0.0000000000
136529  32.589  -26.740  40.001 0.0000000000
53074  32.712  -26.692  40.916 0.0000000000
53087  33.361  -26.962  40.405 0.0000000000
53100  33.084  -26.925  39.782 0.0000000000
53099  33.627  -27.370  39.464 0.0000000000
53112  32.975  -27.010  39.165 0.0000000000
66334  37.098  -15.670  32.166 0.0000000000
66335  36.347  -16.166  31.882 0.0000000000
149186  43.045  -12.896  30.068 0.0000000000
68273  42.921  -13.072  29.591 0.0000000000
69315  42.460  -12.814  30.046 0.0000000000
69317  40.606  -12.820  30.297 0.0000000000
68275  41.144  -13.110  29.493 0.0000000000
68293  39.771  -13.568  29.018 0.0000000000
68306  39.789  -14.073  28.177 0.0000000000
70377  46.604  -11.623  34.398 0.0000000000
70438  43.508  -12.412  31.301 0.0000000000
134051  45.116  -11.954  32.086 0.0000000000
69293  44.012  -12.684  30.803 0.0000000000
138142  19.805  -27.850  42.782 0.0000000000
150753  19.351  -28.316  42.133 0.0000000000
53041  18.751  -27.881  42.537 0.0000000000
54344  18.467  -27.350  43.192 0.0000000000
51820  24.277  -28.168  45.274 0.0000000000
53003  24.783  -27.809  45.530 0.0000000000
51835  23.021  -28.472  43.441 0.0000000000
51850  23.372  -28.611  42.791 0.0000000000
51867  23.982  -28.373  42.640 0.0000000000
133119  23.004  -28.877  41.770 0.0000000000
51853  21.588  -29.034  42.068 0.0000000000
50721  21.726  -29.476  41.442 0.0000000000
72759  45.945  -9.899  28.028 0.0000000000
72771  46.129  -9.290  27.434 0.0000000000
73785  45.418  -9.264  25.689 0.0000000000
73784  46.019  -8.842  26.024 0.0000000000
74838  46.547  -8.453  25.394 0.0000000000
74847  46.766  -8.256  24.408 0.0000000000
153931  43.934  -9.839  23.106 0.0000000000
72813  44.303  -9.628  22.520 0.0000000000
55476  18.867  -25.823  51.484 0.0000000000
56613  18.292  -25.317  51.729 0.0000000000
55468  15.974  -25.453  52.161 0.0000000000
55477  16.076  -25.547  51.230 0.0000000000
51687  12.009  -28.658  55.300 0.0000000000
51701  11.935  -28.634  54.296 0.0000000000
49555  10.562  -30.417  52.837 0.0000000000
50624  11.150  -30.047  52.508 0.0000000000
48475  10.621  -31.766  50.809 0.0000000000
49564  10.340  -31.365  51.549 0.0000000000
47428  9.353  -32.696  51.718 0.0000000000
47445  9.648  -33.096  50.939 0.0000000000
47410  8.569  -32.708  52.861 0.0000000000
47411  8.130  -33.537  52.866 0.0000000000
58864  35.130  -23.627  39.524 0.0000000000
59953  35.031  -22.774  38.778 0.0000000000
57797  34.897  -24.225  37.989 0.0000000000
147276  35.588  -25.689  38.398 0.0000000000
56742  35.301  -25.347  38.032 0.0000000000
55630  35.379  -25.646  37.755 0.0000000000
136345  35.053  -26.283  36.478 0.0000000000
54420  35.009  -26.518  37.097 0.0000000000
56698  28.271  -25.327  41.528 0.0000000000
55595  29.265  -25.642  41.783 0.0000000000
55609  29.084  -25.919  39.250 0.0000000000
135739  29.466  -25.841  39.988 0.0000000000
55608  30.123  -26.245  39.398 0.0000000000
155512  30.794  -26.494  39.797 0.0000000000
54396  30.423  -26.504  38.705 0.0000000000
146490  29.036  -26.033  36.510 0.0000000000
64410  34.762  -17.937  32.109 0.0000000000
63366  33.300  -19.720  30.587 0.0000000000
63365  33.590  -18.938  30.446 0.0000000000
81309  56.189  -2.361  14.952 0.0000000000
82347  56.469  -1.578  15.237 0.0000000000
82348  55.566  -1.905  14.568 0.0000000000
70547  42.016  -12.092  25.263 0.0000000000
70534  42.455  -12.302  26.005 0.0000000000
69388  41.336  -13.427  25.761 0.0000000000
68362  40.662  -13.631  25.164 0.0000000000
68351  40.442  -14.031  25.620 0.0000000000
67332  41.385  -13.782  27.217 0.0000000000
67333  40.857  -14.007  26.983 0.0000000000
136531  39.791  -14.662  25.641 0.0000000000
67372  39.322  -15.035  24.811 0.0000000000
70412  46.947  -11.433  33.015 0.0000000000
153503  47.265  -11.196  33.177 0.0000000000
70434  46.594  -11.605  31.949 0.0000000000
70463  46.258  -11.725  30.015 0.0000000000
71610  46.753  -11.432  31.422 0.0000000000
71624  46.631  -11.342  30.599 0.0000000000
151616  47.170  -10.405  30.855 0.0000000000
71633  46.495  -11.177  29.931 0.0000000000
71641  46.253  -10.770  29.297 0.0000000000
70476  45.794  -11.164  29.204 0.0000000000
70514  43.748  -12.004  27.351 0.0000000000
70513  44.146  -11.638  27.661 0.0000000000
136933  43.612  -11.589  26.810 0.0000000000
157403  31.451  -26.891  48.871 0.0000000000
54246  31.654  -26.586  48.090 0.0000000000
55556  29.269  -25.658  46.041 0.0000000000
55555  30.276  -25.860  45.582 0.0000000000
56664  28.637  -25.494  45.277 0.0000000000
54306  26.025  -26.564  45.856 0.0000000000
54342  25.706  -26.936  44.367 0.0000000000
143105  26.354  -25.974  43.097 0.0000000000
55580  26.501  -26.079  44.013 0.0000000000
151716  26.864  -25.606  43.341 0.0000000000
141656  27.525  -25.339  43.041 0.0000000000
145061  25.232  -26.530  40.522 0.0000000000
55602  25.749  -25.902  40.562 0.0000000000
55610  25.388  -26.198  39.695 0.0000000000
56721  25.811  -25.627  39.060 0.0000000000
141460  25.002  -26.989  39.120 0.0000000000
151657  22.733  -29.264  41.139 0.0000000000
50741  22.676  -29.776  40.427 0.0000000000
75918  53.054  -6.431  24.274 0.0000000000
77004  52.365  -6.181  21.439 0.0000000000
77003  53.175  -6.012  21.779 0.0000000000
78010  53.858  -5.902  21.154 0.0000000000
78022  53.659  -5.742  20.295 0.0000000000
77025  50.681  -6.912  19.200 0.0000000000
77024  51.217  -6.611  19.600 0.0000000000
78041  52.837  -5.733  18.201 0.0000000000
157814  53.330  -5.586  18.776 0.0000000000
78032  53.990  -5.503  18.908 0.0000000000
78040  53.616  -5.454  18.225 0.0000000000
78039  54.414  -5.269  18.241 0.0000000000
78048  53.946  -5.326  17.461 0.0000000000
78058  54.030  -5.128  15.992 0.0000000000
139650  54.514  -5.094  16.812 0.0000000000
78057  54.935  -4.980  16.018 0.0000000000
144013  55.753  -4.746  16.075 0.0000000000
78068  55.179  -4.991  15.117 0.0000000000
51797  22.118  -28.089  46.362 0.0000000000
51775  21.770  -28.288  48.110 0.0000000000
52974  21.182  -27.860  48.623 0.0000000000
52975  20.793  -27.296  48.120 0.0000000000
50655  22.456  -29.310  49.908 0.0000000000
51749  21.364  -28.591  50.980 0.0000000000
52958  20.442  -27.709  50.101 0.0000000000
52945  20.291  -27.747  51.051 0.0000000000
54209  19.845  -27.149  51.545 0.0000000000
54231  32.416  -27.164  49.841 0.0000000000
54249  28.242  -27.096  49.220 0.0000000000
51781  25.360  -28.537  48.575 0.0000000000
51769  26.035  -28.156  49.090 0.0000000000
52980  25.669  -27.835  48.218 0.0000000000
51793  25.098  -28.164  47.732 0.0000000000
51806  24.920  -27.838  46.945 0.0000000000
51794  24.553  -28.242  47.237 0.0000000000
50701  23.136  -28.363  46.381 0.0000000000
50690  23.730  -28.408  46.235 0.0000000000
51810  22.773  -28.162  45.695 0.0000000000
71716  41.214  -11.826  23.937 0.0000000000
75921  49.978  -7.287  23.905 0.0000000000
75920  50.660  -6.925  23.907 0.0000000000
75932  50.010  -7.138  22.999 0.0000000000
141844  49.909  -7.232  22.053 0.0000000000
74871  49.433  -7.459  22.310 0.0000000000
157436  46.571  -8.384  23.135 0.0000000000
159811  47.241  -8.128  22.660 0.0000000000
150519  47.481  -8.209  21.995 0.0000000000
74885  47.717  -8.169  21.299 0.0000000000
74884  48.382  -7.862  21.263 0.0000000000
74896  48.110  -8.079  20.431 0.0000000000
53005  20.839  -27.267  45.451 0.0000000000
53019  20.655  -27.307  44.598 0.0000000000
142113  18.745  -25.960  45.770 0.0000000000
55558  19.433  -26.476  45.405 0.0000000000
55572  18.266  -26.360  44.623 0.0000000000
55560  18.021  -25.968  45.356 0.0000000000
56639  17.536  -25.025  49.506 0.0000000000
56638  18.348  -25.062  49.024 0.0000000000
56646  17.346  -25.158  48.514 0.0000000000
54268  15.744  -26.677  47.698 0.0000000000
55524  16.343  -26.111  47.258 0.0000000000
54288  15.795  -27.152  46.212 0.0000000000
51786  14.272  -28.562  47.842 0.0000000000
51787  14.329  -29.246  47.018 0.0000000000
50679  13.920  -29.961  47.219 0.0000000000
54189  14.185  -26.835  53.326 0.0000000000
54188  14.758  -26.496  52.875 0.0000000000
54199  14.757  -26.564  52.026 0.0000000000
51715  12.579  -28.423  52.895 0.0000000000
51728  12.626  -28.587  52.033 0.0000000000
52947  13.272  -28.186  51.585 0.0000000000
52960  13.391  -28.428  50.745 0.0000000000
51750  13.514  -28.675  49.915 0.0000000000
51763  13.716  -28.924  49.172 0.0000000000
51764  13.257  -29.405  49.533 0.0000000000
47392  7.334  -32.253  54.429 0.0000000000
47394  6.069  -33.274  54.336 0.0000000000
46388  6.734  -33.696  53.800 0.0000000000
68246  38.624  -14.655  33.556 0.0000000000
64396  36.989  -17.413  34.017 0.0000000000
64408  35.790  -17.485  32.821 0.0000000000
64397  36.224  -17.784  33.576 0.0000000000
151626  35.817  -19.100  34.117 0.0000000000
63339  35.389  -19.053  33.365 0.0000000000
62152  34.991  -19.593  33.375 0.0000000000
61100  36.412  -20.910  36.875 0.0000000000
62113  36.325  -20.247  35.503 0.0000000000
138134  34.571  -20.868  35.056 0.0000000000
59996  33.265  -22.413  34.339 0.0000000000
58925  33.598  -23.675  34.144 0.0000000000
57815  34.757  -24.809  35.841 0.0000000000
57816  34.655  -24.615  35.513 0.0000000000
57829  34.740  -24.842  35.405 0.0000000000
55697  34.438  -25.756  34.172 0.0000000000
55707  34.285  -25.688  33.047 0.0000000000
55708  34.102  -26.117  32.121 0.0000000000
54515  33.288  -27.425  30.886 0.0000000000
53223  32.327  -28.356  31.352 0.0000000000
134484  32.241  -26.609  47.294 0.0000000000
54261  33.000  -26.840  47.423 0.0000000000
137086  33.317  -27.057  45.940 0.0000000000
54302  33.832  -27.213  45.341 0.0000000000
54301  34.441  -27.168  45.543 0.0000000000
53002  34.294  -27.381  44.944 0.0000000000
54341  31.195  -26.408  42.763 0.0000000000
55577  31.719  -26.757  43.333 0.0000000000
54356  31.844  -26.695  42.375 0.0000000000
53055  33.735  -27.327  42.717 0.0000000000
154536  32.995  -27.245  42.959 0.0000000000
53036  34.123  -27.481  43.685 0.0000000000
53015  34.545  -27.511  44.400 0.0000000000
141647  34.934  -27.676  43.688 0.0000000000
53033  36.153  -27.661  43.686 0.0000000000
134771  35.255  -27.800  42.932 0.0000000000
51881  35.295  -27.676  40.962 0.0000000000
53051  36.272  -27.197  42.421 0.0000000000
141091  36.230  -26.924  41.913 0.0000000000
54364  36.689  -26.222  42.165 0.0000000000
54375  36.277  -26.557  40.931 0.0000000000
54382  36.406  -26.104  40.723 0.0000000000
53084  35.763  -27.181  40.444 0.0000000000
53125  33.595  -26.965  37.855 0.0000000000
53109  34.193  -27.600  38.485 0.0000000000
154992  33.667  -27.019  37.330 0.0000000000
53140  33.952  -27.073  37.129 0.0000000000
158317  33.162  -27.112  36.555 0.0000000000
54410  30.737  -26.657  37.476 0.0000000000
54409  31.575  -26.874  37.398 0.0000000000
54423  31.544  -27.172  36.359 0.0000000000
54448  31.402  -27.336  35.379 0.0000000000
150448  31.797  -27.442  33.681 0.0000000000
54490  32.493  -27.355  33.464 0.0000000000
69261  40.196  -13.140  32.957 0.0000000000
69276  40.137  -12.891  32.128 0.0000000000
67295  37.178  -14.683  30.809 0.0000000000
68278  37.762  -14.124  30.215 0.0000000000
68279  36.968  -14.452  29.883 0.0000000000
68296  37.211  -14.367  28.896 0.0000000000
158171  36.672  -14.625  29.343 0.0000000000
65376  34.471  -17.079  30.119 0.0000000000
66370  34.490  -16.626  27.239 0.0000000000
66356  34.936  -15.742  28.531 0.0000000000
66369  34.941  -15.798  27.641 0.0000000000
67338  35.653  -15.469  27.209 0.0000000000
66379  35.268  -16.100  26.655 0.0000000000
86300  56.997  2.253  13.058 0.0000000000
86306  56.760  2.360  12.111 0.0000000000
86312  57.438  2.805  11.489 0.0000000000
69295  42.067  -12.593  30.792 0.0000000000
69296  41.106  -12.620  30.947 0.0000000000
70416  43.368  -12.085  32.205 0.0000000000
51854  20.747  -29.199  41.873 0.0000000000
53040  20.289  -27.477  43.677 0.0000000000
51822  23.195  -28.342  44.456 0.0000000000
72773  44.997  -10.154  26.996 0.0000000000
72782  44.893  -9.879  26.311 0.0000000000
73793  45.319  -9.122  24.659 0.0000000000
73794  44.635  -9.510  24.305 0.0000000000
55458  18.688  -26.229  53.373 0.0000000000
55459  18.112  -25.572  53.080 0.0000000000
49560  10.067  -31.039  52.348 0.0000000000
48468  9.110  -32.319  52.436 0.0000000000
133579  8.322  -32.312  53.433 0.0000000000
143766  35.261  -22.983  41.242 0.0000000000
57784  35.449  -24.545  39.544 0.0000000000
57792  35.301  -24.622  38.845 0.0000000000
57783  35.734  -25.198  39.461 0.0000000000
55619  35.901  -25.911  39.002 0.0000000000
150462  27.701  -25.217  40.026 0.0000000000
56719  27.214  -25.201  39.129 0.0000000000
56718  28.190  -25.421  39.208 0.0000000000
55621  28.684  -25.705  38.303 0.0000000000
156012  28.654  -25.694  37.316 0.0000000000
55632  27.823  -25.329  37.533 0.0000000000
55645  27.310  -25.978  35.973 0.0000000000
63353  34.308  -18.944  32.213 0.0000000000
63364  34.035  -18.550  31.437 0.0000000000
159574  33.394  -19.824  31.315 0.0000000000
134620  57.116  -4.570  17.252 0.0000000000
79111  57.719  -4.431  17.747 0.0000000000
79113  57.482  -4.272  17.178 0.0000000000
82344  57.359  -1.432  15.673 0.0000000000
81305  57.605  -2.196  15.906 0.0000000000
80184  56.354  -3.034  15.046 0.0000000000
69385  43.278  -12.567  27.248 0.0000000000
69386  42.682  -12.744  26.684 0.0000000000
68329  42.804  -13.068  27.148 0.0000000000
68330  42.184  -13.571  27.005 0.0000000000
68331  41.420  -13.741  26.695 0.0000000000
67316  40.440  -14.124  27.561 0.0000000000
67334  40.241  -14.424  26.819 0.0000000000
132720  39.279  -15.112  25.475 0.0000000000
70436  45.532  -12.441  31.050 0.0000000000
69310  45.977  -12.098  29.981 0.0000000000
69331  45.773  -11.919  29.605 0.0000000000
69339  45.572  -11.643  29.239 0.0000000000
151801  44.942  -11.998  28.682 0.0000000000
69355  43.823  -12.584  27.795 0.0000000000
51856  18.233  -29.386  42.144 0.0000000000
51826  15.904  -29.689  44.291 0.0000000000
51814  15.276  -29.508  45.058 0.0000000000
55519  28.990  -26.200  47.818 0.0000000000
55540  28.539  -25.925  46.863 0.0000000000
53056  24.813  -27.660  43.330 0.0000000000
53037  25.423  -27.111  43.492 0.0000000000
54358  25.798  -26.630  42.848 0.0000000000
55588  26.131  -25.991  42.174 0.0000000000
54386  24.613  -27.653  39.583 0.0000000000
57860  33.994  -24.620  31.900 0.0000000000
75930  51.138  -6.404  22.645 0.0000000000
75929  51.945  -6.196  23.024 0.0000000000
76999  51.727  -6.267  22.030 0.0000000000
77005  51.574  -6.422  21.110 0.0000000000
77011  52.203  -6.255  20.533 0.0000000000
77040  51.322  -6.365  17.721 0.0000000000
78050  52.613  -5.723  17.288 0.0000000000
78049  53.245  -5.496  16.943 0.0000000000
78059  53.243  -5.397  16.083 0.0000000000
78070  53.427  -5.407  15.185 0.0000000000
51796  22.675  -28.327  46.603 0.0000000000
154035  21.947  -28.882  48.902 0.0000000000
51783  24.266  -28.687  47.597 0.0000000000
151007  24.062  -29.041  47.848 0.0000000000
50692  23.213  -28.690  47.127 0.0000000000
75909  50.079  -7.263  24.688 0.0000000000
74874  46.832  -8.511  22.160 0.0000000000
54267  20.266  -26.920  46.665 0.0000000000
54287  20.228  -26.942  45.829 0.0000000000
55521  19.667  -26.260  47.100 0.0000000000
55542  18.858  -25.736  46.614 0.0000000000
56647  16.814  -25.241  49.162 0.0000000000
55493  16.231  -25.680  49.392 0.0000000000
54252  15.720  -26.383  48.673 0.0000000000
54269  15.264  -27.438  47.110 0.0000000000
149558  14.259  -26.666  54.398 0.0000000000
52932  13.670  -27.429  52.871 0.0000000000
51739  12.182  -29.306  51.618 0.0000000000
51752  12.403  -29.584  50.748 0.0000000000
50645  12.654  -29.817  49.897 0.0000000000
64386  36.668  -18.194  34.214 0.0000000000
63328  37.159  -18.540  34.706 0.0000000000
62137  36.194  -19.400  34.600 0.0000000000
154429  35.760  -21.231  37.940 0.0000000000
61085  36.538  -20.777  38.264 0.0000000000
61101  35.943  -21.145  36.596 0.0000000000
61109  35.691  -20.920  36.058 0.0000000000
58910  33.714  -22.949  35.017 0.0000000000
158756  34.492  -24.424  34.936 0.0000000000
55684  34.895  -25.621  35.504 0.0000000000
56790  34.826  -25.085  35.338 0.0000000000
55685  34.675  -25.985  34.925 0.0000000000
54488  33.925  -26.532  32.821 0.0000000000
54503  32.470  -27.264  32.417 0.0000000000
55537  31.070  -26.210  46.207 0.0000000000
154141  31.834  -26.494  45.559 0.0000000000
158834  31.760  -26.567  44.832 0.0000000000
54304  32.359  -26.837  44.966 0.0000000000
54367  31.958  -26.517  41.470 0.0000000000
54366  32.606  -26.898  41.856 0.0000000000
53073  33.323  -27.055  41.285 0.0000000000
133509  33.856  -27.292  41.590 0.0000000000
53053  34.822  -27.512  42.126 0.0000000000
146046  34.165  -27.409  40.955 0.0000000000
51865  34.544  -27.531  40.854 0.0000000000
51883  34.374  -27.587  40.155 0.0000000000
51897  34.676  -27.805  39.856 0.0000000000
51899  33.908  -27.645  39.182 0.0000000000
53111  33.525  -27.234  38.729 0.0000000000
157324  33.170  -26.852  38.054 0.0000000000
136482  30.249  -26.960  35.628 0.0000000000
135069  30.869  -27.195  35.761 0.0000000000
54449  30.460  -27.236  34.923 0.0000000000
54475  30.569  -27.523  34.051 0.0000000000
54491  31.101  -27.525  33.410 0.0000000000
54492  30.406  -27.774  33.158 0.0000000000
68256  38.355  -14.449  32.875 0.0000000000
140145  38.144  -14.312  31.916 0.0000000000
67288  37.460  -14.910  31.632 0.0000000000
67296  36.436  -15.125  30.543 0.0000000000
66348  34.207  -17.031  29.170 0.0000000000
143661  33.923  -17.563  28.515 0.0000000000
155192  55.828  0.834  14.375 0.0000000000
85380  56.477  1.464  14.216 0.0000000000
68272  43.701  -13.028  29.483 0.0000000000
67313  42.394  -13.556  28.145 0.0000000000
143194  43.061  -13.219  29.113 0.0000000000
67302  42.057  -13.585  28.505 0.0000000000
68304  41.364  -13.652  28.376 0.0000000000
68305  40.609  -13.785  28.292 0.0000000000
67317  38.934  -14.434  28.090 0.0000000000
70392  46.580  -11.582  33.345 0.0000000000
70394  45.268  -11.696  33.074 0.0000000000
70414  45.704  -12.060  31.729 0.0000000000
69292  45.100  -12.604  30.587 0.0000000000
69313  44.411  -12.799  30.232 0.0000000000
50735  18.884  -29.518  41.659 0.0000000000
51855  20.007  -29.207  41.663 0.0000000000
53077  19.395  -28.944  41.734 0.0000000000
53059  18.077  -28.585  42.427 0.0000000000
53042  17.777  -27.928  43.001 0.0000000000
53020  17.162  -27.618  43.695 0.0000000000
151743  25.555  -27.279  46.786 0.0000000000
54286  26.033  -26.799  46.661 0.0000000000
141206  25.185  -27.472  45.646 0.0000000000
53017  25.174  -27.543  44.982 0.0000000000
51833  24.123  -28.392  44.423 0.0000000000
53038  24.539  -28.134  43.914 0.0000000000
158155  24.376  -28.146  43.191 0.0000000000
150507  22.392  -29.241  41.403 0.0000000000
149417  49.648  -7.497  20.044 0.0000000000
75960  50.128  -7.271  19.669 0.0000000000
75961  49.471  -7.516  19.272 0.0000000000
50654  23.006  -29.483  49.450 0.0000000000
50642  23.674  -29.542  50.348 0.0000000000
144793  47.531  -8.312  27.884 0.0000000000
73777  46.085  -9.061  26.804 0.0000000000
73776  46.628  -8.726  27.061 0.0000000000
74830  47.346  -8.229  26.607 0.0000000000
138348  47.608  -7.960  25.734 0.0000000000
142337  47.808  -7.815  24.638 0.0000000000
73803  45.182  -9.113  23.665 0.0000000000
73817  45.744  -8.872  23.004 0.0000000000
146888  45.553  -9.063  22.122 0.0000000000
55491  19.575  -26.299  49.840 0.0000000000
55492  19.080  -25.550  49.491 0.0000000000
56628  17.591  -24.994  50.429 0.0000000000
56614  17.661  -25.185  52.353 0.0000000000
56621  17.583  -25.035  51.350 0.0000000000
56629  16.765  -25.128  50.829 0.0000000000
55486  15.502  -26.223  50.727 0.0000000000
51686  12.590  -28.059  54.933 0.0000000000
50613  11.617  -29.532  52.933 0.0000000000
50623  11.629  -29.694  52.112 0.0000000000
49572  11.185  -31.370  50.368 0.0000000000
48476  9.913  -32.163  51.184 0.0000000000
61076  35.728  -21.419  39.622 0.0000000000
61086  35.558  -21.555  38.739 0.0000000000
59962  34.810  -22.531  37.626 0.0000000000
58882  34.592  -23.438  37.412 0.0000000000
58891  34.463  -23.644  36.597 0.0000000000
58890  34.689  -24.282  36.924 0.0000000000
57806  34.784  -24.710  36.407 0.0000000000
56755  34.935  -24.994  36.440 0.0000000000
55664  35.108  -25.720  36.129 0.0000000000
54443  34.909  -26.244  35.984 0.0000000000
133455  33.908  -26.869  35.718 0.0000000000
132466  29.931  -25.896  43.204 0.0000000000
55578  30.725  -26.146  43.510 0.0000000000
55586  30.208  -25.919  41.884 0.0000000000
55601  29.102  -25.711  40.839 0.0000000000
55593  30.675  -26.113  41.145 0.0000000000
54377  31.061  -26.425  40.416 0.0000000000
54384  31.570  -26.697  39.666 0.0000000000
142866  31.534  -26.859  38.981 0.0000000000
54395  31.030  -26.799  38.356 0.0000000000
54425  30.024  -26.347  37.013 0.0000000000
55631  29.397  -26.042  37.639 0.0000000000
139726  29.744  -26.569  35.986 0.0000000000
65359  36.020  -16.786  32.412 0.0000000000
65360  35.535  -16.746  31.743 0.0000000000
65361  34.811  -17.386  31.656 0.0000000000
143751  34.417  -17.558  30.973 0.0000000000
65369  34.092  -17.826  30.275 0.0000000000
64418  34.013  -18.205  30.778 0.0000000000
84383  57.040  0.549  15.301 0.0000000000
145590  56.947  -0.534  15.435 0.0000000000
84384  56.223  0.180  15.046 0.0000000000
82349  54.809  -1.553  13.845 0.0000000000
70546  42.502  -11.695  25.417 0.0000000000
71707  41.475  -12.121  24.743 0.0000000000
69387  42.041  -13.086  26.143 0.0000000000
69402  40.971  -13.223  25.110 0.0000000000
67331  41.921  -13.696  27.479 0.0000000000
67352  41.414  -13.753  26.857 0.0000000000
67370  40.930  -13.847  26.337 0.0000000000
67353  40.514  -14.194  26.282 0.0000000000
67371  40.416  -14.153  25.889 0.0000000000
71609  47.238  -11.018  31.995 0.0000000000
155612  46.606  -10.137  29.129 0.0000000000
72746  46.343  -10.059  28.607 0.0000000000
71657  45.370  -10.480  28.158 0.0000000000
70490  45.372  -11.122  28.801 0.0000000000
70491  44.881  -11.075  28.243 0.0000000000
71677  44.910  -10.498  27.601 0.0000000000
71692  44.459  -10.539  26.750 0.0000000000
71693  43.852  -10.961  26.466 0.0000000000
54244  33.163  -27.089  49.276 0.0000000000
54262  31.425  -26.330  47.145 0.0000000000
55518  29.995  -26.078  47.425 0.0000000000
55517  30.695  -26.103  47.032 0.0000000000
54305  26.736  -26.311  46.358 0.0000000000
137514  26.851  -26.113  45.568 0.0000000000
56665  27.735  -25.685  45.374 0.0000000000
55570  27.132  -25.797  44.742 0.0000000000
56673  28.135  -25.435  44.554 0.0000000000
56672  28.949  -25.460  44.199 0.0000000000
56680  29.158  -25.609  43.359 0.0000000000
56690  28.498  -25.416  42.586 0.0000000000
56699  27.212  -25.151  41.031 0.0000000000
56700  26.236  -25.607  41.281 0.0000000000
157325  26.379  -25.398  40.572 0.0000000000
56720  26.447  -25.324  39.361 0.0000000000
55634  25.345  -26.183  37.580 0.0000000000
50740  23.072  -29.511  40.261 0.0000000000
60007  32.654  -22.364  32.753 0.0000000000
136022  55.266  -5.498  20.016 0.0000000000
77013  50.747  -6.940  20.028 0.0000000000
77030  52.036  -6.074  18.533 0.0000000000
77022  52.832  -5.923  19.967 0.0000000000
153844  53.464  -5.633  19.453 0.0000000000
146406  54.283  -5.528  19.729 0.0000000000
135265  55.799  -5.224  19.174 0.0000000000
78038  55.441  -5.105  18.213 0.0000000000
135073  56.219  -4.935  17.830 0.0000000000
78047  56.533  -4.786  17.340 0.0000000000
78056  56.440  -4.646  16.755 0.0000000000
137597  56.363  -4.449  16.247 0.0000000000
78066  56.197  -4.171  15.652 0.0000000000
155109  22.209  -27.952  44.444 0.0000000000
51812  21.813  -27.785  44.714 0.0000000000
149226  21.722  -27.740  45.459 0.0000000000
53004  21.367  -27.540  45.842 0.0000000000
51785  21.739  -27.982  46.973 0.0000000000
52992  21.344  -27.610  46.632 0.0000000000
52982  20.846  -27.303  47.122 0.0000000000
144253  20.160  -26.913  48.565 0.0000000000
54236  20.009  -27.027  49.531 0.0000000000
51761  21.923  -29.056  49.618 0.0000000000
51736  21.996  -28.893  51.177 0.0000000000
51762  21.357  -28.541  50.097 0.0000000000
52967  20.955  -28.050  49.561 0.0000000000
54222  19.381  -26.502  51.226 0.0000000000
54210  19.313  -26.572  51.992 0.0000000000
52919  19.636  -27.337  53.203 0.0000000000
54187  19.105  -26.970  53.542 0.0000000000
157816  33.162  -27.175  50.005 0.0000000000
54232  31.653  -27.112  49.549 0.0000000000
134009  30.856  -27.069  49.365 0.0000000000
134114  30.055  -26.856  49.113 0.0000000000
54248  29.093  -26.852  48.855 0.0000000000
54264  28.046  -26.577  48.569 0.0000000000
54265  27.003  -26.674  48.262 0.0000000000
52979  26.487  -27.473  48.682 0.0000000000
54266  26.073  -27.145  47.635 0.0000000000
51807  24.499  -28.039  46.221 0.0000000000
51808  24.003  -28.348  45.754 0.0000000000
51809  23.470  -28.319  45.367 0.0000000000
132788  22.997  -28.260  45.010 0.0000000000
136005  22.567  -28.107  44.707 0.0000000000
71715  41.802  -11.178  23.447 0.0000000000
75907  52.771  -6.511  24.994 0.0000000000
133051  52.142  -6.469  24.403 0.0000000000
137091  50.949  -6.865  24.677 0.0000000000
136024  51.393  -6.656  24.362 0.0000000000
75919  51.427  -6.476  23.676 0.0000000000
75931  50.440  -6.842  22.306 0.0000000000
74857  48.527  -7.682  23.626 0.0000000000
74872  48.773  -7.682  22.589 0.0000000000
147207  48.927  -7.665  21.726 0.0000000000
75948  49.488  -7.532  20.563 0.0000000000
146222  21.239  -27.606  44.134 0.0000000000
54326  19.728  -26.957  44.140 0.0000000000
54308  19.179  -26.512  44.633 0.0000000000
54327  18.677  -26.758  43.829 0.0000000000
54328  17.616  -26.814  44.081 0.0000000000
54329  16.611  -27.309  44.527 0.0000000000
56645  18.273  -25.167  48.049 0.0000000000
56652  18.117  -25.293  47.097 0.0000000000
55505  16.800  -25.572  47.788 0.0000000000
55523  17.149  -25.620  46.831 0.0000000000
55561  17.186  -25.986  45.810 0.0000000000
54310  16.436  -26.725  45.476 0.0000000000
53007  15.351  -28.651  45.427 0.0000000000
50693  14.759  -30.272  45.483 0.0000000000
55469  15.284  -25.948  52.499 0.0000000000
54211  14.913  -26.803  51.185 0.0000000000
52909  13.032  -27.586  54.311 0.0000000000
52921  13.062  -27.768  53.324 0.0000000000
52946  13.741  -27.611  52.005 0.0000000000
54224  14.359  -27.422  50.783 0.0000000000
52969  14.295  -27.589  49.885 0.0000000000
153586  13.970  -28.259  49.530 0.0000000000
51776  13.788  -29.039  48.367 0.0000000000
50668  13.506  -29.713  47.958 0.0000000000
132481  7.792  -32.819  53.636 0.0000000000
47412  7.400  -33.618  53.422 0.0000000000
70397  41.550  -12.308  33.414 0.0000000000
67282  38.154  -15.175  33.382 0.0000000000
66329  37.485  -15.964  33.079 0.0000000000
64409  35.208  -17.945  32.546 0.0000000000
63352  34.925  -18.586  32.592 0.0000000000
63338  35.940  -18.569  33.867 0.0000000000
62153  34.356  -19.496  32.844 0.0000000000
62122  36.697  -19.672  35.156 0.0000000000
61117  35.368  -20.619  35.453 0.0000000000
62124  34.941  -20.125  34.085 0.0000000000
61136  33.337  -20.857  33.398 0.0000000000
59997  32.905  -21.821  33.569 0.0000000000
58934  33.470  -23.924  32.777 0.0000000000
55717  34.165  -25.662  31.379 0.0000000000
56801  34.682  -24.908  34.938 0.0000000000
57845  34.328  -24.848  34.219 0.0000000000
56809  34.179  -25.189  32.975 0.0000000000
54514  33.989  -27.070  30.445 0.0000000000
53234  33.883  -27.739  30.486 0.0000000000
53222  33.862  -28.402  30.653 0.0000000000
56689  36.559  -25.589  42.262 0.0000000000
141450  33.243  -26.877  48.320 0.0000000000
54260  34.252  -26.837  48.155 0.0000000000
156185  34.190  -26.889  47.282 0.0000000000
54283  32.790  -26.848  46.606 0.0000000000
54282  33.625  -26.983  46.758 0.0000000000
54259  34.915  -26.754  47.430 0.0000000000
53000  35.597  -27.329  45.143 0.0000000000
54324  32.062  -26.880  44.207 0.0000000000
54323  32.862  -27.089  44.312 0.0000000000
54355  32.461  -27.064  42.728 0.0000000000
53016  33.759  -27.335  44.501 0.0000000000
52999  36.077  -27.108  45.449 0.0000000000
53012  36.340  -27.052  44.936 0.0000000000
136264  35.857  -27.988  42.971 0.0000000000
147379  36.525  -26.792  42.961 0.0000000000
55576  36.580  -26.040  43.049 0.0000000000
55585  36.701  -26.000  42.263 0.0000000000
56696  36.716  -25.918  41.925 0.0000000000
56697  36.602  -25.302  41.522 0.0000000000
56716  36.490  -25.656  40.840 0.0000000000
55607  36.161  -26.082  39.831 0.0000000000
53107  35.727  -26.591  38.992 0.0000000000
53098  35.141  -27.889  39.097 0.0000000000
53108  35.225  -27.379  38.609 0.0000000000
153383  35.255  -26.786  37.920 0.0000000000
53139  34.159  -27.091  37.160 0.0000000000
53160  34.013  -26.968  36.548 0.0000000000
54445  33.408  -27.120  35.448 0.0000000000
53127  32.523  -26.845  37.768 0.0000000000
53126  32.822  -26.947  37.372 0.0000000000
54422  32.235  -27.255  36.124 0.0000000000
53142  32.844  -27.151  36.681 0.0000000000
53163  32.805  -27.237  36.018 0.0000000000
54446  32.902  -27.375  35.279 0.0000000000
54472  33.150  -27.336  34.403 0.0000000000
54517  31.881  -27.474  32.011 0.0000000000
54505  30.953  -27.743  32.614 0.0000000000
155443  31.426  -27.716  32.141 0.0000000000
53224  31.783  -27.979  31.678 0.0000000000
70419  40.835  -12.598  32.471 0.0000000000
69297  40.223  -12.730  31.222 0.0000000000
69318  39.629  -13.006  30.686 0.0000000000
68263  38.687  -13.559  31.182 0.0000000000
136641  38.377  -13.797  30.423 0.0000000000
68277  39.162  -13.409  30.089 0.0000000000
68307  38.230  -14.088  28.752 0.0000000000
67318  37.925  -14.555  28.050 0.0000000000
67336  37.554  -14.993  27.310 0.0000000000
143368  35.872  -16.035  31.044 0.0000000000
67297  35.830  -15.520  30.195 0.0000000000
66347  34.682  -16.282  29.309 0.0000000000
67304  35.489  -15.447  29.294 0.0000000000
67319  36.334  -14.839  28.889 0.0000000000
67337  36.492  -15.176  27.282 0.0000000000
67357  37.188  -15.352  26.541 0.0000000000
80188  55.982  -3.759  14.785 0.0000000000
80189  55.796  -3.650  14.135 0.0000000000
79129  55.805  -4.363  13.344 0.0000000000
49579  12.057  -31.315  49.153 0.0000000000
50653  23.628  -29.690  49.743 0.0000000000
50678  23.280  -29.024  47.892 0.0000000000
50691  23.512  -28.529  46.723 0.0000000000
51847  35.360  -27.634  42.075 0.0000000000
51863  35.568  -27.635  41.586 0.0000000000
51864  34.782  -27.773  41.210 0.0000000000
51866  34.137  -27.412  40.406 0.0000000000
51882  34.821  -27.677  40.579 0.0000000000
51896  35.089  -27.763  40.455 0.0000000000
51898  34.206  -27.742  39.501 0.0000000000
51908  34.428  -27.858  39.065 0.0000000000
53014  35.302  -27.598  44.406 0.0000000000
53034  35.666  -27.866  43.695 0.0000000000
53052  35.912  -27.720  42.339 0.0000000000
53054  34.297  -27.361  42.122 0.0000000000
53070  36.259  -27.033  41.264 0.0000000000
53071  35.656  -27.565  41.265 0.0000000000
53072  34.448  -27.398  41.441 0.0000000000
53086  33.777  -27.263  40.060 0.0000000000
53097  35.262  -27.688  40.026 0.0000000000
53110  33.934  -27.441  38.550 0.0000000000
53122  34.635  -27.038  37.422 0.0000000000
53124  33.957  -27.111  37.911 0.0000000000
53141  33.481  -27.073  36.788 0.0000000000
53161  33.589  -27.054  36.365 0.0000000000
54198  19.191  -26.761  52.834 0.0000000000
54247  30.807  -26.630  48.621 0.0000000000
54322  36.553  -26.800  44.571 0.0000000000
54353  36.574  -26.238  42.692 0.0000000000
54365  36.427  -26.421  41.653 0.0000000000
54368  31.339  -26.302  41.088 0.0000000000
54374  36.545  -26.047  41.369 0.0000000000
54383  36.045  -26.623  40.059 0.0000000000
54408  35.341  -26.100  37.457 0.0000000000
54419  35.214  -25.928  36.777 0.0000000000
54444  34.419  -26.600  35.939 0.0000000000
55506  16.471  -25.594  48.567 0.0000000000
55592  36.724  -25.889  41.707 0.0000000000
55643  35.238  -25.620  37.142 0.0000000000
56688  36.580  -25.849  42.531 0.0000000000
56706  36.666  -25.860  41.546 0.0000000000
56709  26.826  -25.212  40.013 0.0000000000
56717  36.122  -25.660  39.823 0.0000000000
56728  35.686  -25.516  38.882 0.0000000000
56754  35.136  -25.272  37.198 0.0000000000
67301  42.771  -13.377  28.679 0.0000000000
67312  43.239  -13.243  28.471 0.0000000000
67350  42.242  -13.574  27.431 0.0000000000
68274  42.028  -13.127  29.476 0.0000000000
68286  45.429  -12.220  29.551 0.0000000000
68289  43.370  -13.174  28.925 0.0000000000
68290  42.423  -13.372  29.028 0.0000000000
68294  38.577  -13.775  29.508 0.0000000000
68303  44.457  -12.693  29.035 0.0000000000
68348  42.310  -13.278  26.667 0.0000000000
69277  39.498  -13.406  32.665 0.0000000000
69311  45.550  -12.358  29.959 0.0000000000
69340  45.264  -12.042  29.088 0.0000000000
69341  44.693  -12.412  28.816 0.0000000000
69354  44.376  -12.334  28.295 0.0000000000
69366  44.128  -12.105  27.845 0.0000000000
70435  46.106  -12.108  31.305 0.0000000000
70437  44.252  -12.237  31.629 0.0000000000
70449  46.366  -11.820  30.568 0.0000000000
70512  44.432  -11.097  27.713 0.0000000000
71678  44.548  -10.675  27.264 0.0000000000
72723  46.864  -10.719  30.480 0.0000000000
72735  46.696  -10.444  29.775 0.0000000000
73749  46.992  -9.674  29.426 0.0000000000
74824  47.121  -8.539  27.384 0.0000000000
75902  49.853  -7.335  25.495 0.0000000000
85385  55.836  1.405  13.576 0.0000000000
135214  34.886  -27.286  37.883 0.0000000000
135527  43.798  -13.004  28.656 0.0000000000
136331  45.102  -11.676  28.746 0.0000000000
137170  35.901  -27.456  41.797 0.0000000000
138313  42.933  -12.016  32.863 0.0000000000
138419  26.739  -25.365  41.860 0.0000000000
139021  34.613  -27.722  38.465 0.0000000000
141883  36.265  -27.550  43.029 0.0000000000
143948  26.373  -25.330  37.901 0.0000000000
144202  41.156  -12.518  32.943 0.0000000000
145101  14.721  -27.892  47.696 0.0000000000
147107  25.483  -27.107  46.097 0.0000000000
148975  33.957  -27.056  45.997 0.0000000000
154621  36.405  -25.892  40.580 0.0000000000
155955  28.821  -25.422  44.740 0.0000000000
156505  43.320  -12.903  27.567 0.0000000000
157121  16.144  -28.023  44.630 0.0000000000
158234  40.789  -13.928  26.273 0.0000000000
158725  27.413  -25.948  46.021 0.0000000000
159242  36.572  -26.301  43.186 0.0000000000
