#!ascii label  , from subject sub125 vox2ras=TkReg
666
78650  20.591  -4.805  -32.042 0.0000000000
138733  27.278  3.953  -37.251 0.0000000000
94930  21.468  10.562  -38.434 0.0000000000
89648  16.720  6.037  -33.946 0.0000000000
74491  23.317  -9.486  -31.556 0.0000000000
78647  26.577  -5.629  -32.769 0.0000000000
82851  23.363  -1.614  -35.615 0.0000000000
143762  20.206  3.035  -35.506 0.0000000000
91728  24.018  7.383  -38.510 0.0000000000
98763  26.644  14.772  -37.143 0.0000000000
139109  20.776  13.898  -38.583 0.0000000000
77550  21.685  -6.650  -31.885 0.0000000000
76516  25.282  -7.425  -32.521 0.0000000000
159055  23.571  -5.225  -33.519 0.0000000000
84891  19.320  0.493  -33.810 0.0000000000
86801  17.817  2.290  -33.422 0.0000000000
92748  18.178  7.884  -35.915 0.0000000000
90674  19.908  6.717  -36.628 0.0000000000
93893  22.323  9.228  -38.778 0.0000000000
95912  26.303  11.405  -38.191 0.0000000000
96890  24.666  12.233  -39.626 0.0000000000
99669  18.164  16.053  -34.592 0.0000000000
97763  16.741  13.621  -34.307 0.0000000000
99725  21.672  15.709  -39.088 0.0000000000
85882  24.995  1.144  -36.977 0.0000000000
82847  27.213  -1.277  -36.046 0.0000000000
85868  28.133  1.321  -36.067 0.0000000000
94872  16.422  9.895  -34.534 0.0000000000
90672  28.506  6.668  -36.704 0.0000000000
136544  19.644  -2.374  -32.461 0.0000000000
80721  22.034  -3.102  -34.229 0.0000000000
83830  20.654  -0.940  -34.232 0.0000000000
85870  22.230  1.016  -35.733 0.0000000000
143549  24.036  3.221  -37.411 0.0000000000
88679  18.340  4.337  -34.770 0.0000000000
88718  22.335  5.664  -37.584 0.0000000000
89678  25.527  5.394  -37.828 0.0000000000
93875  27.373  9.122  -37.313 0.0000000000
95851  15.757  11.588  -33.553 0.0000000000
96875  21.047  12.094  -38.653 0.0000000000
101625  23.093  17.778  -43.603 0.0000000000
100622  24.442  16.252  -43.052 0.0000000000
98806  24.578  14.717  -40.514 0.0000000000
101561  25.953  17.928  -37.992 0.0000000000
80718  25.459  -3.363  -34.790 0.0000000000
79641  19.715  -4.172  -31.008 0.0000000000
78633  19.844  -5.113  -30.753 0.0000000000
78649  21.187  -5.367  -32.244 0.0000000000
78648  22.622  -5.866  -32.762 0.0000000000
79661  22.005  -5.216  -32.726 0.0000000000
93865  19.874  9.192  -36.872 0.0000000000
92777  20.503  8.793  -37.349 0.0000000000
93895  21.522  9.869  -38.391 0.0000000000
94938  23.386  10.455  -39.437 0.0000000000
95937  22.664  10.971  -39.777 0.0000000000
100578  20.259  16.538  -36.583 0.0000000000
99692  19.755  15.710  -36.371 0.0000000000
137048  22.065  16.711  -38.959 0.0000000000
86832  26.050  2.079  -37.226 0.0000000000
84938  26.897  0.946  -36.579 0.0000000000
86830  27.213  2.344  -36.855 0.0000000000
92700  15.329  8.824  -33.069 0.0000000000
93802  14.637  9.915  -32.207 0.0000000000
75475  21.248  -8.449  -30.690 0.0000000000
73412  22.073  -10.213  -30.478 0.0000000000
73409  24.810  -10.643  -30.819 0.0000000000
74489  25.379  -9.337  -31.288 0.0000000000
77556  26.162  -6.340  -32.688 0.0000000000
76503  27.196  -7.090  -31.084 0.0000000000
82828  19.850  -1.595  -33.153 0.0000000000
83809  19.550  -0.901  -33.182 0.0000000000
137894  19.834  1.697  -34.849 0.0000000000
84926  20.719  0.635  -35.136 0.0000000000
86823  21.047  2.123  -35.697 0.0000000000
86834  22.621  2.270  -36.574 0.0000000000
86835  21.746  2.686  -36.330 0.0000000000
87739  17.442  4.128  -33.796 0.0000000000
136477  17.530  5.313  -34.607 0.0000000000
91715  22.497  7.051  -38.108 0.0000000000
89668  21.110  5.949  -37.104 0.0000000000
139066  22.460  6.356  -37.765 0.0000000000
89680  23.554  5.887  -37.803 0.0000000000
90701  24.027  6.611  -38.249 0.0000000000
91714  26.408  7.511  -38.032 0.0000000000
92786  25.387  8.353  -38.418 0.0000000000
97800  26.467  12.821  -37.790 0.0000000000
95911  27.158  11.510  -37.434 0.0000000000
97778  18.365  13.481  -35.739 0.0000000000
96819  16.496  12.830  -34.043 0.0000000000
141445  18.540  13.022  -36.129 0.0000000000
96849  18.481  12.245  -36.169 0.0000000000
97814  20.850  13.022  -38.642 0.0000000000
138794  24.175  16.301  -42.055 0.0000000000
135528  25.068  16.593  -40.407 0.0000000000
100603  25.252  16.211  -39.570 0.0000000000
136668  22.319  -2.341  -34.555 0.0000000000
145899  23.203  -3.492  -34.408 0.0000000000
135476  23.971  -2.195  -35.477 0.0000000000
82836  28.431  -1.383  -34.677 0.0000000000
81862  28.237  -2.216  -34.510 0.0000000000
76495  21.092  -7.622  -30.926 0.0000000000
152773  22.193  -7.781  -31.609 0.0000000000
75495  24.484  -8.473  -32.139 0.0000000000
76519  23.062  -7.152  -32.390 0.0000000000
77571  24.157  -6.362  -33.066 0.0000000000
148557  25.199  -5.635  -33.667 0.0000000000
84882  18.465  0.855  -32.709 0.0000000000
135063  18.535  2.038  -33.686 0.0000000000
86811  19.026  2.924  -34.550 0.0000000000
91675  17.242  7.186  -34.907 0.0000000000
90663  18.183  6.464  -35.484 0.0000000000
91689  18.605  7.079  -35.893 0.0000000000
91717  21.424  7.521  -37.564 0.0000000000
92789  23.053  8.480  -38.539 0.0000000000
92787  24.789  9.115  -38.490 0.0000000000
93891  23.564  9.885  -38.799 0.0000000000
96873  25.280  12.198  -39.110 0.0000000000
148050  25.900  14.083  -38.326 0.0000000000
140293  15.688  15.112  -32.278 0.0000000000
98716  17.456  15.009  -33.881 0.0000000000
98748  18.791  14.868  -35.675 0.0000000000
99714  20.717  14.777  -38.353 0.0000000000
83848  24.527  -0.533  -36.098 0.0000000000
138982  25.193  -0.977  -35.881 0.0000000000
83864  26.120  0.083  -36.482 0.0000000000
83845  27.519  -0.221  -36.033 0.0000000000
90634  15.625  6.930  -33.094 0.0000000000
91677  16.413  7.662  -34.188 0.0000000000
93852  17.656  9.162  -35.620 0.0000000000
94901  18.990  10.374  -36.498 0.0000000000
75481  25.900  -8.639  -31.286 0.0000000000
89667  27.871  5.449  -37.114 0.0000000000
88692  28.722  4.230  -36.149 0.0000000000
79664  19.758  -3.594  -31.597 0.0000000000
80691  20.972  -3.832  -32.822 0.0000000000
81842  20.257  -2.832  -32.683 0.0000000000
135393  20.710  -2.091  -33.733 0.0000000000
83828  22.280  -1.059  -34.773 0.0000000000
83831  20.192  -0.319  -34.338 0.0000000000
84906  21.003  -0.165  -34.715 0.0000000000
84923  22.972  -0.245  -35.831 0.0000000000
85883  24.161  0.901  -36.510 0.0000000000
85892  24.710  1.896  -37.192 0.0000000000
87772  25.195  3.556  -37.525 0.0000000000
87738  17.971  3.789  -34.208 0.0000000000
87749  19.429  3.484  -35.060 0.0000000000
89657  19.224  5.661  -35.990 0.0000000000
88706  19.719  5.024  -36.103 0.0000000000
87762  20.625  3.723  -36.119 0.0000000000
87775  22.707  4.624  -37.348 0.0000000000
144506  24.128  4.612  -37.582 0.0000000000
88713  26.064  4.470  -37.853 0.0000000000
145956  26.802  6.005  -37.690 0.0000000000
91700  27.576  7.420  -37.322 0.0000000000
139360  26.261  9.881  -38.166 0.0000000000
135275  16.559  10.714  -34.535 0.0000000000
95899  18.765  11.279  -36.390 0.0000000000
95926  21.400  11.225  -38.589 0.0000000000
100614  21.933  16.719  -41.539 0.0000000000
99734  21.962  15.896  -41.365 0.0000000000
102536  24.056  17.150  -43.437 0.0000000000
98821  22.042  14.966  -40.714 0.0000000000
151261  22.502  14.596  -40.638 0.0000000000
97841  23.446  13.646  -40.408 0.0000000000
96893  22.357  11.801  -39.804 0.0000000000
97825  24.985  13.829  -39.678 0.0000000000
98777  25.632  14.731  -38.592 0.0000000000
100582  26.742  16.535  -37.059 0.0000000000
79701  22.779  -4.006  -33.993 0.0000000000
79699  24.465  -4.170  -34.305 0.0000000000
79681  26.456  -4.400  -34.137 0.0000000000
80732  26.672  -2.607  -35.356 0.0000000000
80716  27.330  -3.253  -34.597 0.0000000000
79663  20.128  -4.215  -31.746 0.0000000000
79640  20.115  -4.860  -31.349 0.0000000000
78632  20.577  -5.447  -31.672 0.0000000000
79662  21.286  -4.568  -32.681 0.0000000000
94915  20.984  10.221  -37.856 0.0000000000
93879  20.516  9.583  -37.463 0.0000000000
94929  21.799  10.188  -38.900 0.0000000000
94940  22.217  10.251  -39.203 0.0000000000
148698  22.346  10.697  -39.355 0.0000000000
100577  20.997  16.156  -37.462 0.0000000000
87759  26.819  3.158  -37.262 0.0000000000
87758  27.634  3.209  -36.777 0.0000000000
74492  22.612  -9.139  -31.319 0.0000000000
74480  22.200  -9.451  -30.849 0.0000000000
73426  22.784  -9.931  -31.083 0.0000000000
73425  23.531  -10.257  -31.355 0.0000000000
145354  23.930  -9.716  -31.646 0.0000000000
74479  24.948  -9.928  -31.192 0.0000000000
74490  24.609  -9.433  -31.647 0.0000000000
77555  26.856  -6.307  -31.893 0.0000000000
78631  27.839  -5.804  -31.683 0.0000000000
78646  27.340  -5.398  -32.292 0.0000000000
82814  19.317  -1.602  -32.525 0.0000000000
83793  19.069  -0.846  -32.580 0.0000000000
85873  20.280  2.219  -35.315 0.0000000000
85872  20.498  1.433  -35.263 0.0000000000
86836  20.950  2.969  -35.966 0.0000000000
88681  17.285  4.892  -34.021 0.0000000000
89647  17.107  5.645  -34.269 0.0000000000
90703  22.786  6.956  -38.312 0.0000000000
90689  22.214  6.691  -37.766 0.0000000000
90702  23.293  6.864  -38.411 0.0000000000
89693  23.462  6.397  -38.073 0.0000000000
91727  25.100  7.606  -38.354 0.0000000000
146989  26.924  14.057  -36.973 0.0000000000
97799  26.959  13.283  -37.114 0.0000000000
98765  20.033  14.081  -37.493 0.0000000000
97793  18.795  13.581  -36.362 0.0000000000
97801  20.417  13.436  -37.901 0.0000000000
156098  20.076  12.993  -37.557 0.0000000000
97829  21.208  13.666  -39.137 0.0000000000
101587  24.944  17.445  -40.521 0.0000000000
102515  25.030  18.503  -39.846 0.0000000000
147749  25.178  17.882  -39.498 0.0000000000
81871  23.145  -2.242  -34.980 0.0000000000
83807  28.936  -0.902  -33.911 0.0000000000
82826  28.813  -1.782  -33.900 0.0000000000
76509  20.928  -6.750  -31.309 0.0000000000
76508  21.632  -7.353  -31.491 0.0000000000
76507  22.317  -7.225  -31.951 0.0000000000
76506  22.914  -7.883  -31.963 0.0000000000
78666  23.474  -5.802  -33.168 0.0000000000
77559  23.285  -6.463  -32.740 0.0000000000
77570  25.009  -6.259  -33.329 0.0000000000
78665  24.369  -5.587  -33.544 0.0000000000
85839  17.478  1.932  -33.001 0.0000000000
85851  18.216  1.487  -33.214 0.0000000000
85861  19.156  2.103  -34.248 0.0000000000
86812  18.359  2.857  -34.033 0.0000000000
92749  17.497  7.829  -35.272 0.0000000000
91690  17.791  7.142  -35.458 0.0000000000
92776  21.246  8.424  -37.727 0.0000000000
91718  20.575  7.866  -37.202 0.0000000000
92775  21.898  8.001  -38.100 0.0000000000
91731  22.373  7.670  -38.288 0.0000000000
92790  22.656  8.265  -38.494 0.0000000000
132348  23.269  9.189  -38.564 0.0000000000
93892  22.773  9.168  -38.732 0.0000000000
140109  24.204  11.599  -39.801 0.0000000000
95934  24.622  11.502  -39.482 0.0000000000
97812  25.752  13.140  -38.484 0.0000000000
97813  25.129  13.025  -39.334 0.0000000000
100556  17.848  16.895  -34.369 0.0000000000
148762  17.475  16.538  -33.866 0.0000000000
99660  17.199  15.858  -33.605 0.0000000000
142080  16.857  15.224  -33.396 0.0000000000
144839  17.876  15.337  -34.406 0.0000000000
99691  20.398  15.573  -36.982 0.0000000000
98747  19.402  14.966  -36.263 0.0000000000
143096  20.032  15.003  -36.655 0.0000000000
98755  20.319  14.757  -37.394 0.0000000000
98778  21.250  15.120  -38.775 0.0000000000
83866  24.893  0.244  -36.434 0.0000000000
83865  25.603  0.002  -36.398 0.0000000000
84940  25.635  0.566  -36.704 0.0000000000
84921  27.517  0.707  -36.305 0.0000000000
84920  28.168  0.514  -35.750 0.0000000000
84905  28.710  0.449  -34.886 0.0000000000
136779  14.893  6.700  -32.175 0.0000000000
90618  15.106  7.137  -32.537 0.0000000000
91660  15.961  7.403  -33.638 0.0000000000
91661  15.445  7.591  -32.951 0.0000000000
93834  15.932  9.206  -34.231 0.0000000000
93833  16.594  8.909  -34.647 0.0000000000
93853  17.081  9.482  -35.103 0.0000000000
93867  18.240  9.738  -36.083 0.0000000000
94891  17.639  10.038  -35.564 0.0000000000
75494  25.039  -8.067  -32.235 0.0000000000
75482  25.134  -8.713  -31.845 0.0000000000
76505  25.753  -7.844  -31.847 0.0000000000
76494  27.267  -7.958  -30.582 0.0000000000
151031  28.096  6.110  -37.060 0.0000000000
81830  19.494  -2.943  -31.594 0.0000000000
81843  19.780  -3.104  -32.137 0.0000000000
82827  20.374  -1.565  -33.741 0.0000000000
82841  21.049  -1.604  -34.125 0.0000000000
82840  21.903  -1.637  -34.454 0.0000000000
83829  21.565  -0.920  -34.468 0.0000000000
139018  19.682  -0.266  -33.821 0.0000000000
84908  19.808  0.326  -34.407 0.0000000000
84907  20.274  0.238  -34.758 0.0000000000
84925  21.650  0.459  -35.253 0.0000000000
83851  22.168  -0.339  -35.030 0.0000000000
84924  22.428  0.329  -35.589 0.0000000000
84941  23.131  0.730  -36.140 0.0000000000
86847  23.369  2.745  -37.086 0.0000000000
86833  23.495  1.665  -36.757 0.0000000000
85893  24.106  2.235  -37.289 0.0000000000
86846  24.799  2.786  -37.351 0.0000000000
88680  17.745  4.580  -34.437 0.0000000000
87737  18.644  3.596  -34.566 0.0000000000
87750  18.971  4.137  -34.985 0.0000000000
90662  19.078  6.432  -36.062 0.0000000000
89658  18.504  5.819  -35.492 0.0000000000
144692  19.778  6.222  -36.524 0.0000000000
88704  21.457  5.412  -37.275 0.0000000000
145692  20.570  5.189  -36.715 0.0000000000
88705  20.215  4.413  -36.146 0.0000000000
138196  20.983  4.510  -36.797 0.0000000000
157484  22.120  4.118  -37.135 0.0000000000
87776  21.833  4.705  -37.253 0.0000000000
89679  24.492  5.542  -37.742 0.0000000000
88715  24.229  5.083  -37.636 0.0000000000
88714  25.102  4.785  -37.660 0.0000000000
89677  26.460  5.292  -37.850 0.0000000000
92773  26.989  8.132  -37.577 0.0000000000
91713  26.905  7.274  -37.627 0.0000000000
92760  27.929  8.355  -36.967 0.0000000000
93864  27.921  9.256  -36.755 0.0000000000
136714  25.277  9.847  -38.538 0.0000000000
94914  26.728  10.673  -37.957 0.0000000000
98718  15.865  14.133  -33.239 0.0000000000
97744  15.507  13.330  -33.000 0.0000000000
143539  16.649  12.116  -34.475 0.0000000000
96808  15.528  12.307  -33.052 0.0000000000
142353  15.362  11.452  -32.852 0.0000000000
94855  15.669  10.783  -33.580 0.0000000000
95865  16.248  11.312  -34.157 0.0000000000
140220  19.386  11.939  -36.804 0.0000000000
95900  18.028  11.425  -35.811 0.0000000000
95914  20.307  11.611  -37.573 0.0000000000
95898  19.845  11.006  -36.833 0.0000000000
155723  20.871  11.613  -38.283 0.0000000000
101617  22.014  18.404  -43.053 0.0000000000
146829  22.645  17.547  -43.339 0.0000000000
99759  22.740  16.330  -42.461 0.0000000000
100633  23.070  16.591  -43.319 0.0000000000
102527  24.532  17.987  -42.025 0.0000000000
151543  24.281  17.758  -42.654 0.0000000000
100631  24.138  15.792  -43.771 0.0000000000
99758  23.936  15.692  -43.325 0.0000000000
98820  22.960  15.492  -41.160 0.0000000000
99744  23.943  16.268  -42.064 0.0000000000
99733  24.390  15.589  -41.110 0.0000000000
98818  24.144  15.137  -40.931 0.0000000000
96903  22.990  12.586  -40.156 0.0000000000
97840  24.230  13.978  -40.346 0.0000000000
133945  23.918  12.898  -40.169 0.0000000000
97839  24.708  14.002  -40.147 0.0000000000
145005  25.377  16.920  -38.866 0.0000000000
99713  25.366  15.454  -38.987 0.0000000000
100593  25.571  16.298  -38.554 0.0000000000
99712  25.835  15.555  -38.170 0.0000000000
101547  26.476  17.504  -37.444 0.0000000000
80705  21.371  -3.300  -33.501 0.0000000000
79686  21.590  -3.989  -33.222 0.0000000000
80704  22.069  -3.752  -33.832 0.0000000000
80735  24.057  -3.478  -34.510 0.0000000000
80719  24.787  -3.604  -34.632 0.0000000000
79682  25.825  -4.683  -34.215 0.0000000000
79697  26.133  -3.881  -34.609 0.0000000000
133986  26.471  -1.171  -36.321 0.0000000000
81869  25.994  -2.047  -35.612 0.0000000000
82848  26.618  -1.783  -35.950 0.0000000000
81853  28.014  -2.985  -34.229 0.0000000000
158863  27.110  -3.014  -35.076 0.0000000000
80702  27.653  -3.721  -33.814 0.0000000000
157124  20.564  -6.038  -31.379 0.0000000000
154240  21.078  -6.052  -31.834 0.0000000000
77560  22.439  -6.561  -32.374 0.0000000000
77561  21.808  -5.965  -32.327 0.0000000000
78667  22.823  -5.210  -33.230 0.0000000000
140287  19.059  8.818  -36.536 0.0000000000
92762  18.763  8.263  -36.390 0.0000000000
93878  21.121  9.369  -37.859 0.0000000000
93894  21.914  9.458  -38.770 0.0000000000
93903  22.997  9.915  -39.021 0.0000000000
93905  22.082  9.790  -39.110 0.0000000000
95936  23.305  10.857  -39.924 0.0000000000
95946  23.766  11.432  -40.030 0.0000000000
100567  18.834  16.774  -35.414 0.0000000000
99684  18.627  15.941  -35.190 0.0000000000
99699  21.939  15.634  -38.104 0.0000000000
85881  25.819  1.272  -37.082 0.0000000000
84939  26.287  0.752  -36.736 0.0000000000
85880  26.629  1.568  -36.942 0.0000000000
85869  27.422  1.521  -36.537 0.0000000000
86822  28.054  2.343  -36.260 0.0000000000
144691  15.031  9.236  -32.487 0.0000000000
93801  15.236  9.662  -32.929 0.0000000000
75476  20.615  -7.990  -30.314 0.0000000000
74482  20.843  -8.888  -30.133 0.0000000000
74481  21.539  -9.264  -30.519 0.0000000000
155746  24.988  -11.110  -30.252 0.0000000000
74478  25.568  -9.916  -30.699 0.0000000000
136694  26.005  -6.984  -32.274 0.0000000000
156954  26.455  -7.210  -31.627 0.0000000000
81844  19.221  -2.204  -31.830 0.0000000000
83808  20.040  -0.940  -33.770 0.0000000000
85860  19.518  1.123  -34.353 0.0000000000
85859  20.040  0.855  -34.881 0.0000000000
85871  21.339  1.238  -35.511 0.0000000000
85884  22.696  1.484  -36.242 0.0000000000
85885  21.960  1.805  -35.981 0.0000000000
87760  22.515  3.429  -36.907 0.0000000000
89645  18.163  5.131  -35.036 0.0000000000
90690  21.578  6.838  -37.434 0.0000000000
146630  20.785  6.460  -36.891 0.0000000000
89683  21.602  6.433  -37.397 0.0000000000
89682  21.922  6.159  -37.543 0.0000000000
89681  22.886  6.078  -37.825 0.0000000000
89692  23.988  6.110  -37.903 0.0000000000
89691  24.823  6.136  -37.908 0.0000000000
90686  25.913  6.217  -37.925 0.0000000000
90699  25.860  7.109  -38.155 0.0000000000
91726  25.865  7.743  -38.309 0.0000000000
92774  26.259  8.288  -38.190 0.0000000000
96858  26.620  12.070  -37.823 0.0000000000
96857  27.066  12.444  -37.274 0.0000000000
97787  27.579  12.885  -36.595 0.0000000000
97762  17.516  13.602  -34.795 0.0000000000
97779  17.971  13.360  -35.302 0.0000000000
96834  17.517  12.861  -35.245 0.0000000000
95863  17.244  12.151  -35.004 0.0000000000
96850  17.772  12.180  -35.552 0.0000000000
96860  19.769  12.574  -37.309 0.0000000000
96859  20.497  12.445  -38.035 0.0000000000
101588  24.613  17.201  -41.929 0.0000000000
100613  24.689  16.521  -41.534 0.0000000000
100612  24.900  15.826  -40.798 0.0000000000
99724  25.131  15.260  -39.928 0.0000000000
101575  25.172  17.145  -39.558 0.0000000000
101562  25.492  17.746  -38.720 0.0000000000
157275  22.530  -3.486  -34.255 0.0000000000
80720  22.783  -2.931  -34.567 0.0000000000
81870  23.631  -2.841  -34.791 0.0000000000
80734  24.668  -2.821  -34.950 0.0000000000
83827  27.994  -0.915  -35.419 0.0000000000
82837  27.790  -1.776  -35.292 0.0000000000
75486  21.722  -8.080  -31.227 0.0000000000
75484  23.157  -8.709  -31.744 0.0000000000
75483  23.954  -9.033  -31.911 0.0000000000
75496  23.750  -8.259  -32.144 0.0000000000
76518  23.606  -7.627  -32.352 0.0000000000
76517  24.427  -7.713  -32.464 0.0000000000
133968  23.906  -7.039  -32.635 0.0000000000
77558  24.752  -6.950  -32.875 0.0000000000
77557  25.526  -6.684  -32.895 0.0000000000
77569  25.820  -5.911  -33.345 0.0000000000
84892  18.744  0.619  -33.239 0.0000000000
85850  18.924  1.322  -33.749 0.0000000000
86824  19.661  2.576  -34.900 0.0000000000
90648  16.973  6.483  -34.529 0.0000000000
153962  17.350  5.937  -34.700 0.0000000000
90647  17.494  6.491  -35.050 0.0000000000
90675  19.290  6.997  -36.323 0.0000000000
91703  18.994  7.606  -36.386 0.0000000000
91702  19.867  7.362  -36.666 0.0000000000
91701  20.795  7.092  -36.958 0.0000000000
91716  22.099  7.216  -37.911 0.0000000000
91730  22.672  7.430  -38.376 0.0000000000
91729  23.106  7.603  -38.515 0.0000000000
134671  24.402  8.306  -38.438 0.0000000000
134181  23.896  9.159  -38.398 0.0000000000
93890  24.297  9.830  -38.678 0.0000000000
94927  24.849  10.464  -38.900 0.0000000000
94928  24.005  10.428  -39.166 0.0000000000
94937  24.512  10.908  -39.321 0.0000000000
95924  25.342  11.311  -38.910 0.0000000000
96872  25.971  12.160  -38.409 0.0000000000
140289  26.432  13.843  -37.694 0.0000000000
98732  17.132  14.231  -34.365 0.0000000000
98730  18.370  15.089  -34.833 0.0000000000
97761  18.380  14.085  -35.122 0.0000000000
98757  19.041  14.239  -36.427 0.0000000000
98779  21.137  14.400  -38.909 0.0000000000
83849  23.552  -0.877  -36.041 0.0000000000
82850  24.220  -1.423  -35.943 0.0000000000
143066  25.269  -0.355  -36.198 0.0000000000
83847  25.892  -0.639  -36.349 0.0000000000
83846  26.658  -0.534  -36.402 0.0000000000
84922  26.791  0.279  -36.433 0.0000000000
83844  28.242  -0.158  -35.408 0.0000000000
139230  16.363  6.308  -33.622 0.0000000000
90649  16.484  6.842  -34.054 0.0000000000
91676  16.804  7.330  -34.532 0.0000000000
92730  17.118  7.799  -34.802 0.0000000000
140651  15.602  8.113  -33.390 0.0000000000
92731  16.763  8.084  -34.570 0.0000000000
148707  17.723  8.447  -35.623 0.0000000000
92763  18.297  8.827  -36.145 0.0000000000
93866  19.039  9.509  -36.528 0.0000000000
94900  20.021  10.099  -37.084 0.0000000000
159224  24.553  -8.939  -31.945 0.0000000000
76504  26.509  -7.885  -31.129 0.0000000000
88703  27.585  4.706  -37.205 0.0000000000
135470  28.029  4.040  -36.801 0.0000000000
88702  28.306  4.863  -36.679 0.0000000000
153379  20.591  -4.244  -32.354 0.0000000000
80692  20.271  -3.602  -32.324 0.0000000000
80706  20.722  -3.249  -32.926 0.0000000000
81854  20.766  -2.684  -33.352 0.0000000000
81855  20.232  -2.180  -33.200 0.0000000000
81864  21.424  -2.414  -34.035 0.0000000000
82839  22.671  -1.641  -34.971 0.0000000000
83850  22.816  -1.012  -35.503 0.0000000000
83810  19.180  -0.168  -33.229 0.0000000000
83867  23.879  0.042  -36.184 0.0000000000
157412  24.319  1.544  -36.984 0.0000000000
85891  25.327  1.962  -37.216 0.0000000000
86845  25.601  2.768  -37.349 0.0000000000
87771  26.008  3.515  -37.596 0.0000000000
86802  17.352  2.647  -33.101 0.0000000000
89646  17.816  5.836  -35.053 0.0000000000
88694  18.880  4.818  -35.471 0.0000000000
89669  20.152  5.770  -36.612 0.0000000000
88693  19.503  4.273  -35.567 0.0000000000
87748  19.965  3.766  -35.691 0.0000000000
87761  21.512  3.717  -36.674 0.0000000000
87774  23.386  3.841  -37.267 0.0000000000
88717  22.975  5.432  -37.649 0.0000000000
145638  23.486  4.743  -37.515 0.0000000000
150583  23.986  4.082  -37.510 0.0000000000
87773  24.531  3.787  -37.516 0.0000000000
148892  25.437  4.104  -37.686 0.0000000000
87770  26.644  3.939  -37.594 0.0000000000
88712  26.895  4.606  -37.641 0.0000000000
89676  27.196  5.320  -37.544 0.0000000000
90673  27.926  6.706  -37.248 0.0000000000
90685  26.493  6.765  -37.828 0.0000000000
90684  27.198  6.670  -37.515 0.0000000000
91699  28.305  7.449  -36.881 0.0000000000
93889  25.796  9.101  -38.318 0.0000000000
139558  27.652  10.042  -36.917 0.0000000000
96807  15.940  12.824  -33.496 0.0000000000
143437  15.468  10.079  -33.410 0.0000000000
94892  17.105  10.518  -35.067 0.0000000000
95884  17.451  11.413  -35.301 0.0000000000
143386  17.669  10.796  -35.537 0.0000000000
94902  18.185  10.600  -35.979 0.0000000000
94916  20.547  10.777  -37.485 0.0000000000
95913  21.126  11.000  -37.997 0.0000000000
101577  21.697  17.476  -39.942 0.0000000000
138172  21.578  17.092  -40.812 0.0000000000
101589  21.752  17.620  -41.549 0.0000000000
100604  21.505  16.340  -40.099 0.0000000000
158638  21.447  15.481  -39.916 0.0000000000
99735  21.514  15.682  -40.459 0.0000000000
99747  21.671  15.267  -40.473 0.0000000000
101616  23.694  16.667  -43.622 0.0000000000
100632  23.623  15.913  -43.464 0.0000000000
99746  23.136  16.048  -42.196 0.0000000000
98809  21.460  14.713  -39.814 0.0000000000
97857  21.532  14.292  -39.843 0.0000000000
97856  21.885  14.380  -40.184 0.0000000000
97828  21.400  12.967  -39.376 0.0000000000
98819  23.644  15.459  -41.224 0.0000000000
97842  22.465  13.720  -40.242 0.0000000000
97827  21.970  12.779  -39.765 0.0000000000
143597  21.686  12.049  -39.473 0.0000000000
95938  22.028  11.282  -39.398 0.0000000000
96892  23.154  11.514  -40.102 0.0000000000
96891  24.167  12.173  -39.966 0.0000000000
98793  25.199  14.602  -39.346 0.0000000000
147614  25.369  13.890  -38.910 0.0000000000
98776  26.140  14.767  -37.884 0.0000000000
99698  26.402  15.626  -37.441 0.0000000000
102486  26.478  18.541  -37.675 0.0000000000
101546  27.205  17.370  -36.741 0.0000000000
100581  27.394  16.531  -36.443 0.0000000000
79685  22.243  -4.478  -33.333 0.0000000000
79684  23.161  -4.625  -33.699 0.0000000000
79700  23.615  -4.063  -34.106 0.0000000000
79683  24.033  -4.755  -33.876 0.0000000000
78674  24.979  -4.987  -34.156 0.0000000000
78664  25.652  -5.284  -33.830 0.0000000000
78663  26.350  -5.054  -33.597 0.0000000000
158415  25.094  -1.907  -35.553 0.0000000000
80733  25.677  -2.624  -35.176 0.0000000000
81863  27.530  -2.603  -35.036 0.0000000000
143448  26.161  -3.142  -34.940 0.0000000000
80703  26.895  -3.834  -34.322 0.0000000000
79680  26.991  -4.347  -33.635 0.0000000000
78662  27.053  -4.870  -32.928 0.0000000000
87747  28.406  3.366  -36.228 0.0000000000
73408  25.492  -10.540  -30.246 0.0000000000
73424  24.300  -10.208  -31.379 0.0000000000
74493  21.954  -8.787  -30.999 0.0000000000
75485  22.407  -8.400  -31.486 0.0000000000
78645  28.145  -5.109  -32.094 0.0000000000
79698  25.276  -4.157  -34.523 0.0000000000
80717  26.748  -3.303  -34.856 0.0000000000
82838  27.207  -2.041  -35.641 0.0000000000
82849  25.901  -1.413  -36.028 0.0000000000
86831  26.607  2.367  -37.141 0.0000000000
86844  26.230  2.770  -37.319 0.0000000000
88716  23.519  5.389  -37.662 0.0000000000
89608  14.539  6.657  -31.439 0.0000000000
90633  16.078  6.749  -33.546 0.0000000000
90687  23.002  6.488  -38.071 0.0000000000
90688  22.645  6.642  -37.958 0.0000000000
90700  24.964  6.864  -38.112 0.0000000000
92732  16.239  8.412  -34.257 0.0000000000
92750  17.205  8.516  -35.052 0.0000000000
92761  19.711  8.262  -36.694 0.0000000000
92788  23.582  8.339  -38.471 0.0000000000
92791  22.156  8.566  -38.498 0.0000000000
93814  15.546  9.401  -33.641 0.0000000000
93877  21.674  8.976  -38.252 0.0000000000
93904  22.494  9.841  -39.113 0.0000000000
94846  15.117  10.592  -32.709 0.0000000000
94873  16.091  10.535  -34.176 0.0000000000
94926  25.780  10.619  -38.444 0.0000000000
94939  22.783  10.432  -39.458 0.0000000000
95864  16.910  11.368  -34.774 0.0000000000
95925  21.915  10.867  -38.959 0.0000000000
95935  23.931  10.979  -39.704 0.0000000000
96818  16.968  12.882  -34.712 0.0000000000
96820  16.120  12.145  -33.819 0.0000000000
96833  18.109  12.850  -35.664 0.0000000000
96848  19.109  12.851  -36.584 0.0000000000
96874  21.465  11.829  -39.058 0.0000000000
96894  21.210  12.711  -38.969 0.0000000000
97751  16.196  13.519  -33.582 0.0000000000
97792  19.560  13.544  -37.084 0.0000000000
97826  24.601  13.124  -39.932 0.0000000000
97843  21.617  13.732  -39.773 0.0000000000
97844  21.345  14.033  -39.534 0.0000000000
97855  23.744  14.522  -40.712 0.0000000000
98698  16.290  14.933  -32.849 0.0000000000
98731  17.875  14.496  -34.524 0.0000000000
98756  19.692  14.405  -36.890 0.0000000000
98764  20.443  14.197  -37.954 0.0000000000
98794  21.373  15.065  -39.416 0.0000000000
98795  21.382  14.468  -39.497 0.0000000000
98805  24.939  14.541  -40.105 0.0000000000
98807  23.143  14.518  -40.780 0.0000000000
98808  21.477  15.084  -39.946 0.0000000000
98822  21.615  14.792  -40.138 0.0000000000
99670  17.628  16.015  -34.143 0.0000000000
99683  19.152  15.799  -35.761 0.0000000000
99697  26.955  15.652  -36.707 0.0000000000
99700  20.749  15.419  -37.879 0.0000000000
99732  24.820  15.129  -40.531 0.0000000000
99745  23.561  16.194  -42.070 0.0000000000
99757  24.141  15.798  -43.301 0.0000000000
100555  18.434  16.844  -34.851 0.0000000000
100566  19.443  16.605  -35.964 0.0000000000
100592  26.116  16.450  -37.780 0.0000000000
100594  22.470  16.043  -38.146 0.0000000000
101601  24.486  17.043  -42.969 0.0000000000
101602  22.327  17.130  -42.427 0.0000000000
101615  24.266  16.377  -43.674 0.0000000000
102502  25.478  18.529  -39.013 0.0000000000
102547  23.437  17.774  -43.584 0.0000000000
131887  14.550  7.328  -32.024 0.0000000000
132226  14.508  7.077  -31.814 0.0000000000
135189  15.715  8.674  -33.819 0.0000000000
138246  27.705  -4.809  -32.580 0.0000000000
140273  15.754  9.978  -34.010 0.0000000000
144665  15.439  6.617  -32.601 0.0000000000
144871  22.291  15.581  -41.184 0.0000000000
144874  18.567  14.087  -35.993 0.0000000000
145657  24.781  4.320  -37.586 0.0000000000
146620  27.513  6.014  -37.391 0.0000000000
146988  25.791  17.153  -38.180 0.0000000000
151362  16.021  8.045  -33.881 0.0000000000
155362  23.660  12.047  -40.132 0.0000000000
156401  18.659  5.361  -35.502 0.0000000000
157102  20.983  15.300  -38.387 0.0000000000
157876  21.498  16.310  -40.910 0.0000000000
157943  20.604  2.574  -35.612 0.0000000000
158474  21.674  10.700  -38.709 0.0000000000
