#!ascii label  , from subject sub125 vox2ras=TkReg
1141
138875  25.328  -63.465  -32.826 0.3000000119
24639  30.481  -55.321  -33.485 0.6000000238
29022  32.097  -51.016  -32.685 0.6999999881
30214  31.950  -50.647  -32.033 0.6999999881
16401  24.620  -63.194  -32.939 0.4000000060
21609  25.562  -58.463  -35.023 0.4000000060
16381  25.606  -63.050  -31.494 0.5000000000
16380  26.284  -63.333  -31.207 0.5000000000
24652  30.087  -56.073  -33.703 0.6999999881
25783  30.927  -54.435  -33.422 0.6999999881
25792  31.203  -55.013  -33.754 0.5000000000
26919  32.539  -52.706  -33.027 0.6000000238
27993  32.142  -51.820  -33.302 0.6000000238
27986  32.395  -51.636  -32.630 0.6999999881
141759  32.280  -50.085  -30.337 0.6999999881
18577  24.563  -62.205  -32.539 0.5000000000
20625  25.942  -59.768  -35.259 0.4000000060
17517  24.667  -62.798  -32.461 0.6000000238
22619  26.655  -57.149  -34.675 0.4000000060
22631  28.945  -58.089  -35.297 0.5000000000
18576  25.084  -61.732  -32.032 0.6000000238
22617  28.424  -57.341  -34.762 0.6000000238
138784  28.866  -56.802  -34.182 0.6000000238
18561  25.479  -61.910  -31.355 0.6000000238
23589  30.964  -56.496  -34.420 0.6000000238
154811  32.070  -53.971  -33.923 0.6000000238
26924  32.910  -53.661  -33.315 0.6000000238
27984  34.216  -53.040  -30.988 0.6999999881
27985  33.131  -52.914  -31.809 0.6999999881
27975  33.263  -52.026  -31.094 0.6999999881
29001  33.104  -51.094  -30.679 0.6999999881
30180  32.971  -49.935  -28.724 0.6999999881
29000  33.933  -51.442  -30.425 0.6999999881
30201  33.682  -50.855  -29.940 0.6999999881
30179  33.783  -50.338  -28.641 0.6999999881
30191  34.993  -50.229  -29.862 0.6999999881
18591  24.006  -61.896  -33.372 0.5000000000
19630  25.432  -60.481  -34.788 0.5000000000
20626  25.053  -59.591  -34.981 0.5000000000
22633  27.145  -58.082  -35.196 0.4000000060
18590  24.729  -61.489  -32.907 0.5000000000
22632  28.064  -58.058  -35.288 0.5000000000
22616  29.347  -57.323  -34.723 0.6000000238
18560  25.976  -61.464  -31.048 0.6000000238
19575  26.176  -60.753  -31.592 0.5000000000
19598  27.012  -60.298  -32.254 0.5000000000
24650  31.637  -55.761  -34.200 0.6999999881
25790  32.614  -54.420  -34.043 0.6000000238
25773  33.689  -54.358  -32.952 0.6000000238
25780  33.265  -54.442  -33.734 0.6000000238
26917  34.210  -54.232  -32.167 0.6000000238
26918  33.360  -53.643  -32.487 0.6000000238
27983  35.365  -53.197  -31.412 0.6000000238
27974  34.314  -52.102  -30.628 0.6999999881
32431  33.286  -48.427  -28.491 0.6999999881
27973  35.232  -52.195  -30.982 0.6000000238
31371  34.936  -50.109  -28.986 0.6999999881
32430  34.405  -48.606  -28.466 0.6999999881
28999  34.842  -51.442  -30.535 0.6999999881
21622  27.168  -59.083  -35.297 0.4000000060
19614  25.380  -60.891  -33.712 0.5000000000
145573  26.371  -60.413  -35.118 0.4000000060
147767  29.220  -59.663  -35.950 0.5000000000
22630  29.822  -58.105  -35.302 0.6000000238
139471  26.103  -60.593  -34.238 0.4000000060
22629  31.173  -57.660  -35.118 0.6000000238
158460  25.965  -60.677  -33.255 0.4000000060
19628  27.777  -60.270  -34.528 0.4000000060
19612  27.459  -60.213  -33.409 0.4000000060
19611  28.407  -60.099  -33.609 0.4000000060
22614  31.723  -56.895  -34.766 0.6999999881
155311  33.052  -55.669  -34.437 0.6000000238
25789  33.233  -55.023  -34.167 0.6000000238
25772  34.450  -54.783  -32.649 0.6000000238
25779  34.143  -55.000  -33.392 0.6000000238
26911  35.507  -53.944  -31.839 0.6000000238
33395  34.022  -46.915  -28.766 0.6999999881
31355  35.118  -49.192  -28.833 0.6999999881
31382  35.625  -49.772  -30.503 0.6000000238
31370  35.295  -49.419  -29.722 0.6000000238
20624  27.223  -60.278  -35.176 0.4000000060
20622  28.993  -60.050  -35.532 0.4000000060
136123  30.582  -58.153  -35.362 0.6999999881
19627  28.709  -60.122  -34.661 0.4000000060
22628  32.076  -57.948  -35.559 0.8000000119
134625  29.031  -60.024  -32.827 0.5000000000
23588  33.269  -56.355  -34.804 0.6999999881
24648  33.715  -55.686  -34.449 0.6000000238
25771  34.992  -55.215  -32.906 0.5000000000
24637  34.773  -55.487  -33.796 0.6000000238
34413  33.640  -46.447  -30.086 0.6999999881
27992  36.884  -52.733  -32.573 0.6000000238
33394  34.636  -47.470  -28.727 0.8000000119
34405  34.162  -46.451  -29.288 0.8000000119
27982  36.160  -52.335  -31.845 0.6000000238
152117  35.839  -50.926  -31.184 0.6000000238
20621  30.007  -60.086  -35.767 0.5000000000
145789  29.893  -59.564  -36.050 0.6000000238
19625  30.620  -60.363  -35.037 0.5000000000
19595  31.210  -60.064  -33.162 0.6999999881
138935  30.301  -60.261  -33.973 0.4000000060
23597  33.601  -57.158  -35.352 0.6999999881
23587  34.080  -56.448  -34.854 0.6999999881
24646  35.325  -55.982  -34.303 0.6000000238
23586  34.916  -56.493  -34.926 0.6000000238
24636  35.762  -55.497  -33.453 0.6000000238
35433  33.817  -45.573  -30.429 0.6000000238
26910  36.188  -53.396  -32.044 0.6000000238
33408  35.149  -47.388  -29.400 0.6999999881
34404  34.806  -46.634  -29.832 0.6999999881
30212  36.354  -50.724  -31.966 0.6999999881
30213  36.071  -50.205  -31.226 0.6999999881
33416  35.670  -47.845  -30.438 0.6999999881
20619  31.842  -60.111  -35.384 0.5000000000
20635  31.636  -59.554  -35.676 0.6000000238
21618  31.268  -58.755  -35.763 0.6000000238
19593  32.951  -60.218  -33.821 0.6999999881
19609  31.303  -60.389  -34.259 0.6000000238
21617  32.362  -58.883  -35.941 0.6999999881
20600  32.572  -59.679  -32.832 0.6999999881
19570  31.018  -59.957  -32.197 0.6999999881
22627  34.010  -57.935  -35.725 0.6999999881
23596  34.489  -57.133  -35.390 0.6999999881
23585  35.766  -56.578  -34.845 0.5000000000
23595  35.332  -57.125  -35.393 0.6000000238
36544  33.104  -44.070  -31.727 0.5000000000
24635  36.808  -55.416  -33.714 0.6000000238
24645  36.263  -56.027  -34.209 0.6000000238
36543  33.800  -44.322  -31.009 0.6000000238
37615  33.259  -42.940  -32.139 0.5000000000
26916  36.869  -53.616  -32.692 0.6000000238
154409  36.860  -54.290  -32.937 0.6000000238
135710  35.549  -46.819  -30.527 0.6000000238
36542  34.457  -44.209  -30.961 0.5000000000
37602  34.707  -43.550  -31.598 0.5000000000
27991  37.427  -52.222  -33.090 0.6999999881
29021  36.968  -51.845  -32.612 0.6999999881
31395  36.548  -49.680  -32.257 0.6999999881
32461  36.202  -48.301  -31.295 0.6999999881
156227  36.037  -46.593  -31.407 0.5000000000
30225  36.888  -50.283  -32.712 0.6999999881
33425  36.433  -47.789  -32.258 0.6000000238
20634  32.645  -59.773  -35.708 0.6000000238
19607  33.134  -60.349  -34.781 0.6999999881
19622  33.126  -60.175  -35.398 0.6000000238
21595  33.832  -59.132  -32.289 0.6999999881
133771  33.458  -58.958  -35.868 0.6999999881
22625  35.718  -57.800  -35.557 0.6999999881
21616  35.274  -58.360  -35.589 0.6999999881
23594  36.162  -57.226  -35.216 0.6000000238
154697  37.356  -56.681  -34.698 0.5000000000
38589  34.491  -41.944  -32.455 0.4000000060
26922  37.893  -53.152  -33.884 0.6000000238
25777  37.331  -54.622  -33.595 0.6000000238
34424  35.708  -45.913  -31.090 0.5000000000
36529  35.257  -44.312  -31.372 0.5000000000
151791  36.337  -46.872  -32.253 0.5000000000
35445  35.806  -45.117  -31.780 0.4000000060
29020  37.443  -51.390  -33.488 0.6000000238
31403  37.082  -49.617  -33.219 0.6999999881
32473  36.737  -48.220  -33.107 0.6000000238
33442  36.674  -47.213  -33.231 0.5000000000
20598  34.328  -59.465  -33.174 0.6000000238
20611  33.917  -60.004  -34.195 0.6999999881
20632  34.157  -59.423  -35.434 0.6999999881
21576  34.046  -58.508  -31.657 0.6999999881
21594  34.606  -58.860  -32.340 0.6999999881
20631  35.207  -59.128  -35.271 0.6000000238
21615  35.963  -58.564  -35.416 0.6000000238
133434  37.808  -56.939  -34.778 0.6000000238
22623  37.452  -57.691  -34.845 0.5000000000
144659  37.290  -55.990  -34.368 0.6000000238
26931  38.524  -53.571  -34.394 0.6000000238
25788  38.301  -54.565  -34.450 0.6000000238
36556  35.948  -44.355  -32.808 0.4000000060
37601  35.427  -43.602  -32.252 0.5000000000
38588  35.532  -41.938  -33.094 0.4000000060
27998  37.771  -52.285  -33.750 0.6000000238
37613  35.916  -43.505  -33.151 0.4000000060
30224  37.273  -50.428  -33.453 0.6000000238
32487  37.178  -47.824  -33.739 0.5000000000
20597  35.152  -59.124  -33.198 0.6999999881
20616  35.597  -59.658  -34.650 0.6000000238
21575  34.793  -58.176  -31.716 0.6999999881
20596  35.974  -58.922  -33.258 0.6000000238
20615  36.399  -59.415  -34.411 0.6000000238
22587  34.876  -57.550  -31.284 0.6999999881
21606  37.450  -58.474  -34.423 0.5000000000
23581  39.415  -56.240  -34.364 0.6000000238
22612  38.609  -57.404  -34.323 0.6000000238
24644  38.626  -55.700  -34.841 0.6000000238
25786  39.315  -54.788  -35.006 0.5000000000
27997  38.506  -52.557  -34.321 0.6000000238
30233  37.743  -50.646  -34.113 0.6000000238
31413  37.239  -48.768  -33.714 0.5000000000
22585  36.342  -57.270  -32.044 0.6999999881
22601  36.200  -58.022  -32.695 0.6999999881
21601  37.561  -58.322  -33.811 0.6000000238
148089  38.281  -57.403  -33.582 0.5000000000
24632  39.752  -55.198  -33.699 0.6000000238
23565  39.277  -56.195  -33.347 0.6000000238
25785  39.485  -54.267  -34.629 0.6000000238
28002  39.272  -52.525  -34.610 0.6000000238
31418  38.019  -49.325  -34.491 0.5000000000
19553  28.296  -60.774  -30.243 0.5000000000
19551  29.595  -60.136  -31.441 0.5000000000
19536  29.140  -60.250  -29.089 0.5000000000
155383  29.069  -60.386  -30.074 0.5000000000
20581  30.767  -59.772  -31.362 0.6999999881
20549  30.983  -59.032  -29.969 0.6999999881
20564  30.381  -59.597  -30.498 0.5000000000
20565  29.720  -59.868  -29.853 0.5000000000
20580  31.515  -59.592  -31.644 0.6999999881
20563  31.235  -59.332  -30.817 0.6999999881
148196  33.410  -58.784  -31.683 0.6999999881
16399  26.801  -63.753  -32.397 0.3000000119
29012  32.447  -51.111  -31.759 0.6999999881
26926  31.932  -53.279  -33.655 0.6000000238
30202  32.931  -50.474  -30.139 0.6999999881
33417  33.029  -47.117  -29.875 0.6999999881
135368  29.783  -60.057  -33.126 0.6000000238
154383  35.670  -55.019  -32.697 0.6000000238
32452  35.718  -48.827  -30.492 0.6999999881
35432  34.609  -45.350  -30.401 0.6000000238
35431  35.280  -45.167  -30.841 0.6000000238
31396  36.202  -49.258  -31.289 0.6999999881
37603  33.946  -43.639  -31.396 0.5000000000
38590  33.444  -41.973  -32.416 0.5000000000
34436  36.500  -46.252  -33.072 0.5000000000
22624  36.606  -57.984  -35.276 0.5000000000
21593  35.382  -58.474  -32.435 0.6999999881
22606  38.210  -57.920  -34.217 0.5000000000
26930  38.993  -53.229  -34.640 0.6000000238
29025  38.102  -51.560  -34.171 0.6000000238
21592  36.741  -58.697  -33.534 0.6000000238
24643  39.542  -55.573  -34.579 0.6000000238
138251  37.406  -57.513  -33.004 0.5000000000
21528  31.336  -58.386  -28.546 0.6000000238
22438  31.908  -57.046  -23.837 0.6000000238
23447  32.455  -56.028  -23.307 0.4000000060
22494  31.409  -57.615  -26.123 0.5000000000
21544  31.535  -58.522  -29.449 0.6000000238
23577  27.498  -56.663  -33.584 0.5000000000
23430  32.849  -55.857  -22.954 0.4000000060
141705  29.729  -56.678  -34.146 0.5000000000
24641  29.092  -56.062  -33.044 0.5000000000
132408  31.275  -57.855  -25.231 0.5000000000
26788  33.112  -53.853  -22.415 0.4000000060
23575  29.359  -56.326  -33.603 0.5000000000
25775  30.065  -54.585  -32.271 0.5000000000
22469  31.606  -57.004  -25.262 0.6000000238
25784  30.230  -54.897  -33.039 0.5000000000
22512  32.412  -57.413  -27.549 0.5000000000
21543  32.247  -58.143  -29.824 0.6000000238
28922  34.375  -51.962  -22.089 0.4000000060
28921  35.535  -51.961  -21.980 0.4000000060
24539  31.903  -55.883  -24.362 0.4000000060
25762  30.329  -53.885  -30.420 0.5000000000
23501  31.796  -56.937  -26.024 0.5000000000
154098  30.500  -53.796  -32.211 0.5000000000
26903  30.322  -53.021  -30.596 0.5000000000
22531  32.639  -57.571  -28.390 0.6000000238
22553  32.813  -57.683  -29.269 0.6000000238
21558  32.499  -58.414  -30.674 0.6000000238
28000  31.831  -52.358  -33.415 0.5000000000
27976  30.489  -52.070  -31.313 0.5000000000
27965  30.030  -52.322  -30.160 0.4000000060
22511  33.192  -57.164  -27.886 0.5000000000
23500  32.427  -56.599  -26.407 0.5000000000
22530  33.367  -57.266  -28.719 0.6000000238
22552  33.532  -57.325  -29.590 0.6000000238
21542  33.014  -57.823  -30.168 0.6000000238
22569  33.809  -57.488  -30.440 0.6000000238
21557  33.361  -58.174  -31.056 0.6000000238
26789  32.653  -53.671  -22.778 0.4000000060
143026  33.515  -52.465  -22.373 0.4000000060
30215  31.540  -50.627  -31.938 0.5000000000
29002  30.211  -51.408  -30.578 0.5000000000
30195  29.363  -50.956  -29.872 0.4000000060
29013  31.859  -50.990  -32.716 0.6000000238
28992  29.628  -51.620  -29.649 0.4000000060
24583  32.682  -55.904  -26.096 0.6000000238
23511  33.572  -56.550  -27.505 0.6000000238
23521  34.479  -56.367  -28.600 0.6000000238
23534  34.675  -56.472  -29.364 0.6000000238
28902  34.982  -51.198  -21.725 0.4000000060
30216  31.014  -50.362  -31.232 0.5000000000
30204  29.573  -50.219  -30.469 0.4000000060
31387  28.898  -49.966  -30.897 0.4000000060
25669  32.215  -54.401  -24.059 0.6000000238
136944  32.354  -53.843  -23.395 0.4000000060
25705  33.709  -54.666  -26.310 0.6000000238
24560  32.145  -55.595  -25.199 0.6000000238
23499  33.217  -56.257  -26.791 0.5000000000
24594  34.555  -55.547  -27.546 0.6000000238
24581  34.314  -55.117  -26.943 0.5000000000
23547  34.800  -56.546  -30.083 0.6000000238
30090  35.492  -50.534  -21.394 0.4000000060
27874  32.976  -53.038  -22.475 0.4000000060
31384  31.157  -49.073  -30.317 0.6000000238
32455  30.557  -48.602  -30.736 0.5000000000
31397  29.116  -48.983  -31.611 0.5000000000
30217  28.126  -50.142  -31.350 0.5000000000
153079  32.471  -52.774  -24.013 0.4000000060
26805  32.446  -53.131  -23.339 0.4000000060
27914  32.729  -52.891  -24.851 0.5000000000
26853  33.888  -53.834  -26.097 0.5000000000
25704  34.505  -54.247  -26.677 0.5000000000
24603  34.854  -55.779  -28.218 0.6000000238
23533  35.304  -56.122  -29.748 0.6000000238
22567  35.236  -57.082  -31.177 0.6000000238
30092  33.840  -50.229  -21.768 0.4000000060
28903  34.062  -51.024  -21.918 0.4000000060
31233  34.782  -49.178  -20.950 0.4000000060
31232  35.561  -49.241  -20.691 0.4000000060
32444  32.386  -48.462  -28.818 0.6000000238
158281  33.358  -50.064  -22.219 0.4000000060
28923  33.414  -51.610  -22.351 0.4000000060
32462  30.803  -47.778  -31.173 0.6000000238
33430  29.752  -47.888  -32.669 0.5000000000
32465  28.610  -48.765  -32.310 0.4000000060
28940  32.607  -51.539  -23.672 0.4000000060
26837  33.242  -53.420  -25.523 0.5000000000
25724  35.504  -54.492  -27.625 0.5000000000
25743  35.850  -54.781  -28.194 0.6000000238
24619  35.941  -55.847  -30.239 0.6000000238
23545  36.241  -56.208  -30.989 0.6000000238
32304  34.534  -48.528  -21.184 0.4000000060
135201  31.855  -47.918  -30.275 0.6000000238
33419  31.579  -47.507  -30.988 0.6000000238
155662  30.484  -47.571  -32.181 0.5000000000
34441  27.757  -46.817  -32.142 0.5000000000
31292  33.257  -49.475  -22.905 0.4000000060
27901  32.646  -52.110  -24.334 0.4000000060
27913  33.056  -52.052  -25.153 0.5000000000
26852  34.625  -53.409  -26.457 0.5000000000
24608  36.423  -55.127  -29.426 0.5000000000
32303  35.197  -48.511  -20.657 0.4000000060
33427  31.874  -46.969  -31.439 0.6000000238
34426  30.979  -46.774  -32.729 0.5000000000
35462  29.544  -45.577  -33.068 0.5000000000
27912  33.820  -52.209  -25.744 0.5000000000
156635  35.369  -53.761  -27.138 0.4000000060
25742  36.507  -54.408  -28.522 0.4000000060
24618  36.738  -55.581  -30.635 0.4000000060
24625  36.948  -56.095  -31.270 0.6000000238
23567  37.808  -56.806  -32.615 0.4000000060
34285  35.699  -46.769  -20.400 0.4000000060
32322  34.028  -48.636  -21.831 0.4000000060
151226  32.907  -46.692  -30.562 0.6000000238
32336  33.643  -48.830  -22.416 0.4000000060
35434  33.097  -46.017  -30.839 0.5000000000
34425  31.653  -46.340  -32.087 0.5000000000
35461  30.527  -45.443  -33.031 0.5000000000
36561  28.835  -44.648  -32.421 0.4000000060
35460  31.269  -45.321  -32.827 0.4000000060
28954  34.419  -51.604  -26.003 0.5000000000
28962  35.166  -51.795  -26.531 0.5000000000
27940  35.734  -52.851  -27.105 0.6000000238
25754  36.785  -54.633  -29.183 0.4000000060
24607  36.838  -54.841  -30.065 0.4000000060
137326  38.462  -55.450  -31.737 0.4000000060
26884  37.472  -53.333  -28.638 0.5000000000
137974  32.535  -44.889  -31.805 0.5000000000
35459  31.805  -45.379  -32.428 0.6000000238
36557  32.139  -44.380  -32.447 0.4000000060
25761  38.322  -54.320  -30.824 0.5000000000
24629  38.903  -55.848  -32.538 0.5000000000
28983  37.008  -52.046  -28.025 0.5000000000
27939  36.369  -52.456  -27.527 0.5000000000
26894  37.764  -53.604  -29.266 0.5000000000
25752  37.884  -53.830  -30.179 0.5000000000
33302  34.503  -47.524  -22.399 0.4000000060
28001  39.559  -52.520  -34.426 0.5000000000
24628  39.539  -55.530  -33.053 0.4000000060
24623  38.696  -54.761  -31.496 0.5000000000
27964  38.113  -52.946  -28.983 0.5000000000
27953  37.623  -52.540  -28.499 0.5000000000
37616  32.209  -43.245  -32.606 0.4000000060
26921  39.727  -53.454  -34.052 0.4000000060
26914  39.794  -53.642  -33.353 0.4000000060
25769  39.759  -54.348  -33.764 0.5000000000
24622  39.708  -54.728  -32.933 0.5000000000
25765  38.826  -54.136  -31.330 0.5000000000
25764  39.189  -54.390  -32.047 0.5000000000
26893  38.170  -53.148  -29.865 0.5000000000
27972  38.541  -52.697  -30.443 0.5000000000
26901  38.953  -52.962  -31.110 0.4000000060
27994  31.871  -51.526  -33.206 0.5000000000
30203  31.520  -50.142  -30.836 0.6000000238
25774  30.711  -54.028  -32.885 0.6000000238
31383  31.903  -49.459  -29.955 0.6000000238
23590  27.934  -56.861  -34.202 0.5000000000
35446  33.281  -45.047  -31.090 0.5000000000
151688  36.639  -56.612  -31.636 0.6000000238
23558  37.409  -56.403  -31.817 0.4000000060
142162  30.489  -53.186  -31.597 0.5000000000
26920  30.814  -53.060  -32.771 0.5000000000
27987  30.841  -52.150  -32.443 0.5000000000
29003  29.881  -50.899  -30.387 0.4000000060
148628  28.784  -50.641  -30.397 0.4000000060
25687  32.419  -54.698  -25.030 0.6000000238
156879  30.683  -49.088  -30.545 0.6000000238
31386  29.358  -49.454  -30.954 0.4000000060
28924  32.695  -51.807  -22.883 0.4000000060
32453  31.766  -48.631  -29.669 0.6000000238
32454  31.276  -48.235  -30.482 0.6000000238
32463  30.080  -48.146  -31.514 0.5000000000
31404  28.005  -49.093  -32.224 0.5000000000
30218  27.189  -50.421  -32.013 0.5000000000
33444  28.326  -47.634  -32.772 0.5000000000
33428  31.202  -47.149  -31.942 0.5000000000
139787  28.964  -47.452  -33.077 0.5000000000
33429  30.309  -47.300  -33.002 0.5000000000
25723  36.074  -54.092  -27.850 0.5000000000
34440  28.453  -46.739  -32.820 0.5000000000
28955  33.574  -51.360  -25.460 0.5000000000
35447  32.450  -45.713  -31.598 0.6000000238
24624  37.634  -55.703  -31.298 0.3000000119
138622  39.681  -53.115  -32.554 0.4000000060
14136  33.932  -65.249  -30.224 0.3000000119
13130  33.504  -65.737  -32.032 0.3000000119
14155  34.070  -65.330  -31.342 0.3000000119
13158  34.567  -65.721  -33.487 0.3000000119
14173  34.323  -65.520  -32.344 0.3000000119
14172  35.145  -65.329  -32.738 0.3000000119
14190  35.142  -65.569  -34.657 0.3000000119
14189  35.804  -65.223  -34.357 0.3000000119
15202  38.238  -64.491  -31.848 0.3000000119
14152  36.670  -65.096  -32.288 0.3000000119
14188  36.445  -64.960  -33.850 0.3000000119
14206  36.214  -64.841  -34.891 0.3000000119
15218  37.720  -64.646  -32.647 0.3000000119
135156  39.072  -63.563  -32.612 0.3000000119
15217  38.399  -64.153  -32.942 0.3000000119
140257  37.811  -64.437  -33.540 0.4000000060
15238  36.783  -64.651  -34.366 0.4000000060
15272  36.780  -63.913  -35.337 0.4000000060
15274  35.670  -65.106  -36.185 0.3000000119
17529  40.002  -62.173  -34.105 0.3000000119
16412  38.534  -63.225  -34.414 0.4000000060
16434  37.737  -63.065  -35.151 0.4000000060
15255  37.372  -63.701  -35.119 0.4000000060
17513  40.488  -62.138  -33.556 0.3000000119
17553  36.339  -63.186  -35.376 0.4000000060
19605  41.214  -60.756  -33.988 0.4000000060
17548  40.232  -61.640  -34.087 0.4000000060
16435  35.576  -63.284  -35.356 0.4000000060
16413  35.080  -62.985  -34.681 0.3000000119
18588  39.819  -61.662  -34.110 0.4000000060
16433  38.342  -62.772  -34.697 0.3000000119
155628  38.053  -62.807  -35.012 0.4000000060
18573  39.869  -60.851  -33.688 0.4000000060
134963  36.868  -62.677  -34.463 0.5000000000
17552  36.900  -62.937  -35.245 0.4000000060
17487  26.248  -62.629  -30.551 0.5000000000
19590  40.756  -60.569  -33.860 0.4000000060
17531  35.935  -62.770  -34.752 0.4000000060
139597  27.360  -63.830  -31.803 0.3000000119
16360  28.285  -63.743  -30.602 0.4000000060
158685  32.598  -63.544  -32.401 0.3000000119
23578  26.472  -56.488  -33.814 0.4000000060
23571  26.130  -56.534  -33.255 0.4000000060
19572  28.803  -60.260  -31.806 0.4000000060
19573  28.120  -60.674  -31.054 0.4000000060
19574  27.137  -60.661  -31.253 0.4000000060
145571  39.357  -61.710  -33.962 0.4000000060
18589  39.136  -62.095  -34.293 0.3000000119
137316  37.743  -62.486  -34.279 0.5000000000
19554  27.335  -61.150  -30.363 0.4000000060
18547  26.537  -61.909  -30.270 0.4000000060
19591  40.003  -60.611  -33.105 0.4000000060
16379  27.096  -63.625  -30.985 0.4000000060
17515  36.005  -62.692  -33.463 0.4000000060
16361  27.441  -63.537  -30.085 0.5000000000
17532  35.002  -62.795  -33.669 0.5000000000
134355  29.086  -63.673  -30.087 0.4000000060
158591  28.535  -63.830  -31.417 0.4000000060
16394  33.276  -63.378  -32.763 0.3000000119
16376  30.193  -63.775  -31.279 0.4000000060
23570  27.599  -56.643  -32.685 0.4000000060
134443  29.685  -60.034  -32.284 0.4000000060
18574  39.365  -61.242  -33.055 0.4000000060
18575  38.583  -61.770  -32.982 0.4000000060
18530  26.987  -61.651  -29.594 0.4000000060
17473  26.610  -62.728  -29.775 0.5000000000
155623  37.715  -62.171  -33.059 0.4000000060
16331  27.046  -63.268  -28.832 0.5000000000
19568  38.812  -60.597  -31.445 0.4000000060
18557  37.704  -61.673  -31.815 0.4000000060
17499  36.829  -62.135  -32.131 0.4000000060
150525  36.068  -62.495  -32.387 0.5000000000
17500  35.444  -62.433  -31.782 0.5000000000
18515  27.077  -62.387  -28.505 0.4000000060
157402  28.107  -63.657  -28.830 0.5000000000
148203  38.360  -60.446  -30.759 0.4000000060
16373  33.886  -62.975  -32.193 0.5000000000
16345  28.182  -63.696  -29.571 0.4000000060
16374  33.056  -63.249  -31.734 0.4000000060
133941  31.818  -63.539  -31.026 0.4000000060
134023  30.910  -63.726  -30.913 0.4000000060
16359  29.983  -63.644  -30.524 0.4000000060
19537  28.344  -60.820  -28.679 0.4000000060
19522  28.856  -60.362  -27.972 0.3000000119
18558  36.703  -61.649  -31.161 0.4000000060
18559  36.014  -62.091  -31.465 0.4000000060
17434  27.568  -62.892  -28.072 0.4000000060
30205  27.789  -50.890  -31.011 0.4000000060
137067  38.319  -60.159  -30.148 0.4000000060
18544  37.289  -61.170  -30.808 0.4000000060
17501  34.658  -62.627  -31.689 0.5000000000
17502  33.788  -62.822  -31.201 0.5000000000
16315  28.889  -63.178  -27.509 0.5000000000
16328  29.509  -63.589  -28.154 0.4000000060
18526  37.097  -60.955  -30.048 0.4000000060
158644  32.502  -63.339  -31.135 0.4000000060
134598  29.796  -63.635  -29.707 0.4000000060
16358  31.466  -63.493  -30.207 0.4000000060
158835  31.131  -63.551  -29.446 0.4000000060
20538  29.492  -59.741  -28.368 0.4000000060
18488  28.272  -61.739  -27.511 0.3000000119
18545  36.663  -61.316  -30.444 0.4000000060
17469  35.102  -62.037  -30.056 0.4000000060
137146  28.838  -62.310  -27.074 0.3000000119
18527  36.451  -61.299  -29.765 0.4000000060
18529  35.012  -62.151  -29.087 0.4000000060
17485  34.446  -62.413  -30.643 0.4000000060
17486  33.661  -62.666  -30.248 0.5000000000
19521  37.162  -60.759  -28.674 0.4000000060
18512  35.575  -61.717  -28.551 0.4000000060
17471  33.552  -62.667  -29.328 0.4000000060
16342  31.982  -63.236  -29.460 0.4000000060
16327  30.524  -63.449  -28.133 0.4000000060
21545  30.835  -58.904  -29.061 0.4000000060
17470  34.328  -62.375  -29.678 0.4000000060
13213  30.446  -66.801  -36.230 0.3000000119
15216  39.172  -63.785  -31.597 0.3000000119
16391  39.651  -62.779  -33.358 0.3000000119
18572  41.103  -61.496  -33.646 0.4000000060
19566  40.681  -59.862  -32.987 0.4000000060
19567  39.673  -60.262  -31.980 0.4000000060
20578  40.066  -59.560  -31.557 0.4000000060
20561  38.816  -59.653  -30.080 0.4000000060
19501  28.698  -60.981  -27.423 0.3000000119
19520  37.861  -60.220  -28.569 0.4000000060
20519  29.370  -59.816  -27.594 0.4000000060
18471  29.617  -60.988  -26.369 0.4000000060
148118  29.622  -62.626  -27.042 0.4000000060
19498  36.586  -60.843  -28.028 0.4000000060
18513  34.790  -62.013  -28.229 0.4000000060
17453  34.201  -62.406  -28.765 0.4000000060
150458  32.648  -62.711  -28.328 0.4000000060
16313  30.756  -63.100  -27.614 0.3000000119
16314  29.953  -63.192  -27.556 0.4000000060
18483  35.333  -61.482  -27.742 0.4000000060
16362  26.654  -63.191  -30.384 0.4000000060
21529  30.584  -58.791  -28.135 0.4000000060
13144  33.164  -66.570  -32.709 0.3000000119
14154  34.946  -65.226  -31.693 0.3000000119
12215  31.090  -68.118  -36.070 0.3000000119
13212  31.489  -67.310  -36.410 0.3000000119
14171  36.032  -65.136  -33.169 0.3000000119
155572  38.700  -64.078  -31.995 0.3000000119
15219  37.152  -64.777  -33.479 0.4000000060
14220  36.078  -64.925  -35.515 0.4000000060
15236  38.225  -63.878  -34.055 0.3000000119
16392  38.869  -63.407  -33.712 0.3000000119
15237  37.479  -64.240  -34.456 0.4000000060
17563  37.392  -63.093  -35.325 0.4000000060
141428  40.853  -62.134  -32.767 0.3000000119
20595  41.471  -60.056  -33.691 0.4000000060
17514  36.850  -62.460  -33.258 0.4000000060
153970  34.567  -62.844  -32.637 0.5000000000
16375  32.214  -63.512  -31.756 0.3000000119
17516  35.286  -62.678  -32.558 0.5000000000
19549  39.033  -59.945  -30.864 0.4000000060
16357  32.282  -63.232  -30.418 0.4000000060
17455  32.037  -63.080  -28.549 0.4000000060
20465  31.672  -59.162  -24.593 0.4000000060
139705  31.096  -58.677  -25.125 0.4000000060
21448  32.744  -58.130  -23.669 0.4000000060
22437  32.455  -57.307  -23.531 0.3000000119
22453  31.612  -57.453  -24.484 0.5000000000
21502  30.540  -58.689  -26.324 0.4000000060
21514  31.094  -58.268  -27.614 0.4000000060
25683  41.322  -53.879  -25.678 0.3000000119
150624  40.403  -55.212  -25.726 0.3000000119
139296  38.078  -53.722  -23.553 0.3000000119
25651  36.725  -54.552  -23.075 0.3000000119
26786  35.574  -53.513  -22.420 0.3000000119
26787  33.953  -54.043  -22.347 0.3000000119
25667  39.710  -54.575  -24.796 0.3000000119
26818  39.534  -53.808  -24.394 0.3000000119
26803  38.582  -53.009  -23.622 0.3000000119
26850  42.096  -53.216  -26.069 0.3000000119
26834  41.586  -52.810  -25.496 0.3000000119
26785  36.491  -53.617  -22.715 0.3000000119
28920  36.501  -51.791  -22.204 0.3000000119
26817  40.259  -52.910  -24.545 0.3000000119
28938  38.739  -51.594  -23.260 0.3000000119
27889  37.604  -52.312  -22.934 0.3000000119
28951  41.078  -51.066  -24.297 0.3000000119
27900  39.889  -52.010  -24.167 0.3000000119
30105  39.318  -50.318  -22.646 0.3000000119
28937  40.521  -50.812  -23.791 0.3000000119
30104  40.089  -50.180  -22.610 0.3000000119
143246  41.783  -51.856  -25.390 0.3000000119
30107  37.633  -50.768  -22.362 0.3000000119
159423  37.134  -50.479  -21.842 0.3000000119
31231  36.516  -49.305  -20.689 0.3000000119
28936  41.217  -50.792  -23.875 0.3000000119
30106  38.468  -50.497  -22.529 0.3000000119
32300  37.993  -48.471  -20.549 0.3000000119
30103  41.162  -50.362  -22.570 0.3000000119
31254  39.890  -49.372  -21.635 0.3000000119
31255  39.108  -49.396  -21.690 0.3000000119
32320  39.423  -48.875  -21.145 0.3000000119
32302  36.035  -48.558  -20.308 0.3000000119
32301  37.007  -48.592  -20.292 0.3000000119
144908  36.267  -47.038  -19.917 0.3000000119
34302  35.342  -46.489  -21.128 0.3000000119
35286  36.489  -45.748  -20.016 0.3000000119
35302  35.879  -45.928  -20.587 0.3000000119
35318  35.667  -45.803  -21.494 0.3000000119
23445  33.758  -56.849  -23.150 0.3000000119
22452  32.034  -57.849  -23.931 0.4000000060
136088  34.585  -53.442  -22.322 0.3000000119
148734  36.387  -50.543  -21.535 0.3000000119
20464  32.515  -59.495  -24.442 0.5000000000
26835  40.817  -53.403  -25.132 0.3000000119
28939  38.034  -51.767  -23.034 0.3000000119
26804  37.297  -53.713  -23.184 0.3000000119
24503  35.803  -55.004  -22.738 0.3000000119
24504  34.876  -55.290  -22.625 0.3000000119
26802  39.367  -52.968  -24.039 0.3000000119
27911  41.160  -52.363  -24.962 0.3000000119
30108  36.829  -51.040  -22.088 0.3000000119
147651  39.656  -51.281  -23.658 0.3000000119
31253  40.712  -49.517  -21.511 0.3000000119
31230  41.077  -48.926  -20.748 0.3000000119
134405  38.387  -49.503  -21.633 0.3000000119
30102  41.750  -50.671  -22.315 0.3000000119
32321  38.566  -48.952  -21.182 0.3000000119
17409  30.943  -62.192  -26.671 0.3000000119
17408  31.827  -62.056  -26.785 0.4000000060
150360  34.786  -60.773  -26.169 0.4000000060
19480  34.047  -60.884  -25.900 0.4000000060
18470  30.395  -61.539  -26.265 0.3000000119
19457  34.481  -60.342  -25.467 0.4000000060
19456  35.221  -60.274  -25.804 0.3000000119
18469  31.375  -61.611  -26.237 0.4000000060
19458  33.430  -60.748  -25.554 0.4000000060
20462  34.831  -59.249  -24.522 0.3000000119
18449  31.007  -61.088  -25.874 0.3000000119
18447  32.620  -60.978  -25.648 0.4000000060
20484  34.325  -59.747  -24.758 0.4000000060
20486  31.113  -59.520  -25.203 0.3000000119
19441  31.871  -59.966  -24.918 0.4000000060
21464  33.116  -58.945  -23.957 0.4000000060
19461  30.345  -60.649  -25.911 0.3000000119
20504  30.179  -59.288  -26.312 0.3000000119
21515  30.337  -58.806  -27.096 0.3000000119
19481  29.800  -60.085  -26.266 0.3000000119
19440  32.827  -60.303  -25.006 0.4000000060
18468  32.272  -61.533  -26.235 0.4000000060
146910  41.350  -61.587  -32.856 0.3000000119
17428  33.945  -62.243  -27.912 0.3000000119
19533  40.720  -60.485  -29.857 0.3000000119
19548  41.203  -60.873  -30.858 0.3000000119
18541  41.669  -61.064  -32.228 0.3000000119
19589  41.880  -60.392  -33.480 0.3000000119
18486  32.704  -61.920  -26.906 0.3000000119
18484  34.509  -61.694  -27.415 0.3000000119
19532  42.182  -59.506  -29.959 0.3000000119
157495  42.316  -60.367  -32.388 0.3000000119
19547  42.039  -60.107  -31.366 0.3000000119
19588  42.682  -59.835  -33.200 0.3000000119
144910  41.520  -59.374  -33.283 0.3000000119
18466  34.229  -61.299  -26.619 0.3000000119
20531  43.846  -59.054  -28.947 0.3000000119
20558  43.509  -59.068  -30.901 0.3000000119
20547  43.261  -59.200  -30.003 0.3000000119
19565  43.043  -59.635  -32.767 0.3000000119
19545  43.317  -59.213  -31.861 0.3000000119
21590  42.620  -58.792  -33.208 0.3000000119
20545  44.556  -58.412  -30.329 0.3000000119
20557  43.980  -58.666  -31.165 0.3000000119
20593  43.077  -59.175  -33.121 0.3000000119
20575  43.405  -58.945  -32.209 0.3000000119
21574  41.322  -58.479  -31.666 0.3000000119
20560  39.531  -59.227  -30.374 0.3000000119
19519  38.471  -59.877  -29.304 0.3000000119
20530  44.448  -58.611  -29.395 0.3000000119
159663  41.926  -58.309  -32.384 0.3000000119
22583  43.113  -58.147  -32.334 0.3000000119
21555  40.740  -58.335  -30.661 0.3000000119
18465  35.065  -61.111  -26.949 0.3000000119
21571  45.073  -57.583  -30.542 0.3000000119
21537  45.350  -57.590  -30.112 0.3000000119
22581  44.456  -57.574  -31.250 0.3000000119
22582  43.774  -57.938  -31.838 0.3000000119
21554  41.327  -57.945  -30.775 0.3000000119
21541  39.589  -58.950  -29.394 0.3000000119
19497  37.264  -60.353  -27.911 0.3000000119
19499  35.957  -60.862  -27.326 0.3000000119
19479  35.574  -60.533  -26.456 0.3000000119
17456  32.102  -62.724  -27.874 0.3000000119
23556  44.259  -57.266  -31.300 0.3000000119
22584  42.697  -57.759  -31.817 0.3000000119
21556  40.147  -58.558  -30.068 0.3000000119
20535  38.424  -59.630  -28.390 0.3000000119
135128  42.459  -60.357  -32.981 0.3000000119
138966  41.396  -60.062  -30.273 0.3000000119
14151  37.729  -64.840  -31.630 0.3000000119
14169  37.197  -64.934  -32.447 0.3000000119
14170  36.716  -64.987  -33.066 0.4000000060
14242  31.903  -66.995  -36.159 0.3000000119
15254  37.954  -63.438  -34.775 0.4000000060
15256  36.663  -64.361  -35.151 0.4000000060
15273  35.944  -64.524  -35.662 0.4000000060
16316  28.104  -63.230  -27.876 0.4000000060
16326  31.362  -63.164  -28.005 0.3000000119
16329  28.504  -63.544  -28.232 0.5000000000
16330  27.652  -63.371  -28.464 0.5000000000
16341  32.852  -62.851  -29.882 0.4000000060
16343  31.243  -63.456  -28.730 0.4000000060
16344  30.270  -63.640  -28.981 0.4000000060
16346  27.463  -63.544  -29.127 0.5000000000
16347  26.897  -63.262  -29.421 0.5000000000
16356  33.035  -63.036  -30.767 0.4000000060
16363  26.026  -63.027  -30.926 0.5000000000
16377  29.306  -63.779  -31.159 0.4000000060
16378  27.849  -63.795  -31.247 0.3000000119
16393  34.063  -63.078  -33.212 0.5000000000
16395  31.897  -63.815  -32.468 0.3000000119
16400  25.929  -63.435  -32.014 0.3000000119
16411  39.134  -62.705  -34.236 0.4000000060
16420  24.812  -63.617  -33.676 0.4000000060
16457  37.333  -63.382  -35.268 0.4000000060
16458  36.916  -63.379  -35.357 0.4000000060
16459  36.154  -63.984  -35.642 0.3000000119
16460  34.859  -63.841  -35.769 0.4000000060
17410  29.548  -61.855  -26.652 0.4000000060
17429  32.950  -62.337  -27.708 0.3000000119
17430  32.204  -62.343  -27.329 0.4000000060
17431  31.398  -62.660  -27.327 0.3000000119
17432  30.476  -62.698  -27.132 0.3000000119
17433  28.157  -62.705  -27.544 0.4000000060
17454  33.360  -62.568  -28.496 0.4000000060
17457  27.100  -63.022  -28.515 0.5000000000
17458  26.720  -62.896  -28.932 0.5000000000
17472  32.767  -62.902  -28.996 0.4000000060
17484  35.226  -62.133  -31.014 0.5000000000
17488  25.704  -62.553  -31.163 0.6000000238
17503  25.111  -62.521  -31.844 0.6000000238
17528  40.804  -61.974  -33.801 0.4000000060
17530  38.572  -62.171  -34.089 0.4000000060
17533  24.202  -62.684  -33.042 0.5000000000
17549  39.264  -62.174  -34.229 0.3000000119
17550  38.431  -62.611  -34.615 0.4000000060
17551  37.705  -62.854  -35.134 0.4000000060
18448  31.765  -61.107  -25.722 0.4000000060
18467  33.289  -61.344  -26.264 0.4000000060
18482  35.991  -61.276  -28.080 0.4000000060
18485  33.616  -61.831  -27.127 0.3000000119
18487  28.981  -61.391  -26.921 0.4000000060
18489  27.657  -62.262  -27.894 0.4000000060
18511  36.409  -61.314  -28.813 0.4000000060
18514  27.653  -61.527  -28.328 0.3000000119
18528  35.743  -61.697  -29.441 0.4000000060
18531  26.716  -62.248  -29.237 0.5000000000
18543  38.084  -60.998  -31.141 0.4000000060
18546  35.938  -61.667  -30.480 0.4000000060
18548  25.922  -62.061  -30.841 0.6000000238
18556  38.653  -61.245  -32.027 0.4000000060
18571  41.728  -61.000  -33.348 0.3000000119
18586  41.410  -60.978  -33.853 0.4000000060
18587  40.858  -61.215  -34.091 0.4000000060
18592  23.573  -62.047  -34.019 0.5000000000
18600  40.441  -61.281  -34.051 0.4000000060
19459  32.073  -60.599  -25.313 0.4000000060
19460  31.228  -60.418  -25.478 0.3000000119
19478  36.376  -60.217  -26.730 0.3000000119
19500  29.216  -60.420  -27.005 0.3000000119
19523  28.349  -61.066  -27.968 0.3000000119
19534  37.664  -60.525  -29.495 0.4000000060
19535  37.003  -61.047  -29.332 0.4000000060
19538  27.660  -61.139  -29.347 0.4000000060
19546  42.816  -59.374  -31.088 0.3000000119
19550  37.749  -60.656  -30.395 0.4000000060
19552  29.655  -60.098  -30.672 0.5000000000
19555  26.592  -61.127  -30.854 0.6000000238
19569  31.754  -59.740  -32.546 0.6999999881
19571  30.288  -59.964  -31.860 0.4000000060
19576  25.507  -60.994  -32.439 0.5000000000
19592  39.295  -60.802  -32.273 0.4000000060
19594  32.007  -60.098  -33.501 0.6999999881
19596  30.459  -60.055  -32.865 0.6000000238
19597  28.101  -60.164  -32.569 0.5000000000
19599  26.211  -60.520  -32.482 0.4000000060
19606  40.720  -60.981  -34.140 0.4000000060
19608  32.309  -60.399  -34.451 0.6000000238
19610  29.329  -60.077  -33.827 0.4000000060
19613  26.599  -60.400  -33.315 0.4000000060
19615  24.630  -61.051  -34.046 0.5000000000
19623  32.503  -60.326  -35.212 0.5000000000
19624  31.860  -60.391  -34.920 0.5000000000
19626  29.678  -60.198  -34.896 0.5000000000
19629  26.907  -60.430  -34.430 0.4000000060
20461  35.413  -59.045  -24.724 0.3000000119
20463  33.468  -59.678  -24.490 0.4000000060
20483  35.178  -59.682  -25.189 0.3000000119
20485  33.765  -60.270  -25.095 0.4000000060
20487  30.464  -59.816  -25.719 0.3000000119
20503  35.993  -59.871  -25.881 0.3000000119
20505  29.700  -59.554  -26.956 0.3000000119
20518  29.908  -59.304  -27.794 0.4000000060
20537  30.163  -59.297  -28.682 0.4000000060
20546  44.036  -58.863  -30.141 0.3000000119
20548  39.059  -59.393  -29.619 0.3000000119
20550  30.308  -59.372  -29.548 0.5000000000
20551  29.788  -59.712  -29.121 0.4000000060
20559  40.430  -58.860  -31.060 0.3000000119
20562  32.012  -59.064  -31.123 0.6999999881
20576  41.896  -58.683  -32.983 0.3000000119
20577  41.009  -59.126  -32.291 0.3000000119
20579  32.293  -59.391  -31.923 0.6999999881
20594  42.280  -59.470  -33.436 0.4000000060
20599  33.466  -59.694  -33.050 0.6999999881
20608  36.458  -59.288  -33.907 0.6000000238
20609  35.830  -59.541  -33.938 0.6000000238
20610  34.930  -59.679  -34.058 0.6999999881
20617  34.642  -59.797  -34.886 0.6999999881
20618  33.787  -60.085  -35.177 0.6000000238
20620  31.012  -60.038  -35.454 0.5000000000
20623  28.073  -60.117  -35.308 0.4000000060
20630  36.204  -59.250  -35.061 0.6000000238
20633  33.441  -59.772  -35.604 0.6000000238
20636  30.642  -59.586  -35.853 0.6000000238
20637  28.368  -59.674  -35.728 0.5000000000
20638  27.573  -59.779  -35.459 0.4000000060
20639  26.769  -59.877  -35.349 0.4000000060
21465  32.238  -58.688  -24.089 0.5000000000
21466  31.594  -58.309  -24.495 0.5000000000
21484  30.893  -58.300  -25.859 0.4000000060
21485  30.602  -58.996  -25.705 0.4000000060
21501  30.957  -58.225  -26.691 0.4000000060
21527  32.078  -58.021  -28.922 0.6000000238
21538  44.946  -58.168  -29.767 0.3000000119
21553  44.627  -58.114  -30.841 0.3000000119
21559  31.728  -58.711  -30.326 0.6000000238
21572  44.038  -58.247  -31.541 0.3000000119
21573  42.481  -58.296  -32.656 0.3000000119
21577  32.761  -58.818  -31.437 0.6999999881
21588  43.301  -58.589  -32.369 0.3000000119
21589  42.984  -58.586  -32.946 0.3000000119
21591  36.946  -58.024  -33.124 0.6000000238
21596  33.077  -59.300  -32.144 0.6999999881
21602  37.006  -59.049  -34.189 0.5000000000
21607  36.911  -59.044  -34.763 0.5000000000
21613  37.189  -58.394  -34.897 0.5000000000
21614  36.626  -58.719  -35.175 0.6000000238
21619  30.273  -58.949  -35.833 0.6000000238
21620  29.464  -58.965  -35.791 0.5000000000
21621  28.652  -58.947  -35.656 0.5000000000
21623  26.485  -58.859  -35.239 0.4000000060
22436  33.206  -57.506  -23.347 0.4000000060
22493  32.079  -57.190  -26.749 0.5000000000
22513  31.630  -57.756  -27.127 0.5000000000
22532  31.853  -57.862  -28.041 0.5000000000
22551  34.200  -56.893  -29.898 0.6000000238
22568  34.623  -57.081  -30.676 0.6000000238
22586  35.529  -57.637  -31.784 0.6999999881
22588  34.226  -57.791  -31.148 0.6999999881
22599  39.089  -56.916  -33.757 0.6000000238
22600  36.798  -57.578  -32.579 0.6999999881
22605  38.804  -57.419  -34.079 0.6000000238
22611  39.163  -56.924  -34.166 0.6000000238
22613  37.932  -57.940  -34.601 0.5000000000
22615  30.375  -57.227  -34.690 0.6000000238
22618  27.514  -57.281  -34.758 0.5000000000
22621  38.953  -56.707  -34.501 0.6000000238
22622  38.263  -57.199  -34.644 0.6000000238
22626  34.905  -57.783  -35.669 0.6999999881
23429  33.468  -56.053  -22.852 0.3000000119
23446  32.858  -56.623  -23.159 0.3000000119
23448  32.004  -56.290  -23.764 0.6000000238
23464  31.737  -56.650  -24.399 0.6000000238
23483  31.987  -56.367  -25.645 0.5000000000
23510  34.223  -56.174  -27.863 0.6000000238
23512  32.861  -56.887  -27.149 0.5000000000
23520  35.186  -56.030  -28.921 0.6000000238
23522  33.814  -56.741  -28.267 0.6000000238
23535  34.034  -56.879  -29.049 0.6000000238
23546  35.417  -56.502  -30.624 0.6000000238
23555  44.750  -56.800  -31.100 0.3000000119
23557  38.182  -56.155  -32.086 0.4000000060
23559  35.872  -56.840  -31.406 0.6000000238
23566  38.598  -56.537  -32.995 0.5000000000
23568  37.056  -57.007  -32.269 0.6000000238
23569  28.353  -56.461  -32.877 0.4000000060
23574  39.506  -56.380  -33.938 0.6000000238
23576  28.530  -56.599  -33.570 0.5000000000
23582  38.629  -56.311  -34.739 0.6000000238
23583  38.035  -56.221  -34.727 0.6000000238
23584  36.639  -56.649  -34.715 0.5000000000
23591  26.982  -56.700  -34.239 0.4000000060
23593  36.981  -57.254  -34.907 0.5000000000
23598  32.707  -57.110  -35.201 0.6999999881
24506  33.129  -55.299  -22.706 0.4000000060
24507  32.605  -55.269  -23.007 0.4000000060
24538  32.144  -55.185  -24.437 0.4000000060
24559  32.868  -55.076  -25.854 0.6000000238
24582  33.484  -55.499  -26.537 0.5000000000
24593  35.183  -55.148  -27.787 0.5000000000
24595  33.929  -55.883  -27.175 0.6000000238
24602  36.241  -55.080  -28.813 0.5000000000
24609  35.894  -55.616  -29.322 0.5000000000
24616  38.071  -55.014  -31.031 0.5000000000
24617  37.601  -54.524  -30.411 0.5000000000
24633  39.692  -55.707  -34.159 0.6000000238
24634  38.218  -55.498  -34.596 0.6000000238
24638  33.944  -55.207  -34.029 0.6000000238
24640  29.776  -55.666  -33.249 0.6000000238
24642  39.744  -54.904  -34.365 0.6000000238
24647  34.481  -55.838  -34.420 0.6000000238
24649  32.495  -55.264  -34.230 0.6000000238
24651  30.772  -55.832  -33.954 0.6999999881
24653  39.196  -55.507  -34.961 0.6000000238
25636  35.953  -54.221  -22.621 0.3000000119
25637  35.017  -54.330  -22.472 0.3000000119
25638  34.259  -54.742  -22.499 0.3000000119
25640  32.816  -54.525  -22.702 0.4000000060
25652  32.410  -54.526  -23.133 0.4000000060
25666  40.186  -53.872  -24.778 0.3000000119
25684  40.459  -54.442  -25.344 0.3000000119
25686  33.100  -54.239  -25.658 0.5000000000
25703  41.010  -54.799  -25.989 0.3000000119
25741  37.203  -54.039  -28.855 0.4000000060
25753  37.334  -54.217  -29.664 0.5000000000
25763  30.145  -54.617  -29.818 0.5000000000
25766  35.097  -54.616  -32.203 0.6000000238
25767  30.309  -54.160  -31.426 0.5000000000
25770  36.137  -54.344  -32.371 0.6000000238
25776  39.658  -54.101  -34.317 0.6000000238
25778  36.472  -54.934  -33.021 0.6000000238
25781  32.525  -53.760  -33.763 0.6000000238
25782  31.521  -54.057  -33.768 0.6000000238
25787  38.829  -55.012  -35.000 0.5000000000
25791  31.900  -54.701  -34.005 0.6000000238
26784  37.080  -52.948  -22.815 0.3000000119
26819  32.386  -53.467  -24.103 0.4000000060
26836  33.974  -53.030  -25.909 0.5000000000
26838  32.592  -53.837  -24.901 0.5000000000
26851  35.189  -53.016  -26.701 0.4000000060
26869  36.227  -53.305  -27.624 0.5000000000
26885  36.720  -53.675  -28.287 0.4000000060
26902  38.563  -53.524  -30.756 0.5000000000
26908  39.605  -53.965  -32.620 0.5000000000
26909  39.219  -53.568  -31.683 0.4000000060
26912  34.716  -53.837  -31.628 0.6000000238
26913  33.908  -53.616  -31.695 0.6000000238
26915  37.413  -52.966  -33.266 0.6999999881
26923  37.391  -53.773  -33.370 0.6000000238
26925  32.357  -53.179  -33.452 0.6000000238
26927  31.343  -53.306  -33.364 0.6000000238
26928  39.547  -53.390  -34.390 0.5000000000
26929  39.309  -53.350  -34.580 0.5000000000
27871  36.209  -52.708  -22.352 0.3000000119
27872  35.093  -52.734  -22.186 0.4000000060
27873  33.666  -53.267  -22.338 0.4000000060
27875  32.682  -52.701  -22.805 0.4000000060
27887  39.108  -52.206  -23.651 0.3000000119
27888  38.302  -52.309  -23.321 0.3000000119
27890  32.515  -52.339  -23.435 0.4000000060
27899  40.757  -51.779  -24.509 0.3000000119
27927  35.322  -52.449  -26.723 0.5000000000
27928  34.647  -52.505  -26.315 0.5000000000
27954  36.890  -52.886  -28.118 0.5000000000
27995  31.368  -52.206  -33.123 0.5000000000
27999  32.127  -52.581  -33.441 0.6000000238
28901  35.959  -51.211  -21.739 0.4000000060
28904  33.418  -50.759  -22.265 0.4000000060
28917  41.373  -50.674  -23.210 0.3000000119
28918  38.213  -51.162  -22.836 0.3000000119
28919  37.402  -51.573  -22.586 0.3000000119
28950  41.655  -51.394  -24.850 0.3000000119
28952  32.869  -51.200  -24.655 0.4000000060
28969  35.791  -52.042  -27.037 0.6000000238
28998  35.354  -50.690  -30.573 0.6000000238
29010  36.430  -51.465  -32.133 0.6999999881
29011  35.906  -51.514  -31.477 0.6000000238
29014  31.255  -50.835  -32.224 0.6000000238
29023  31.374  -51.390  -32.786 0.6000000238
29028  38.924  -51.726  -34.657 0.6000000238
30088  40.704  -50.074  -22.287 0.3000000119
30089  36.928  -49.955  -21.310 0.3000000119
30091  34.599  -50.424  -21.488 0.4000000060
30109  33.017  -50.456  -22.715 0.4000000060
30110  32.951  -51.218  -22.637 0.4000000060
30124  40.712  -50.467  -23.140 0.3000000119
30125  39.901  -50.588  -23.220 0.3000000119
30126  39.056  -50.887  -23.051 0.3000000119
30127  32.924  -50.268  -23.470 0.4000000060
30128  32.702  -51.004  -23.129 0.4000000060
30192  34.328  -50.672  -29.082 0.6999999881
30193  33.428  -50.581  -29.144 0.6999999881
30194  32.575  -50.014  -29.446 0.6999999881
30200  34.498  -50.798  -30.121 0.6999999881
31256  37.615  -49.272  -21.075 0.3000000119
31257  35.981  -49.947  -21.011 0.3000000119
31258  35.086  -49.864  -21.040 0.4000000060
31259  34.335  -49.710  -21.350 0.4000000060
31273  40.205  -49.795  -22.073 0.3000000119
31274  39.578  -49.822  -22.167 0.3000000119
31275  38.781  -49.895  -22.153 0.3000000119
31276  37.847  -50.033  -21.891 0.3000000119
31277  33.680  -49.405  -21.877 0.4000000060
31356  34.489  -49.928  -28.602 0.6999999881
31357  33.602  -49.457  -28.435 0.6999999881
31358  32.781  -49.139  -28.598 0.6999999881
31372  32.170  -49.303  -28.956 0.6999999881
31385  30.160  -49.379  -30.694 0.4000000060
31398  28.513  -49.414  -31.666 0.5000000000
31399  27.622  -49.676  -32.071 0.5000000000
31412  37.554  -49.658  -34.068 0.5000000000
32298  39.787  -48.301  -20.631 0.3000000119
32299  38.901  -48.333  -20.685 0.3000000119
32319  40.259  -48.917  -20.968 0.3000000119
32335  34.062  -48.167  -22.588 0.4000000060
32429  35.120  -48.161  -28.826 0.6999999881
32443  35.370  -48.434  -29.582 0.6999999881
32456  29.774  -48.816  -31.107 0.5000000000
32460  36.492  -48.715  -32.217 0.6000000238
32464  29.358  -48.449  -32.007 0.5000000000
32474  28.958  -48.139  -32.893 0.4000000060
32475  27.997  -48.451  -32.417 0.5000000000
33271  37.456  -47.850  -19.924 0.3000000119
33272  36.527  -47.840  -19.907 0.3000000119
33273  35.642  -47.682  -20.328 0.4000000060
33274  34.855  -47.811  -20.942 0.4000000060
33286  35.194  -47.155  -20.816 0.4000000060
33409  34.598  -46.792  -28.982 0.8000000119
33410  33.122  -47.479  -28.836 0.6999999881
33411  32.308  -47.837  -29.527 0.6000000238
33418  32.340  -47.276  -30.638 0.6000000238
33426  36.143  -47.366  -31.305 0.5000000000
33443  29.527  -47.606  -33.094 0.5000000000
34263  36.733  -46.404  -19.719 0.3000000119
34284  36.177  -46.370  -20.067 0.3000000119
34303  34.846  -47.132  -21.676 0.3000000119
34396  33.631  -46.754  -29.178 0.6999999881
34412  34.344  -46.095  -30.091 0.6000000238
34414  32.402  -46.536  -31.251 0.6000000238
34437  31.225  -46.035  -32.822 0.4000000060
34438  30.448  -46.400  -33.098 0.5000000000
34439  29.412  -46.736  -33.151 0.5000000000
35317  36.016  -45.354  -21.053 0.3000000119
35463  28.633  -45.721  -32.609 0.5000000000
36357  36.874  -45.009  -19.971 0.3000000119
36530  34.809  -44.705  -30.684 0.5000000000
36531  34.106  -44.786  -30.596 0.6000000238
37614  35.139  -42.767  -32.499 0.5000000000
38576  34.164  -42.764  -31.899 0.5000000000
38591  32.192  -41.964  -32.809 0.4000000060
132391  28.956  -60.459  -30.913 0.4000000060
132722  39.124  -55.139  -32.262 0.4000000060
133563  27.870  -60.411  -31.763 0.5000000000
134218  37.816  -53.003  -23.256 0.3000000119
134302  30.603  -63.616  -29.959 0.4000000060
135257  34.418  -47.946  -21.744 0.4000000060
135659  34.509  -58.596  -35.639 0.6999999881
136632  41.971  -58.031  -31.720 0.3000000119
136655  32.090  -51.266  -33.070 0.6999999881
136943  28.515  -60.687  -29.493 0.5000000000
137268  33.045  -58.002  -35.883 0.6999999881
137330  32.477  -56.180  -34.562 0.6999999881
137739  37.898  -53.934  -33.948 0.6000000238
138588  35.565  -55.445  -28.533 0.6000000238
138737  32.324  -50.593  -30.991 0.6999999881
138789  32.191  -55.377  -23.645 0.4000000060
139279  29.558  -55.379  -32.666 0.5000000000
139542  32.960  -52.216  -22.569 0.4000000060
140327  29.036  -63.684  -29.029 0.4000000060
140448  30.732  -50.999  -31.485 0.5000000000
140550  26.208  -63.625  -32.882 0.3000000119
142557  36.390  -45.203  -20.534 0.3000000119
142588  36.328  -55.373  -29.954 0.4000000060
142727  36.927  -51.012  -32.712 0.6999999881
144425  33.333  -52.718  -25.469 0.5000000000
144623  42.784  -59.864  -32.271 0.3000000119
144693  35.323  -65.410  -33.686 0.3000000119
144863  30.879  -51.345  -32.215 0.6000000238
145389  39.591  -55.020  -34.761 0.6000000238
145395  39.615  -55.820  -33.672 0.6000000238
146152  44.993  -58.186  -30.255 0.3000000119
146505  30.491  -50.678  -30.788 0.5000000000
146622  30.792  -49.619  -30.619 0.5000000000
146672  29.895  -54.796  -31.528 0.5000000000
146962  26.666  -63.635  -31.641 0.3000000119
147201  34.220  -49.084  -21.380 0.4000000060
147626  25.626  -56.362  -33.718 0.4000000060
147766  27.850  -58.941  -35.483 0.4000000060
148623  25.094  -63.139  -32.177 0.5000000000
148737  30.321  -50.108  -30.634 0.4000000060
149066  30.724  -63.905  -31.690 0.4000000060
149432  31.329  -60.381  -35.094 0.5000000000
150152  37.725  -48.910  -34.285 0.5000000000
150171  40.254  -62.601  -32.705 0.3000000119
150213  36.780  -48.995  -32.960 0.6999999881
150338  28.179  -63.923  -32.011 0.3000000119
150606  30.133  -59.920  -31.171 0.5000000000
150786  33.888  -47.684  -28.562 0.6999999881
151123  39.245  -56.076  -34.691 0.6000000238
151249  44.676  -57.745  -30.951 0.3000000119
151255  39.025  -54.106  -34.943 0.5000000000
151568  35.443  -51.376  -30.894 0.6999999881
152040  36.973  -52.274  -22.556 0.3000000119
152219  25.577  -61.310  -31.617 0.6000000238
152448  26.904  -56.646  -33.231 0.4000000060
152933  40.393  -51.296  -24.124 0.3000000119
153075  34.944  -54.648  -27.251 0.5000000000
153236  37.623  -55.255  -34.082 0.6000000238
153541  30.381  -56.454  -34.155 0.6000000238
154356  36.682  -60.424  -27.413 0.3000000119
154358  35.114  -45.973  -30.415 0.6000000238
154530  32.946  -51.712  -22.594 0.4000000060
155051  37.387  -55.142  -30.672 0.3000000119
155171  38.794  -53.757  -23.952 0.3000000119
155304  32.290  -56.664  -23.492 0.3000000119
156032  31.036  -57.039  -34.727 0.6000000238
156260  34.229  -52.769  -22.264 0.4000000060
156547  30.816  -60.225  -33.579 0.6999999881
156553  34.755  -55.122  -27.375 0.6000000238
156790  33.946  -60.580  -25.492 0.4000000060
157245  27.021  -61.739  -28.908 0.4000000060
157371  30.763  -47.169  -32.592 0.5000000000
157506  27.663  -63.695  -30.719 0.4000000060
158465  30.173  -62.218  -26.688 0.4000000060
159025  39.770  -54.213  -33.194 0.5000000000
159429  31.780  -56.275  -24.949 0.6000000238
