#!ascii label  , from subject sub125 vox2ras=TkReg
879
26891  23.371  -54.252  -28.877 0.6000000238
28966  14.768  -51.087  -27.317 0.6999999881
28989  16.808  -50.883  -28.592 0.6999999881
28957  19.722  -51.413  -26.993 0.8999999762
138947  21.576  -51.776  -26.112 0.8000000119
26858  22.309  -52.809  -26.327 0.8000000119
27959  23.098  -53.992  -29.264 0.6000000238
26907  23.225  -54.016  -30.350 0.6999999881
27979  23.780  -53.388  -31.277 0.6999999881
28965  15.371  -50.853  -26.468 0.6999999881
27918  15.358  -51.747  -25.798 0.6999999881
30176  16.018  -50.114  -28.035 0.6999999881
30188  17.457  -50.271  -28.582 0.6000000238
28988  17.681  -51.337  -29.897 0.6999999881
27960  17.955  -52.056  -30.398 0.6999999881
28977  18.589  -51.879  -29.836 0.8000000119
28975  19.783  -50.790  -28.122 0.8000000119
28964  20.254  -50.853  -27.467 0.8000000119
27930  22.257  -52.102  -26.687 0.8000000119
27942  23.260  -53.771  -28.233 0.6000000238
28995  23.586  -52.292  -29.866 0.6000000238
29007  23.783  -52.289  -30.961 0.6999999881
29017  24.892  -52.211  -32.292 0.6999999881
134085  16.305  -51.290  -25.414 0.5000000000
27902  16.158  -52.412  -24.977 0.6000000238
132384  16.608  -50.044  -26.739 0.4000000060
30163  16.483  -49.934  -27.638 0.6000000238
31351  17.689  -49.316  -28.084 0.5000000000
31366  18.778  -49.957  -28.747 0.6000000238
30186  18.702  -51.004  -29.187 0.8000000119
30174  20.619  -50.398  -28.176 0.6999999881
30173  21.505  -50.708  -27.953 0.6999999881
28973  22.756  -52.223  -27.506 0.6999999881
30183  24.092  -51.481  -29.084 0.5000000000
30198  23.946  -51.342  -30.449 0.6000000238
30206  24.276  -50.287  -31.038 0.6000000238
137075  24.297  -51.490  -32.141 0.6000000238
29016  25.899  -51.889  -32.339 0.5000000000
30131  17.761  -50.955  -23.880 0.5000000000
28944  16.888  -51.928  -24.313 0.6000000238
26807  16.056  -53.345  -23.386 0.6000000238
28953  17.221  -51.102  -24.529 0.5000000000
31350  18.521  -49.037  -28.239 0.5000000000
32436  20.469  -49.129  -28.472 0.6000000238
31362  22.114  -49.408  -28.366 0.6000000238
134098  23.329  -51.777  -27.609 0.6000000238
28971  23.787  -51.967  -27.880 0.5000000000
30197  24.547  -50.664  -29.651 0.6000000238
31374  25.184  -49.822  -30.032 0.6000000238
135484  24.725  -49.826  -31.709 0.5000000000
30228  25.588  -49.261  -32.304 0.5000000000
30226  26.667  -49.778  -32.363 0.5000000000
30219  26.132  -50.669  -32.413 0.5000000000
27891  17.113  -52.167  -23.325 0.5000000000
27880  16.845  -53.014  -23.030 0.5000000000
30154  17.524  -49.930  -25.978 0.5000000000
156193  18.380  -48.967  -27.096 0.4000000060
32394  19.899  -48.465  -26.608 0.3000000119
31341  19.066  -48.516  -27.344 0.4000000060
32423  21.460  -47.923  -28.056 0.3000000119
33386  21.567  -47.457  -27.412 0.3000000119
32435  21.111  -48.532  -28.482 0.5000000000
32434  21.679  -48.419  -28.480 0.5000000000
139386  23.149  -50.491  -27.691 0.5000000000
154658  24.455  -51.201  -27.537 0.5000000000
30182  24.860  -50.931  -28.400 0.5000000000
31361  25.244  -50.307  -28.959 0.6000000238
31388  25.060  -49.219  -31.135 0.5000000000
32458  25.300  -48.395  -31.515 0.5000000000
31406  26.131  -48.971  -32.425 0.5000000000
27879  17.648  -52.630  -22.712 0.5000000000
136681  18.049  -51.271  -23.290 0.5000000000
30145  18.799  -50.208  -24.593 0.5000000000
31316  19.023  -49.668  -25.442 0.4000000060
31327  19.084  -49.052  -26.396 0.5000000000
154820  20.577  -48.407  -25.836 0.4000000060
33373  21.672  -47.427  -26.673 0.3000000119
33385  22.133  -47.505  -27.692 0.3000000119
31347  23.847  -49.895  -26.989 0.4000000060
30170  25.161  -50.890  -27.463 0.5000000000
31373  25.738  -49.027  -30.187 0.5000000000
33413  26.425  -47.733  -30.065 0.5000000000
32457  25.422  -48.412  -30.903 0.5000000000
33445  27.387  -47.610  -32.129 0.5000000000
33431  27.075  -46.959  -31.562 0.4000000060
33432  26.400  -47.637  -31.690 0.5000000000
27878  18.515  -52.851  -22.385 0.5000000000
28942  18.884  -51.182  -23.053 0.5000000000
135359  19.332  -50.293  -23.858 0.5000000000
30144  19.682  -49.755  -24.512 0.4000000060
157341  20.478  -48.796  -25.222 0.4000000060
32393  21.358  -47.841  -25.883 0.3000000119
32408  22.864  -47.511  -27.214 0.3000000119
31339  24.536  -49.791  -26.250 0.4000000060
30153  26.048  -50.496  -26.086 0.4000000060
146244  26.164  -50.576  -26.524 0.4000000060
30162  24.734  -50.672  -26.850 0.4000000060
133863  26.127  -50.622  -27.016 0.4000000060
31345  27.387  -49.633  -27.545 0.5000000000
31346  26.615  -49.865  -28.163 0.5000000000
156928  26.428  -49.215  -28.725 0.6000000238
33412  27.000  -47.173  -29.692 0.4000000060
33420  26.552  -47.188  -30.739 0.5000000000
28926  19.578  -51.880  -22.626 0.4000000060
31298  20.457  -49.668  -23.849 0.4000000060
30129  20.004  -50.377  -23.355 0.4000000060
136054  21.560  -48.201  -24.320 0.4000000060
32380  21.771  -47.899  -25.007 0.4000000060
33371  22.800  -47.501  -26.310 0.4000000060
32406  24.180  -48.876  -25.926 0.4000000060
31326  24.917  -49.585  -25.568 0.4000000060
30152  26.604  -50.375  -25.468 0.4000000060
30168  27.388  -50.231  -26.842 0.5000000000
158022  27.911  -49.271  -27.380 0.5000000000
32419  27.698  -48.684  -27.783 0.6000000238
135235  27.205  -47.196  -28.913 0.5000000000
156715  28.224  -46.534  -28.600 0.4000000060
34407  27.610  -46.602  -29.230 0.4000000060
28925  20.590  -51.729  -22.406 0.4000000060
31297  21.401  -49.425  -23.371 0.4000000060
30113  20.708  -50.829  -22.757 0.4000000060
32359  21.828  -48.385  -23.694 0.4000000060
33356  23.286  -47.894  -25.497 0.4000000060
31325  25.733  -50.042  -25.428 0.4000000060
30151  27.404  -50.352  -25.539 0.4000000060
30159  27.705  -50.244  -26.167 0.4000000060
31337  28.055  -49.737  -26.819 0.5000000000
32418  29.083  -48.477  -27.002 0.4000000060
34387  28.642  -47.011  -27.989 0.6000000238
139103  21.591  -50.374  -22.616 0.4000000060
31280  22.113  -49.531  -22.833 0.4000000060
156994  21.939  -49.010  -23.281 0.4000000060
33341  22.543  -47.673  -24.244 0.4000000060
132331  23.198  -47.845  -24.302 0.4000000060
32377  25.569  -49.045  -24.032 0.4000000060
31296  26.447  -49.265  -23.893 0.5000000000
31324  26.258  -49.743  -24.646 0.4000000060
31312  28.443  -49.690  -24.428 0.3000000119
31311  29.195  -49.403  -24.699 0.3000000119
30150  28.013  -50.171  -25.524 0.4000000060
33370  29.835  -48.097  -26.606 0.4000000060
33382  30.127  -47.354  -26.966 0.4000000060
33383  29.287  -47.629  -27.367 0.5000000000
28906  21.202  -52.244  -21.670 0.4000000060
33324  23.040  -47.794  -23.620 0.4000000060
32357  24.083  -48.174  -23.816 0.4000000060
135901  25.922  -48.513  -23.517 0.3000000119
148240  26.773  -48.878  -23.617 0.3000000119
31294  28.100  -49.337  -23.834 0.3000000119
31293  28.968  -49.202  -23.943 0.3000000119
32391  29.886  -48.841  -25.216 0.3000000119
33369  30.518  -47.708  -26.056 0.4000000060
33368  30.788  -47.045  -26.552 0.4000000060
31279  22.806  -49.322  -22.428 0.3000000119
32338  23.102  -48.393  -22.709 0.3000000119
33304  23.578  -47.886  -22.844 0.3000000119
33323  24.583  -47.706  -23.133 0.3000000119
32356  24.938  -48.304  -23.619 0.3000000119
137516  26.781  -48.253  -23.456 0.3000000119
32355  27.520  -48.787  -23.574 0.4000000060
34337  28.989  -46.891  -23.590 0.4000000060
32353  29.298  -48.380  -23.676 0.3000000119
33317  30.171  -47.350  -23.785 0.3000000119
32375  30.351  -48.208  -24.702 0.3000000119
33338  31.152  -46.845  -24.938 0.4000000060
34368  31.515  -46.237  -25.574 0.4000000060
35383  31.803  -45.410  -25.297 0.4000000060
33320  27.718  -48.045  -23.423 0.4000000060
35352  28.985  -46.052  -23.852 0.4000000060
35351  29.670  -46.350  -23.714 0.4000000060
35369  29.936  -45.632  -23.904 0.3000000119
34354  30.774  -46.521  -24.263 0.4000000060
37510  30.651  -43.641  -24.522 0.4000000060
146331  31.101  -44.218  -24.406 0.4000000060
35367  31.284  -45.943  -24.707 0.4000000060
132656  31.380  -44.938  -24.573 0.4000000060
133300  29.062  -45.423  -24.141 0.4000000060
36458  29.661  -44.759  -24.312 0.5000000000
135062  30.445  -44.279  -24.345 0.4000000060
35382  32.193  -44.532  -25.246 0.3000000119
38489  30.885  -42.940  -24.771 0.3000000119
26875  23.240  -53.705  -27.432 0.6999999881
28976  19.250  -51.482  -28.442 0.8000000119
27941  23.227  -53.152  -28.423 0.6000000238
27944  22.451  -51.954  -27.160 0.6999999881
28972  23.202  -52.848  -27.831 0.6999999881
147663  25.109  -51.197  -32.276 0.6000000238
31329  17.472  -49.489  -27.264 0.4000000060
32411  19.207  -48.539  -27.888 0.4000000060
31364  20.503  -49.860  -28.466 0.6999999881
30184  21.343  -50.071  -28.362 0.6999999881
28985  23.661  -52.288  -28.608 0.6999999881
30146  17.862  -50.510  -24.773 0.5000000000
30171  24.010  -51.081  -27.452 0.5000000000
32422  22.023  -47.886  -28.150 0.4000000060
30181  25.914  -50.607  -27.997 0.6000000238
32432  26.301  -48.562  -29.382 0.5000000000
31359  26.936  -48.778  -28.427 0.6000000238
32392  24.494  -48.809  -25.172 0.3000000119
32404  29.528  -48.791  -26.129 0.4000000060
30112  21.983  -50.875  -21.773 0.4000000060
32376  29.706  -48.746  -24.339 0.3000000119
34335  30.393  -46.878  -23.889 0.3000000119
36457  30.619  -44.920  -24.222 0.3000000119
37509  31.378  -43.492  -24.641 0.3000000119
22456  20.954  -57.778  -23.849 0.6000000238
21469  21.263  -58.610  -23.921 0.6000000238
18450  22.588  -61.272  -25.321 0.6000000238
19463  23.431  -60.847  -25.424 0.6000000238
22498  20.265  -58.098  -26.046 0.5000000000
22457  20.511  -57.481  -24.661 0.6000000238
24524  20.522  -54.999  -23.710 0.6999999881
23453  20.685  -55.919  -23.645 0.6999999881
21470  20.707  -58.214  -24.690 0.6000000238
23451  22.271  -57.166  -22.992 0.6000000238
22442  22.532  -58.186  -23.230 0.6000000238
22441  23.401  -58.389  -23.340 0.6000000238
20444  23.552  -59.168  -23.691 0.6000000238
20489  23.813  -60.213  -24.837 0.6000000238
20488  24.473  -59.716  -25.304 0.6000000238
20520  24.576  -59.340  -26.964 0.6999999881
149009  19.952  -56.933  -25.007 0.6000000238
140983  19.122  -54.109  -25.321 0.6999999881
22473  20.250  -57.504  -25.269 0.5000000000
24564  19.475  -55.080  -24.811 0.6999999881
23467  20.294  -56.650  -24.521 0.6999999881
24523  21.184  -55.071  -23.178 0.6999999881
23452  21.484  -56.211  -22.954 0.6999999881
151899  23.125  -57.639  -23.146 0.5000000000
20466  24.259  -59.366  -24.306 0.6000000238
150274  25.334  -58.655  -24.812 0.6000000238
21504  25.027  -59.223  -25.980 0.6999999881
22472  26.238  -58.046  -25.436 0.6999999881
140598  25.088  -58.874  -26.973 0.6999999881
22497  25.737  -58.282  -27.079 0.6999999881
23592  26.133  -56.549  -34.173 0.4000000060
133229  26.917  -57.114  -31.492 0.5000000000
23537  26.945  -57.250  -30.451 0.6000000238
22556  25.931  -57.808  -29.338 0.6000000238
135728  26.134  -57.887  -27.732 0.6999999881
24567  16.493  -56.250  -25.085 0.5000000000
24566  17.475  -56.014  -25.412 0.5000000000
25713  17.401  -54.652  -26.923 0.6000000238
143086  18.162  -56.386  -25.168 0.5000000000
25712  18.095  -54.399  -26.791 0.6999999881
25693  17.987  -55.317  -25.883 0.5000000000
23486  19.362  -56.148  -24.952 0.6000000238
26841  19.273  -52.866  -25.841 0.6999999881
25674  19.792  -54.162  -24.605 0.6999999881
25672  20.933  -53.660  -23.999 0.6999999881
151101  22.497  -56.116  -22.901 0.6999999881
22440  24.779  -57.732  -23.654 0.6000000238
132600  25.495  -57.727  -24.182 0.6000000238
22471  26.692  -57.206  -25.212 0.6999999881
22496  26.339  -58.087  -26.249 0.6999999881
22514  27.331  -57.307  -26.913 0.6999999881
22554  27.539  -57.143  -28.694 0.6000000238
22533  27.491  -57.239  -27.762 0.6000000238
25734  13.487  -54.026  -27.161 0.5000000000
24568  15.261  -55.912  -25.029 0.4000000060
25714  15.691  -54.657  -26.948 0.5000000000
25715  14.496  -54.700  -26.672 0.5000000000
24586  16.726  -55.286  -26.284 0.5000000000
25732  15.874  -53.994  -27.816 0.6000000238
140530  16.563  -54.502  -27.253 0.6000000238
26876  17.941  -53.065  -28.640 0.6999999881
26861  17.699  -53.832  -27.743 0.6000000238
26860  18.276  -53.529  -27.579 0.6999999881
26823  19.792  -53.209  -25.039 0.6999999881
24522  22.174  -55.120  -23.079 0.6999999881
24520  24.058  -55.973  -23.470 0.6999999881
23449  24.440  -56.857  -23.409 0.6999999881
22439  25.246  -56.960  -23.775 0.6999999881
22454  26.256  -56.743  -24.609 0.6999999881
23484  26.810  -56.247  -25.040 0.8000000119
23503  27.623  -56.745  -26.348 0.6999999881
145299  28.540  -56.480  -30.256 0.5000000000
134802  28.203  -56.743  -28.798 0.6000000238
23514  28.000  -56.743  -27.103 0.6000000238
25694  12.369  -54.598  -25.923 0.4000000060
26880  13.788  -52.959  -27.597 0.6000000238
25733  14.723  -53.928  -27.438 0.6000000238
26879  15.013  -53.099  -28.070 0.6000000238
26892  15.469  -52.442  -28.282 0.6000000238
27947  17.589  -52.628  -29.369 0.6000000238
27931  19.026  -52.003  -27.703 0.6999999881
27917  19.459  -51.902  -26.313 0.6999999881
26821  21.218  -52.977  -24.670 0.6999999881
26806  21.761  -53.624  -23.941 0.6999999881
26820  22.063  -53.342  -24.744 0.8000000119
25653  23.085  -54.365  -24.105 0.8000000119
24542  24.438  -55.191  -24.479 0.6000000238
24563  25.791  -55.285  -24.980 0.6000000238
25688  27.156  -54.977  -25.734 0.8000000119
139328  27.752  -56.168  -25.985 0.6999999881
23548  28.375  -56.346  -31.228 0.5000000000
23536  28.672  -56.433  -29.271 0.6000000238
24597  29.064  -55.093  -27.364 0.6999999881
24621  29.133  -55.966  -30.721 0.6000000238
26845  12.655  -53.273  -25.588 0.5000000000
25659  12.477  -54.818  -24.232 0.4000000060
24526  12.836  -55.861  -23.411 0.4000000060
27933  13.164  -51.993  -26.833 0.5000000000
26862  12.533  -53.495  -26.564 0.5000000000
27950  13.588  -52.125  -27.470 0.6000000238
28990  15.424  -51.582  -28.237 0.6000000238
143769  16.418  -51.519  -28.526 0.6000000238
27946  18.188  -52.565  -29.838 0.6999999881
27915  20.589  -51.953  -25.473 0.8000000119
26840  21.662  -52.599  -25.426 0.8000000119
25690  23.381  -54.504  -25.622 0.6000000238
25710  24.301  -54.681  -26.503 0.6000000238
138973  26.197  -54.835  -25.655 0.6999999881
25708  26.682  -54.494  -26.488 0.6999999881
26871  28.524  -53.764  -27.473 0.6999999881
24604  29.291  -55.820  -28.764 0.6000000238
25725  29.222  -54.222  -27.578 0.6000000238
154698  29.682  -53.275  -28.421 0.6000000238
24620  29.716  -55.367  -30.251 0.6000000238
25744  30.159  -53.631  -28.849 0.6000000238
26825  14.653  -52.981  -25.159 0.5000000000
26827  13.142  -53.602  -24.926 0.5000000000
25658  13.302  -54.559  -23.580 0.5000000000
24509  13.296  -55.995  -22.601 0.5000000000
28959  14.631  -51.381  -26.490 0.5000000000
27919  13.228  -51.933  -26.238 0.5000000000
28979  14.810  -51.171  -27.866 0.6000000238
26857  22.942  -53.690  -26.679 0.6999999881
26856  23.369  -53.993  -27.193 0.6000000238
25729  24.252  -54.516  -27.608 0.6000000238
25728  24.997  -54.453  -27.958 0.6000000238
26873  26.792  -54.135  -27.320 0.6999999881
26890  25.969  -54.064  -28.242 0.6000000238
26888  27.731  -53.350  -27.969 0.6000000238
26870  29.216  -53.375  -27.960 0.6999999881
25768  30.098  -54.725  -30.750 0.5000000000
26896  29.871  -52.798  -28.809 0.4000000060
159347  14.810  -53.332  -24.501 0.5000000000
26808  14.730  -53.615  -23.809 0.5000000000
25642  14.153  -54.820  -22.411 0.5000000000
23410  14.158  -56.436  -21.520 0.5000000000
21421  16.447  -58.084  -21.511 0.5000000000
21433  16.848  -58.835  -21.876 0.5000000000
26899  23.577  -54.510  -30.292 0.6000000238
132625  25.687  -54.105  -29.590 0.6000000238
27969  26.719  -53.295  -29.885 0.4000000060
27957  27.703  -52.877  -28.772 0.5000000000
27967  28.431  -52.032  -28.781 0.4000000060
27955  29.487  -51.985  -28.820 0.4000000060
27956  29.039  -51.822  -28.591 0.5000000000
159139  15.449  -53.479  -23.579 0.6000000238
26793  15.338  -53.814  -22.870 0.5000000000
25629  14.616  -55.051  -21.591 0.5000000000
23409  14.841  -56.268  -21.155 0.5000000000
157931  16.642  -57.841  -20.852 0.5000000000
21409  16.809  -58.815  -20.607 0.5000000000
20388  16.225  -59.143  -20.093 0.4000000060
19384  15.262  -60.421  -20.874 0.5000000000
19385  14.284  -60.283  -21.001 0.4000000060
19386  13.400  -60.065  -21.263 0.4000000060
18398  12.695  -61.850  -22.201 0.4000000060
26904  25.355  -53.543  -31.613 0.6000000238
29006  26.593  -52.412  -31.611 0.4000000060
28994  28.083  -51.864  -29.664 0.4000000060
30196  29.043  -50.995  -29.452 0.4000000060
26774  15.677  -54.084  -21.857 0.5000000000
25628  15.268  -54.657  -21.305 0.4000000060
22396  15.772  -56.445  -20.462 0.4000000060
22395  16.381  -57.331  -20.215 0.5000000000
151615  15.501  -57.710  -18.707 0.4000000060
20389  15.212  -59.296  -19.808 0.5000000000
21399  14.611  -58.733  -19.193 0.4000000060
21400  13.599  -58.721  -19.183 0.5000000000
20390  14.142  -59.305  -19.749 0.5000000000
21401  12.686  -58.612  -19.337 0.3000000119
20406  12.825  -59.528  -20.638 0.3000000119
142251  11.913  -59.428  -20.729 0.3000000119
29015  26.829  -51.343  -31.807 0.4000000060
26773  16.645  -53.959  -21.699 0.5000000000
25616  15.783  -55.041  -20.576 0.5000000000
139422  16.111  -56.276  -19.497 0.4000000060
26791  17.189  -53.421  -22.284 0.4000000060
25626  17.091  -54.420  -20.948 0.4000000060
25615  16.563  -54.837  -20.281 0.4000000060
24469  16.484  -55.163  -18.543 0.4000000060
26771  18.594  -53.934  -21.371 0.4000000060
25625  18.070  -54.333  -20.749 0.4000000060
25606  16.989  -54.950  -19.339 0.4000000060
26770  19.480  -53.832  -21.153 0.4000000060
25605  17.762  -54.510  -19.309 0.4000000060
25585  16.661  -54.576  -17.998 0.4000000060
25570  16.080  -54.389  -17.584 0.4000000060
25613  18.428  -54.477  -19.926 0.4000000060
27877  19.331  -52.699  -22.268 0.3000000119
26729  18.261  -53.696  -18.792 0.4000000060
26722  16.714  -53.850  -17.852 0.4000000060
26723  15.892  -53.692  -17.543 0.4000000060
27859  19.914  -53.251  -21.574 0.4000000060
26724  15.094  -54.078  -17.433 0.4000000060
27824  15.431  -52.366  -18.066 0.4000000060
27845  21.411  -52.310  -20.925 0.3000000119
27846  20.876  -52.675  -20.351 0.4000000060
27841  19.419  -52.973  -19.285 0.4000000060
27822  18.676  -53.035  -18.771 0.4000000060
26721  17.022  -53.051  -18.152 0.4000000060
27810  15.882  -52.918  -17.750 0.4000000060
28859  17.600  -51.489  -18.526 0.3000000119
25748  23.703  -54.402  -28.347 0.6000000238
28960  13.827  -51.526  -26.747 0.5000000000
26905  24.513  -53.898  -31.276 0.6000000238
29005  27.532  -51.746  -30.778 0.4000000060
19443  22.268  -60.791  -24.647 0.6000000238
21503  25.668  -58.560  -26.150 0.6999999881
22470  27.301  -56.644  -25.632 0.6999999881
146469  26.878  -56.892  -32.494 0.5000000000
23560  28.284  -56.291  -32.090 0.5000000000
22589  26.146  -57.356  -31.088 0.5000000000
23549  27.699  -56.788  -30.812 0.4000000060
153832  27.811  -56.968  -29.688 0.6000000238
24587  15.563  -55.369  -25.873 0.5000000000
24543  23.729  -55.168  -23.838 0.6999999881
23523  28.763  -56.293  -28.327 0.6000000238
27948  17.002  -53.186  -28.570 0.6000000238
24541  25.281  -55.625  -24.281 0.6999999881
24562  26.634  -55.428  -25.180 0.8000000119
23502  28.179  -56.106  -26.544 0.6999999881
25695  12.133  -54.533  -25.478 0.4000000060
25670  23.718  -54.756  -24.711 0.6000000238
134591  25.133  -54.930  -25.674 0.6000000238
26855  27.416  -54.311  -26.821 0.6999999881
25706  28.176  -54.838  -26.590 0.6999999881
24626  29.580  -55.362  -31.155 0.5000000000
24631  28.944  -55.908  -32.367 0.5000000000
25726  28.620  -54.559  -27.040 0.6999999881
24596  29.589  -54.928  -28.219 0.6000000238
148213  23.704  -54.566  -26.308 0.6999999881
25709  25.310  -54.606  -26.720 0.6999999881
25727  25.948  -54.358  -27.340 0.6999999881
26887  28.629  -52.787  -28.251 0.6000000238
24610  29.790  -55.251  -29.262 0.6000000238
25755  30.318  -53.985  -29.465 0.6000000238
26826  14.075  -53.416  -24.675 0.5000000000
150256  13.781  -54.645  -22.960 0.5000000000
24508  13.983  -55.726  -22.031 0.4000000060
25746  24.743  -54.562  -29.157 0.6000000238
26889  26.764  -53.474  -28.655 0.6000000238
133140  13.897  -60.814  -21.504 0.3000000119
27977  27.206  -52.635  -30.561 0.5000000000
29004  28.416  -51.307  -30.067 0.4000000060
21397  16.419  -58.369  -19.847 0.5000000000
20405  13.737  -59.693  -20.479 0.4000000060
19405  12.198  -60.369  -22.222 0.4000000060
25612  19.655  -53.788  -20.450 0.4000000060
25603  19.101  -54.076  -19.868 0.4000000060
14225  32.169  -66.175  -35.727 0.3000000119
14207  31.776  -65.682  -35.304 0.3000000119
156205  20.581  -60.562  -34.795 0.4000000060
18603  22.715  -61.378  -34.864 0.4000000060
17564  22.575  -62.642  -35.508 0.4000000060
135983  23.253  -62.881  -35.360 0.4000000060
21605  20.887  -58.397  -33.166 0.4000000060
19616  19.775  -59.911  -33.568 0.4000000060
20601  20.631  -58.809  -32.604 0.4000000060
20582  21.032  -59.292  -31.873 0.5000000000
19578  20.619  -60.252  -31.941 0.5000000000
19577  21.518  -60.291  -31.345 0.5000000000
20627  23.598  -60.216  -34.587 0.4000000060
142435  21.970  -60.059  -34.415 0.5000000000
19635  20.296  -60.111  -34.334 0.5000000000
145572  22.134  -61.015  -30.689 0.5000000000
158684  22.178  -60.755  -34.725 0.5000000000
18601  23.821  -61.193  -34.345 0.5000000000
18602  23.157  -61.910  -34.658 0.4000000060
17554  23.479  -62.812  -34.348 0.4000000060
16444  23.748  -63.348  -34.686 0.4000000060
16443  24.408  -63.685  -34.668 0.4000000060
16465  25.767  -63.916  -35.497 0.3000000119
16464  26.730  -64.065  -35.308 0.4000000060
22620  23.952  -57.388  -34.231 0.4000000060
22603  22.329  -57.330  -32.652 0.4000000060
22593  22.615  -57.404  -32.113 0.4000000060
21611  23.649  -58.351  -34.372 0.4000000060
158080  22.882  -58.212  -34.195 0.4000000060
22610  21.779  -57.554  -33.057 0.4000000060
21579  21.378  -58.257  -32.292 0.4000000060
21578  22.402  -58.095  -31.733 0.5000000000
21562  22.001  -58.913  -31.522 0.5000000000
133207  24.139  -59.417  -34.595 0.4000000060
139332  23.252  -59.127  -34.342 0.4000000060
20612  21.524  -59.122  -33.872 0.4000000060
21561  23.236  -58.431  -30.993 0.5000000000
20566  22.667  -59.624  -30.669 0.5000000000
19556  22.648  -60.593  -30.148 0.5000000000
20553  23.103  -59.991  -29.499 0.6000000238
20539  23.451  -59.883  -28.591 0.6000000238
19525  23.010  -60.654  -28.602 0.6000000238
22515  25.482  -58.265  -27.899 0.6000000238
21516  24.508  -58.965  -27.839 0.6000000238
19524  23.520  -60.519  -27.909 0.5000000000
16421  24.030  -63.286  -33.780 0.4000000060
19462  24.055  -60.378  -25.719 0.5000000000
16442  25.303  -63.813  -34.537 0.4000000060
135891  25.956  -63.760  -33.778 0.4000000060
16441  26.909  -63.909  -34.504 0.4000000060
23564  23.893  -56.879  -32.395 0.4000000060
22591  24.381  -57.343  -31.675 0.5000000000
22572  23.671  -58.082  -30.997 0.5000000000
22557  24.442  -58.221  -30.272 0.5000000000
21548  23.391  -59.143  -30.131 0.5000000000
132462  25.035  -58.205  -29.311 0.5000000000
21547  23.773  -58.861  -29.223 0.6000000238
22535  25.652  -58.031  -28.525 0.6000000238
22516  24.838  -58.469  -28.439 0.6000000238
13211  32.578  -67.061  -36.324 0.3000000119
15258  32.558  -64.815  -34.878 0.3000000119
15221  30.375  -64.498  -32.835 0.3000000119
134428  24.895  -57.340  -34.452 0.4000000060
22607  25.264  -56.535  -34.039 0.4000000060
145944  24.779  -56.330  -33.531 0.4000000060
154556  23.702  -56.702  -32.817 0.4000000060
23563  24.800  -56.824  -32.337 0.4000000060
22571  24.870  -57.766  -30.898 0.5000000000
23562  25.911  -56.989  -32.229 0.4000000060
143309  25.351  -57.961  -30.139 0.5000000000
21517  24.172  -59.502  -27.613 0.6000000238
19502  23.605  -61.038  -27.005 0.5000000000
23572  25.200  -56.390  -33.114 0.4000000060
21597  20.932  -58.194  -32.822 0.4000000060
18532  22.284  -61.569  -29.689 0.5000000000
15222  29.546  -64.451  -33.021 0.3000000119
22609  23.549  -56.973  -33.574 0.4000000060
22573  23.027  -57.791  -31.531 0.5000000000
21560  23.813  -58.600  -30.144 0.5000000000
21546  24.239  -58.517  -29.272 0.6000000238
32403  30.102  -48.379  -25.872 0.3000000119
16463  27.640  -64.166  -35.095 0.4000000060
17534  23.767  -62.569  -33.635 0.4000000060
18397  13.411  -61.607  -21.793 0.4000000060
18549  21.928  -61.738  -30.522 0.5000000000
18604  20.033  -60.681  -34.844 0.4000000060
18606  22.796  -62.216  -35.026 0.4000000060
19404  13.055  -60.573  -21.933 0.4000000060
19442  23.065  -60.637  -24.632 0.6000000238
19503  23.032  -61.372  -27.800 0.5000000000
19539  22.680  -60.820  -29.271 0.6000000238
19557  22.234  -60.242  -30.821 0.5000000000
19631  24.495  -60.366  -34.596 0.5000000000
19632  23.291  -61.019  -34.647 0.4000000060
19633  22.861  -60.541  -34.649 0.5000000000
19634  21.238  -60.476  -34.701 0.5000000000
19637  21.828  -61.251  -34.951 0.5000000000
20391  13.168  -59.209  -19.825 0.4000000060
20401  17.026  -59.203  -21.286 0.5000000000
20403  15.775  -59.840  -20.448 0.4000000060
20404  14.722  -59.831  -20.373 0.5000000000
20416  12.522  -59.894  -21.478 0.4000000060
20417  11.616  -59.777  -21.594 0.3000000119
20467  23.404  -59.911  -24.116 0.6000000238
20468  22.550  -60.121  -24.040 0.6000000238
20506  24.455  -59.825  -26.240 0.5000000000
20507  24.059  -60.386  -26.569 0.5000000000
20521  23.937  -60.177  -27.351 0.5000000000
20552  23.476  -59.311  -29.123 0.6000000238
20567  21.904  -59.660  -31.269 0.5000000000
20583  20.336  -59.516  -32.475 0.4000000060
20602  20.031  -59.282  -32.957 0.4000000060
20613  20.425  -59.278  -33.495 0.4000000060
20626  25.053  -59.591  -34.981 0.4000000060
20628  22.641  -59.625  -34.368 0.5000000000
20629  21.072  -59.806  -34.144 0.4000000060
21387  15.068  -58.089  -18.679 0.4000000060
21398  15.624  -58.627  -19.411 0.5000000000
21420  16.913  -58.468  -21.094 0.5000000000
21449  24.218  -58.522  -23.630 0.6000000238
21451  22.044  -58.814  -23.543 0.6000000238
21467  25.675  -58.236  -24.756 0.6000000238
21468  25.010  -58.513  -24.277 0.6000000238
21486  25.512  -58.654  -25.322 0.6000000238
21487  25.013  -59.101  -24.961 0.6000000238
21489  20.564  -58.521  -25.554 0.6000000238
21518  20.206  -58.314  -27.071 0.5000000000
21530  24.182  -58.772  -28.624 0.6000000238
21531  23.899  -59.247  -28.435 0.6000000238
21598  20.464  -58.696  -32.958 0.4000000060
21603  23.091  -57.516  -33.983 0.4000000060
21604  22.300  -57.743  -33.713 0.4000000060
21608  26.332  -57.892  -35.008 0.4000000060
21610  24.547  -58.442  -34.652 0.4000000060
21612  22.324  -58.638  -34.064 0.4000000060
22381  16.339  -57.638  -19.642 0.5000000000
22382  15.853  -57.256  -18.828 0.4000000060
22407  16.001  -57.317  -21.028 0.5000000000
22408  14.733  -56.941  -21.333 0.5000000000
22409  13.776  -57.017  -21.732 0.4000000060
22443  21.682  -57.994  -23.387 0.6000000238
22455  26.117  -57.604  -24.704 0.6999999881
22474  20.003  -57.606  -25.699 0.5000000000
22495  26.979  -57.485  -26.043 0.6999999881
22534  26.625  -57.576  -28.440 0.6000000238
22555  26.827  -57.392  -29.465 0.6000000238
22570  26.146  -57.611  -30.203 0.5000000000
22590  25.289  -57.342  -31.486 0.4000000060
22592  23.454  -57.413  -31.777 0.5000000000
22594  22.016  -57.698  -32.414 0.4000000060
22602  23.154  -57.100  -32.476 0.4000000060
22604  21.522  -57.766  -32.775 0.4000000060
22608  24.365  -56.648  -33.880 0.4000000060
23371  16.160  -56.905  -19.500 0.5000000000
23392  15.155  -55.880  -20.810 0.5000000000
23431  13.455  -56.563  -22.079 0.5000000000
23432  12.805  -56.554  -22.813 0.4000000060
23450  23.377  -56.713  -23.122 0.5000000000
23465  25.648  -56.376  -24.149 0.6999999881
23466  20.769  -56.913  -23.702 0.6999999881
23485  19.871  -55.957  -24.630 0.6999999881
23513  28.655  -56.024  -27.353 0.6999999881
23524  28.200  -56.781  -27.978 0.6000000238
23561  27.627  -56.663  -31.791 0.5000000000
23573  24.321  -56.422  -32.964 0.4000000060
23579  23.990  -56.522  -33.275 0.4000000060
23580  23.249  -56.961  -32.923 0.4000000060
24487  16.409  -55.381  -19.642 0.4000000060
24488  15.865  -55.732  -20.171 0.4000000060
24497  15.172  -55.365  -20.985 0.4000000060
24498  14.596  -55.795  -21.285 0.5000000000
24519  24.948  -56.143  -23.692 0.6999999881
24521  23.137  -55.598  -23.201 0.6999999881
24525  13.466  -55.222  -22.924 0.5000000000
24540  26.135  -55.893  -24.625 0.6999999881
24544  19.987  -55.010  -24.325 0.6999999881
24548  12.043  -55.179  -24.702 0.4000000060
24561  27.355  -55.777  -25.513 0.8000000119
24565  18.613  -55.778  -25.162 0.6000000238
24570  12.133  -55.271  -25.286 0.4000000060
24584  28.494  -55.318  -26.765 0.6999999881
24585  27.878  -55.408  -26.162 0.6999999881
24611  29.262  -55.980  -29.764 0.6000000238
24627  28.959  -55.875  -31.620 0.5000000000
24630  29.428  -55.256  -31.963 0.5000000000
25571  15.414  -54.852  -17.425 0.4000000060
25583  17.761  -54.177  -18.772 0.4000000060
25584  17.175  -54.208  -18.298 0.4000000060
25604  18.427  -54.132  -19.323 0.4000000060
25614  17.506  -54.668  -20.089 0.4000000060
25627  16.102  -54.486  -21.101 0.5000000000
25641  14.807  -54.320  -22.069 0.5000000000
25654  22.358  -54.241  -23.580 0.6999999881
25655  21.543  -54.289  -23.449 0.6999999881
25656  20.930  -54.375  -23.553 0.6999999881
25657  14.220  -54.173  -23.037 0.5000000000
25671  22.809  -53.938  -24.946 0.6000000238
25673  20.392  -54.232  -24.011 0.6999999881
25675  12.797  -54.200  -24.452 0.4000000060
25676  12.146  -54.380  -24.916 0.4000000060
25689  24.204  -54.893  -25.483 0.6000000238
25691  22.935  -54.058  -26.006 0.6000000238
25692  18.523  -54.787  -25.764 0.5000000000
25707  27.613  -54.693  -26.376 0.8000000119
25711  23.319  -54.232  -26.547 0.6000000238
25716  13.329  -54.691  -26.324 0.5000000000
25717  12.157  -54.002  -26.113 0.5000000000
25730  23.700  -54.300  -27.222 0.6000000238
25731  16.920  -53.954  -27.982 0.6000000238
25735  12.672  -54.037  -26.602 0.5000000000
25745  29.785  -53.976  -28.233 0.6000000238
25747  24.080  -54.626  -28.717 0.6000000238
25756  30.120  -54.409  -28.925 0.6000000238
25757  23.844  -54.690  -29.649 0.6000000238
25758  23.615  -54.538  -29.145 0.6000000238
26730  17.505  -53.711  -18.361 0.4000000060
26748  20.203  -52.885  -19.787 0.4000000060
26749  19.660  -53.509  -19.847 0.4000000060
26750  18.970  -53.638  -19.302 0.4000000060
26757  20.269  -53.277  -20.424 0.4000000060
26769  20.121  -53.539  -20.937 0.4000000060
26772  17.611  -53.917  -21.542 0.4000000060
26790  18.110  -53.408  -22.100 0.4000000060
26792  16.326  -53.640  -22.533 0.5000000000
26809  13.670  -53.913  -24.017 0.5000000000
26822  20.456  -52.912  -24.869 0.6999999881
26824  15.552  -53.144  -24.365 0.5000000000
26828  12.506  -53.900  -25.132 0.5000000000
26839  22.420  -53.425  -25.744 0.6999999881
26842  18.665  -53.828  -26.428 0.6999999881
26843  14.168  -51.975  -25.897 0.5000000000
26844  13.373  -52.687  -25.539 0.5000000000
26846  12.197  -53.917  -25.612 0.4000000060
26854  28.082  -54.321  -26.823 0.6999999881
26859  18.913  -52.862  -27.074 0.6999999881
26863  12.497  -53.335  -26.163 0.5000000000
26872  27.653  -53.887  -27.281 0.6999999881
26874  23.406  -54.112  -27.950 0.6999999881
26877  17.464  -53.300  -28.439 0.6000000238
26878  16.162  -53.282  -28.283 0.6000000238
26881  12.893  -53.333  -27.104 0.6000000238
26886  29.310  -52.606  -28.400 0.6000000238
26895  30.189  -53.183  -29.611 0.6000000238
26897  25.520  -53.936  -30.822 0.6000000238
26898  24.431  -54.504  -30.385 0.6000000238
26900  23.355  -54.433  -29.690 0.6000000238
26906  23.756  -54.190  -30.831 0.6000000238
27809  16.339  -52.256  -18.115 0.4000000060
27811  15.236  -53.194  -17.755 0.4000000060
27823  17.300  -52.267  -18.340 0.3000000119
27858  20.774  -52.995  -21.122 0.3000000119
27860  19.034  -53.417  -21.875 0.4000000060
27876  20.346  -52.579  -22.013 0.4000000060
27892  16.511  -52.734  -23.903 0.6000000238
27903  15.311  -52.587  -25.322 0.5000000000
27916  19.861  -52.126  -25.508 0.8000000119
27920  12.800  -52.515  -26.186 0.5000000000
27929  22.759  -53.036  -26.993 0.8000000119
27932  18.470  -52.750  -28.423 0.6999999881
27934  12.696  -52.766  -26.708 0.5000000000
27943  23.068  -53.120  -27.417 0.6999999881
27945  18.706  -52.174  -29.102 0.6999999881
27949  14.391  -51.962  -28.036 0.6000000238
27951  13.093  -52.557  -27.195 0.6000000238
27958  23.183  -53.245  -29.541 0.6000000238
27961  17.368  -51.974  -29.800 0.6000000238
27962  16.558  -52.386  -28.658 0.6000000238
27966  29.874  -52.338  -29.275 0.4000000060
27968  27.696  -52.501  -29.431 0.5000000000
27970  23.425  -53.146  -30.498 0.6999999881
27978  26.281  -53.306  -31.287 0.4000000060
27988  25.680  -52.910  -32.093 0.6000000238
27989  24.646  -53.140  -31.944 0.6999999881
28941  19.789  -51.043  -22.867 0.4000000060
28943  17.460  -51.513  -23.652 0.5000000000
28956  20.560  -51.110  -26.392 0.8000000119
28958  16.934  -50.530  -25.599 0.5000000000
28963  21.564  -51.280  -26.952 0.8000000119
28970  24.374  -51.487  -28.004 0.5000000000
28974  21.252  -50.836  -27.597 0.8000000119
28978  15.597  -50.764  -28.077 0.6999999881
28980  14.014  -51.602  -27.429 0.6000000238
28984  29.218  -51.290  -29.006 0.4000000060
28986  18.960  -51.215  -28.818 0.8000000119
28987  18.206  -51.512  -30.168 0.8000000119
28993  28.884  -51.314  -28.972 0.4000000060
29018  24.067  -52.301  -31.898 0.6000000238
30111  22.429  -50.153  -22.154 0.4000000060
30130  18.504  -50.667  -23.727 0.5000000000
30142  27.913  -50.139  -24.926 0.4000000060
30143  27.176  -50.164  -24.811 0.3000000119
30155  16.022  -50.369  -26.278 0.6999999881
30160  26.805  -50.498  -26.372 0.4000000060
30161  25.637  -50.631  -26.643 0.4000000060
30164  15.752  -50.381  -27.324 0.6000000238
30165  15.371  -50.700  -27.797 0.6000000238
30169  26.754  -50.363  -27.303 0.4000000060
30172  22.277  -50.952  -27.891 0.6999999881
30175  16.861  -49.737  -27.980 0.5000000000
30185  19.547  -50.542  -28.505 0.6999999881
30187  18.138  -50.799  -29.356 0.6000000238
30207  23.888  -51.298  -31.606 0.6999999881
30220  24.365  -50.628  -32.002 0.5000000000
30227  25.944  -49.738  -32.466 0.5000000000
31281  20.822  -50.129  -23.194 0.4000000060
31295  27.258  -49.340  -23.842 0.5000000000
31313  27.671  -49.802  -24.304 0.3000000119
31314  25.275  -49.365  -24.808 0.3000000119
31315  19.881  -49.093  -25.512 0.4000000060
31322  29.118  -49.398  -25.567 0.4000000060
31323  28.550  -49.850  -25.155 0.3000000119
31328  18.244  -49.447  -26.277 0.4000000060
31336  28.398  -49.840  -25.936 0.4000000060
31338  25.294  -50.289  -26.112 0.4000000060
31340  23.925  -48.838  -26.595 0.4000000060
31344  28.362  -48.925  -27.259 0.4000000060
31348  23.049  -48.904  -27.932 0.4000000060
31349  19.457  -49.031  -28.405 0.5000000000
31360  25.882  -49.610  -29.008 0.6000000238
31363  21.219  -49.154  -28.599 0.6000000238
31365  19.571  -49.973  -28.612 0.6999999881
31367  18.135  -49.824  -28.572 0.5000000000
31400  25.159  -49.153  -31.931 0.5000000000
31405  27.205  -49.080  -32.186 0.5000000000
31407  25.532  -48.574  -32.126 0.5000000000
32339  22.408  -48.694  -23.098 0.4000000060
32354  28.412  -48.636  -23.559 0.4000000060
32358  22.622  -47.929  -23.526 0.4000000060
32360  21.107  -48.861  -24.118 0.4000000060
32378  24.715  -48.653  -24.327 0.4000000060
32379  23.915  -48.242  -24.770 0.4000000060
32381  21.049  -48.469  -24.992 0.4000000060
32390  30.379  -48.189  -25.389 0.3000000119
32405  28.791  -49.231  -26.459 0.5000000000
32407  23.556  -47.996  -26.466 0.3000000119
32409  20.890  -47.876  -26.870 0.3000000119
32410  20.085  -48.296  -27.446 0.4000000060
32420  23.423  -48.289  -27.278 0.3000000119
32421  22.636  -47.898  -27.847 0.4000000060
32424  20.417  -48.445  -28.075 0.5000000000
32433  22.279  -48.367  -28.266 0.4000000060
32445  25.946  -48.260  -30.343 0.5000000000
32466  25.711  -47.934  -31.673 0.5000000000
32476  26.831  -48.331  -32.127 0.5000000000
32477  25.971  -48.229  -32.111 0.5000000000
33318  29.567  -47.557  -23.591 0.3000000119
33319  28.673  -47.797  -23.459 0.4000000060
33339  30.616  -47.379  -24.346 0.3000000119
33340  30.113  -48.040  -23.961 0.3000000119
33342  22.037  -47.774  -24.178 0.4000000060
33354  31.125  -47.016  -25.806 0.4000000060
33355  30.760  -47.594  -25.189 0.4000000060
33357  22.635  -47.685  -25.211 0.4000000060
33358  22.137  -47.450  -25.878 0.3000000119
33372  22.215  -47.271  -26.958 0.3000000119
33384  28.295  -47.908  -27.749 0.6000000238
33396  27.808  -47.111  -28.447 0.4000000060
33397  27.389  -47.812  -28.394 0.6000000238
33398  26.736  -47.723  -29.049 0.5000000000
33421  26.077  -47.473  -31.302 0.5000000000
34336  29.898  -46.878  -23.642 0.3000000119
34338  27.885  -47.211  -23.675 0.4000000060
35350  30.273  -46.330  -23.860 0.3000000119
35368  30.738  -45.711  -24.186 0.4000000060
36456  31.736  -44.029  -24.776 0.3000000119
37511  29.835  -43.904  -24.650 0.5000000000
38490  30.064  -43.143  -24.902 0.4000000060
38504  30.398  -42.484  -25.247 0.4000000060
133705  20.923  -47.872  -27.643 0.3000000119
133823  22.227  -47.657  -24.882 0.4000000060
133856  23.783  -47.864  -23.254 0.3000000119
135141  21.391  -51.371  -22.121 0.4000000060
135196  16.678  -58.071  -20.403 0.5000000000
135957  22.662  -57.291  -33.239 0.4000000060
135964  26.982  -53.730  -27.858 0.6999999881
136650  20.450  -57.919  -25.357 0.6000000238
137686  25.807  -57.207  -34.607 0.4000000060
137737  19.005  -54.232  -20.549 0.4000000060
137811  19.267  -50.696  -23.338 0.5000000000
138262  26.865  -57.576  -27.545 0.6999999881
138920  23.959  -57.683  -23.271 0.6000000238
139463  17.863  -53.038  -18.423 0.4000000060
139784  25.752  -47.785  -30.982 0.5000000000
139800  15.873  -57.973  -19.140 0.4000000060
140013  29.128  -55.624  -27.942 0.6000000238
140258  20.439  -49.127  -24.671 0.4000000060
140526  24.129  -57.790  -31.127 0.5000000000
142613  17.138  -54.567  -18.668 0.4000000060
142719  21.559  -58.096  -33.441 0.4000000060
143184  22.119  -51.323  -27.579 0.6999999881
143245  18.473  -51.998  -22.779 0.5000000000
143590  21.368  -57.232  -23.298 0.6000000238
144308  20.282  -53.609  -24.447 0.6999999881
144459  26.599  -57.787  -26.898 0.6999999881
144892  26.195  -63.883  -34.757 0.3000000119
145051  18.344  -48.870  -27.708 0.4000000060
145286  16.361  -53.154  -17.818 0.4000000060
145785  25.095  -58.586  -27.660 0.6999999881
147151  22.451  -53.810  -24.154 0.8000000119
147456  20.242  -55.719  -24.210 0.6999999881
148760  25.274  -50.074  -32.211 0.5000000000
150771  24.531  -55.620  -23.898 0.6999999881
150982  19.884  -51.464  -25.924 0.8999999762
151072  12.923  -55.173  -23.662 0.4000000060
151285  22.938  -54.802  -23.436 0.6999999881
151910  23.865  -48.331  -25.587 0.4000000060
152213  23.820  -59.844  -27.997 0.6000000238
152453  25.573  -57.621  -30.746 0.5000000000
152546  24.263  -59.796  -26.961 0.6999999881
152571  26.970  -49.731  -24.237 0.4000000060
152755  17.650  -51.820  -23.098 0.5000000000
154573  25.795  -57.098  -24.246 0.6000000238
155111  19.592  -57.152  -25.249 0.6000000238
156976  18.311  -50.013  -25.405 0.5000000000
157143  16.696  -50.068  -28.178 0.6000000238
157554  32.665  -66.468  -35.962 0.3000000119
157759  18.984  -55.175  -25.160 0.6999999881
158503  22.790  -58.823  -31.056 0.5000000000
158816  24.980  -55.178  -24.946 0.6000000238
158839  17.455  -55.296  -26.130 0.5000000000
158870  17.824  -52.337  -30.187 0.6000000238
159101  19.876  -50.076  -23.899 0.5000000000
159309  15.628  -54.255  -17.453 0.4000000060
159535  23.267  -54.398  -24.811 0.8000000119
159705  21.173  -57.829  -33.020 0.4000000060
