#!ascii label  , from subject sub125 vox2ras=TkReg
1681
39489  26.521  -41.180  -20.053 0.8999999762
39484  26.410  -41.891  -19.820 0.8000000119
142222  27.366  -41.883  -20.301 0.8000000119
36358  26.890  -43.786  -19.754 0.6999999881
37452  27.575  -43.601  -21.019 0.8000000119
40631  25.956  -40.606  -20.272 0.8999999762
40642  27.876  -40.664  -20.906 1.0000000000
39505  28.417  -41.139  -21.610 1.0000000000
39506  27.893  -41.726  -20.979 0.8999999762
149392  27.812  -42.714  -21.560 0.8000000119
37470  27.463  -43.539  -22.171 0.8000000119
36419  27.318  -44.367  -21.803 0.8000000119
37471  26.762  -44.204  -22.902 0.6999999881
37492  26.422  -43.630  -23.844 0.6999999881
41731  25.897  -39.202  -21.040 0.8000000119
41719  26.308  -39.929  -20.520 0.8999999762
42864  26.626  -38.797  -21.405 0.8999999762
42865  26.003  -38.737  -21.697 0.8999999762
42879  25.086  -38.782  -22.729 0.8999999762
40641  28.506  -40.178  -21.388 0.8999999762
40640  29.122  -40.054  -21.825 1.0000000000
39524  28.068  -41.994  -22.176 0.8999999762
137500  28.932  -40.749  -23.854 1.0000000000
39537  28.451  -41.310  -23.390 0.8999999762
139976  27.507  -42.222  -23.152 0.8999999762
38474  26.908  -42.815  -23.480 0.8000000119
141118  26.432  -44.403  -23.806 0.6999999881
42863  27.555  -38.905  -21.315 0.8999999762
145162  27.090  -38.496  -21.836 0.8999999762
42877  26.473  -38.454  -22.122 0.8999999762
42878  25.796  -38.528  -22.406 0.8999999762
42895  25.579  -38.233  -23.275 0.8999999762
141158  28.231  -39.401  -21.320 0.8999999762
40674  29.578  -40.281  -23.291 1.0000000000
39538  27.551  -41.691  -23.699 0.8000000119
39539  26.741  -42.199  -23.932 0.8000000119
38491  25.679  -43.113  -25.149 0.8000000119
39555  25.474  -42.639  -25.763 0.8000000119
38492  25.427  -43.409  -25.982 0.8000000119
143587  25.512  -43.657  -26.547 0.8000000119
141671  27.110  -38.099  -22.577 0.8999999762
44052  26.082  -37.613  -23.826 0.8999999762
45182  25.571  -37.124  -24.449 0.8999999762
42875  28.555  -37.921  -22.233 0.8999999762
45181  26.353  -36.545  -24.247 0.8999999762
45192  25.595  -36.208  -24.556 0.8000000119
44053  24.849  -37.627  -24.528 0.8000000119
145921  29.294  -38.424  -22.125 0.8999999762
142675  25.955  -35.537  -24.405 0.6999999881
145033  24.787  -36.428  -24.893 0.6999999881
45193  23.733  -36.110  -25.391 0.6999999881
42874  29.964  -38.769  -22.366 0.8999999762
46187  24.136  -35.061  -24.940 0.6999999881
46188  23.051  -34.754  -25.254 0.6999999881
41743  30.397  -38.956  -22.967 1.0000000000
145809  22.919  -33.805  -24.743 0.6000000238
41744  29.931  -39.599  -22.674 1.0000000000
41762  30.054  -39.661  -23.579 1.0000000000
40690  27.851  -41.086  -24.385 0.8999999762
40688  29.456  -40.135  -24.188 1.0000000000
40689  28.485  -40.309  -24.841 0.8999999762
133959  27.451  -40.653  -25.199 0.8000000119
39553  26.797  -41.660  -24.554 0.8000000119
39576  25.992  -41.737  -25.595 0.8000000119
40714  25.495  -41.456  -26.607 0.8000000119
38524  25.417  -42.985  -26.665 0.8000000119
38537  25.554  -42.805  -27.267 0.8000000119
40731  25.269  -41.274  -27.521 0.8000000119
39621  25.627  -41.623  -28.770 0.8000000119
44039  27.864  -37.556  -22.779 0.8999999762
44051  27.048  -37.361  -23.563 0.8999999762
45170  28.700  -36.206  -23.228 0.8999999762
44050  27.986  -36.504  -23.546 0.8999999762
45180  27.211  -36.244  -24.053 0.8999999762
46177  26.714  -35.112  -24.179 0.8999999762
147155  29.320  -37.563  -22.386 0.8999999762
46186  25.146  -35.065  -24.594 0.6999999881
158556  29.888  -38.079  -22.363 0.8999999762
47199  25.077  -33.739  -24.192 0.6000000238
47201  23.695  -33.619  -24.347 0.6000000238
42873  30.431  -38.066  -22.706 1.0000000000
46179  21.688  -34.159  -23.621 0.5000000000
42910  30.720  -38.400  -24.288 1.0000000000
46165  22.248  -34.767  -22.892 0.5000000000
42911  30.198  -38.823  -24.783 1.0000000000
41801  29.458  -39.147  -25.205 1.0000000000
152984  29.233  -39.772  -24.864 1.0000000000
41802  28.571  -39.499  -25.462 0.8999999762
40713  26.391  -40.772  -25.912 0.8000000119
40712  27.434  -39.946  -25.784 0.8999999762
41818  26.798  -39.380  -26.567 0.8999999762
40729  26.436  -40.104  -26.478 0.8000000119
42954  27.037  -38.562  -26.800 0.8999999762
41833  25.201  -40.462  -27.737 0.8000000119
40758  25.573  -41.250  -29.628 0.8000000119
41843  25.536  -39.502  -29.026 0.8000000119
40763  25.560  -40.681  -30.078 0.8000000119
44038  28.632  -37.062  -22.816 0.8999999762
138707  29.794  -35.724  -22.660 0.8999999762
46178  25.855  -34.416  -24.237 0.8000000119
44037  30.076  -37.349  -22.488 0.8999999762
45169  29.394  -36.531  -22.726 0.8999999762
48275  25.056  -33.350  -23.539 0.6999999881
48287  23.882  -33.444  -23.871 0.6000000238
47188  23.025  -33.605  -23.927 0.6000000238
134934  25.109  -33.246  -22.959 0.6999999881
47171  24.384  -33.603  -22.838 0.6000000238
46164  23.082  -34.528  -22.594 0.5000000000
42893  31.143  -37.892  -23.891 1.0000000000
46146  23.812  -35.621  -22.032 0.5000000000
45171  22.923  -35.661  -22.307 0.5000000000
157926  31.295  -37.455  -24.291 1.0000000000
42936  30.451  -38.220  -24.989 1.0000000000
44087  30.405  -37.555  -25.399 1.0000000000
42937  29.723  -38.290  -25.507 1.0000000000
42938  28.791  -38.679  -25.829 0.8999999762
138357  30.710  -36.873  -25.438 1.0000000000
44088  29.550  -37.464  -25.983 0.8999999762
42952  29.021  -38.009  -26.127 0.8999999762
42953  28.111  -38.115  -26.538 0.8999999762
44110  28.732  -37.368  -26.467 0.8999999762
42970  26.201  -38.192  -27.406 0.8999999762
41832  25.184  -39.563  -27.818 0.8999999762
44111  27.874  -37.248  -26.915 0.8999999762
44112  27.127  -37.777  -27.119 0.8999999762
42971  25.282  -38.653  -27.832 0.8999999762
44125  26.205  -37.454  -27.416 0.8999999762
46162  28.413  -35.528  -23.647 0.8999999762
47185  27.444  -33.869  -23.883 0.8999999762
46175  28.310  -34.407  -23.622 0.8999999762
47186  26.440  -33.633  -23.871 0.8000000119
135529  29.648  -34.720  -22.567 0.8999999762
47187  25.654  -33.516  -23.774 0.6999999881
44035  31.287  -36.884  -23.047 0.8999999762
45168  30.316  -36.496  -22.602 0.8999999762
48262  25.779  -33.228  -22.382 0.6999999881
47170  25.182  -33.587  -22.373 0.6999999881
46163  24.005  -34.422  -22.329 0.5000000000
44048  31.701  -36.565  -23.594 1.0000000000
45152  24.447  -36.674  -21.294 0.5000000000
45153  23.517  -36.660  -21.686 0.5000000000
44063  31.519  -36.905  -24.348 1.0000000000
47213  31.747  -34.537  -25.057 1.0000000000
45208  31.243  -36.514  -25.076 1.0000000000
45210  30.078  -36.817  -25.901 1.0000000000
45209  30.606  -36.192  -25.715 1.0000000000
46199  31.352  -35.558  -25.296 1.0000000000
45230  29.802  -36.045  -26.237 0.8999999762
134116  28.923  -35.917  -26.618 0.8999999762
45231  28.416  -36.600  -26.784 0.8999999762
44133  30.539  -37.184  -28.913 0.6999999881
44141  30.429  -36.858  -29.763 0.8000000119
44142  29.692  -37.277  -30.185 0.8000000119
44154  29.308  -36.800  -30.569 0.8000000119
47168  28.890  -33.888  -22.951 1.0000000000
47169  27.972  -33.207  -23.051 1.0000000000
159486  27.482  -32.939  -22.662 0.6999999881
48261  26.958  -32.970  -23.086 0.6999999881
45166  31.529  -36.080  -22.910 0.8999999762
46160  30.605  -35.555  -22.373 0.8999999762
46145  24.660  -35.438  -21.627 0.6000000238
45179  32.061  -35.815  -23.552 0.8999999762
151884  31.182  -35.928  -22.496 0.8999999762
44006  24.811  -37.333  -20.352 0.4000000060
45191  31.810  -36.170  -24.406 1.0000000000
47214  30.886  -34.672  -25.722 1.0000000000
47224  29.757  -34.613  -26.328 1.0000000000
48306  30.348  -34.116  -26.046 1.0000000000
45273  26.518  -36.786  -30.334 0.8999999762
45242  31.859  -36.550  -27.592 0.6000000238
44132  31.068  -36.909  -28.431 0.6000000238
45251  30.751  -36.020  -29.947 0.8000000119
154994  29.686  -36.132  -30.701 0.8000000119
45271  28.378  -36.884  -30.799 0.8999999762
45272  27.413  -36.718  -30.800 0.8999999762
47166  30.913  -34.773  -21.915 0.8999999762
47167  30.252  -34.475  -22.213 0.8999999762
134664  27.155  -33.070  -22.210 0.8000000119
48244  26.443  -33.293  -21.870 0.6999999881
47147  26.835  -34.211  -21.245 0.6999999881
46132  26.087  -36.200  -20.528 0.6000000238
43988  25.137  -37.201  -19.870 0.4000000060
46158  32.309  -35.046  -23.565 1.0000000000
46159  31.924  -35.313  -22.887 0.8999999762
47198  32.325  -34.536  -24.258 1.0000000000
147938  31.748  -33.721  -25.139 1.0000000000
48296  31.108  -33.860  -25.583 1.0000000000
48297  30.369  -33.139  -25.931 1.0000000000
45260  25.173  -36.287  -28.226 0.8999999762
46239  25.043  -35.578  -28.026 0.8999999762
46250  25.392  -35.811  -28.627 0.8999999762
46267  27.482  -35.680  -30.790 0.8999999762
46268  26.723  -36.011  -30.337 0.8999999762
47223  32.907  -35.031  -26.880 0.6000000238
46215  32.611  -35.733  -27.008 0.6000000238
45243  31.397  -36.358  -28.172 0.6000000238
46238  30.959  -35.382  -29.311 0.8000000119
45269  30.320  -35.693  -30.540 0.8000000119
145285  28.095  -36.171  -30.919 0.8999999762
143001  29.524  -33.681  -22.304 0.8999999762
48260  28.725  -33.086  -22.332 0.8999999762
133256  27.941  -32.989  -22.202 0.6999999881
48240  29.437  -33.186  -21.682 0.8999999762
48243  27.176  -33.470  -21.518 0.6000000238
47165  31.659  -34.595  -22.237 1.0000000000
48257  31.813  -33.810  -21.708 1.0000000000
48258  31.083  -34.031  -21.586 1.0000000000
47134  27.673  -34.192  -20.679 0.6000000238
144735  27.247  -35.215  -20.572 0.6000000238
45121  26.171  -36.382  -19.794 0.5000000000
47164  32.226  -34.575  -22.944 1.0000000000
48256  32.236  -33.931  -22.432 1.0000000000
47184  32.412  -34.378  -23.619 1.0000000000
48284  32.438  -33.754  -24.103 1.0000000000
158605  32.120  -33.969  -24.695 1.0000000000
48285  32.149  -33.286  -24.814 1.0000000000
48295  31.451  -32.971  -25.371 1.0000000000
49420  31.427  -32.177  -25.135 1.0000000000
49422  29.871  -32.183  -25.875 1.0000000000
48307  29.576  -33.760  -26.338 1.0000000000
49432  29.302  -32.846  -26.310 1.0000000000
48308  28.616  -33.540  -26.577 1.0000000000
48298  27.383  -33.416  -26.752 1.0000000000
47227  26.891  -34.443  -27.006 0.8999999762
144384  27.701  -34.979  -27.003 0.8999999762
46228  25.092  -35.251  -27.603 0.8999999762
46249  26.155  -35.534  -29.431 0.8999999762
47258  27.648  -34.741  -30.774 0.8999999762
47221  34.078  -34.139  -26.073 0.6000000238
46213  33.576  -34.906  -26.121 0.6000000238
47233  32.553  -34.528  -27.534 0.6000000238
46227  31.947  -35.794  -27.746 0.6000000238
46248  30.875  -35.162  -30.137 0.8000000119
157401  29.589  -34.393  -30.855 0.8000000119
48239  30.317  -33.632  -21.030 0.8999999762
48223  29.437  -33.241  -20.844 0.6999999881
48242  27.950  -33.164  -21.238 0.6000000238
48225  28.338  -34.073  -20.045 0.6000000238
46130  27.500  -35.298  -19.740 0.6000000238
46131  26.899  -35.978  -20.156 0.5000000000
48273  32.453  -33.898  -23.226 1.0000000000
48237  32.455  -33.236  -21.805 0.8999999762
144933  32.593  -33.307  -23.560 1.0000000000
148521  32.470  -32.897  -24.187 1.0000000000
49414  32.038  -32.456  -24.790 1.0000000000
50470  30.990  -31.692  -25.131 1.0000000000
49421  30.732  -32.292  -25.478 1.0000000000
49433  28.248  -32.610  -26.468 1.0000000000
49424  27.155  -32.371  -26.472 1.0000000000
48310  25.267  -33.445  -27.026 0.8999999762
47234  25.092  -34.444  -27.392 0.8999999762
48332  25.551  -34.334  -28.525 0.8999999762
48331  26.670  -33.931  -29.167 0.8999999762
49431  33.885  -32.805  -26.729 0.6000000238
47222  33.243  -34.226  -26.800 0.6000000238
48315  32.151  -34.011  -28.040 0.6000000238
47237  31.386  -34.190  -28.657 0.6999999881
138573  30.609  -33.846  -29.825 0.6999999881
47244  30.733  -34.439  -30.195 0.6999999881
47257  28.679  -34.513  -30.945 0.8000000119
48343  27.952  -33.799  -30.717 0.8999999762
49419  35.471  -32.995  -25.917 0.6000000238
48328  29.828  -33.291  -30.039 0.6999999881
48342  29.108  -33.539  -30.723 0.8000000119
152637  28.930  -32.931  -30.152 0.8999999762
48224  28.918  -33.462  -20.250 0.6999999881
156256  27.946  -34.655  -19.844 0.6000000238
48222  31.570  -33.170  -20.516 0.8999999762
137657  30.748  -33.405  -20.321 0.8000000119
48201  30.253  -33.145  -19.447 0.6999999881
150957  31.927  -33.379  -21.172 0.8000000119
139979  32.652  -33.322  -22.762 1.0000000000
49398  32.821  -32.544  -22.414 0.8999999762
49410  32.709  -32.642  -23.387 1.0000000000
50465  32.432  -32.013  -24.064 1.0000000000
137273  31.641  -31.527  -24.601 1.0000000000
51543  31.351  -30.540  -24.343 1.0000000000
50466  30.717  -31.019  -24.853 1.0000000000
50472  29.470  -31.412  -25.701 1.0000000000
49423  28.953  -31.962  -26.168 1.0000000000
134804  27.907  -31.632  -26.169 1.0000000000
48299  26.252  -32.932  -26.730 0.8999999762
141887  25.184  -32.416  -26.998 0.8999999762
48316  24.879  -33.831  -27.423 0.8999999762
48322  25.751  -33.382  -28.460 0.8999999762
47232  32.779  -33.874  -27.486 0.6000000238
48319  30.836  -33.958  -29.046 0.6999999881
48330  27.440  -33.371  -30.054 0.8999999762
50482  34.967  -31.771  -26.628 0.6000000238
49430  34.709  -32.663  -26.283 0.6000000238
48320  30.276  -33.250  -28.930 0.6999999881
49461  29.255  -32.778  -29.151 0.6999999881
134324  29.596  -33.467  -19.700 0.6999999881
48203  28.404  -33.851  -19.130 0.6000000238
154638  30.065  -33.536  -20.222 0.8000000119
142958  29.575  -33.084  -18.966 0.6999999881
48202  29.077  -33.376  -18.898 0.6999999881
49388  32.248  -32.843  -20.921 0.6999999881
49387  32.717  -32.344  -21.487 0.6999999881
50446  32.934  -31.561  -22.071 0.6999999881
51537  32.639  -30.864  -22.766 0.8000000119
50458  32.176  -30.973  -23.700 0.8000000119
153994  32.370  -30.296  -23.234 0.8000000119
52662  31.799  -30.062  -23.713 0.8999999762
50467  29.887  -30.800  -25.256 1.0000000000
159272  28.716  -31.280  -25.919 1.0000000000
50473  28.108  -30.806  -25.757 1.0000000000
51545  29.391  -30.072  -25.231 1.0000000000
147059  29.029  -30.725  -25.590 1.0000000000
139611  26.877  -31.615  -26.201 1.0000000000
50475  26.095  -31.093  -26.217 1.0000000000
48300  25.567  -32.523  -26.786 0.8999999762
49434  25.174  -31.482  -26.973 0.8999999762
150917  25.232  -32.548  -27.468 0.8999999762
49454  25.501  -32.465  -28.056 0.8999999762
49439  34.162  -32.148  -26.951 0.6000000238
49440  33.393  -32.588  -27.329 0.6000000238
146097  31.861  -33.406  -28.286 0.6000000238
49448  31.672  -32.684  -28.225 0.6999999881
49453  26.392  -32.489  -28.565 0.8999999762
49463  27.699  -32.780  -29.804 0.8999999762
50501  30.757  -31.544  -27.931 0.6999999881
49450  29.879  -32.102  -28.325 0.6999999881
49451  28.747  -32.006  -28.604 0.8999999762
50503  28.015  -31.175  -28.412 0.8999999762
48200  31.139  -32.860  -19.731 0.6999999881
49354  29.859  -32.543  -18.644 0.6000000238
49376  31.940  -32.543  -20.079 0.6999999881
49353  30.672  -32.376  -18.944 0.6000000238
49375  32.518  -32.110  -20.592 0.6999999881
51518  33.130  -30.902  -21.439 0.6999999881
52648  32.893  -30.121  -22.601 0.8000000119
52661  32.416  -29.692  -23.356 0.8000000119
52670  31.864  -29.296  -23.982 0.8000000119
51544  30.372  -30.115  -24.748 1.0000000000
52671  31.191  -29.727  -24.328 0.8000000119
51546  28.435  -30.118  -25.473 1.0000000000
50474  27.123  -30.934  -25.901 1.0000000000
52675  28.799  -29.397  -25.335 1.0000000000
52676  27.777  -29.418  -25.569 1.0000000000
51548  26.494  -30.236  -26.017 1.0000000000
52678  26.026  -29.495  -26.384 1.0000000000
51550  25.387  -30.201  -26.792 1.0000000000
50490  25.186  -31.307  -27.104 0.8999999762
48314  32.604  -33.179  -27.727 0.6000000238
50505  25.828  -31.438  -28.123 0.8999999762
50488  34.489  -31.421  -27.339 0.6000000238
50489  33.667  -31.813  -27.635 0.6000000238
152097  32.213  -32.685  -28.030 0.6999999881
51579  26.701  -30.779  -28.194 0.8999999762
50500  31.596  -31.818  -28.101 0.6999999881
138824  30.019  -31.149  -27.813 0.6999999881
51578  28.642  -30.506  -28.063 0.8999999762
49328  29.371  -31.996  -18.184 0.5000000000
49352  31.517  -32.117  -19.271 0.6000000238
50399  30.965  -31.501  -18.590 0.5000000000
50423  32.709  -31.352  -20.313 0.6999999881
50424  32.247  -31.796  -19.716 0.6999999881
133639  33.062  -30.963  -20.771 0.6999999881
52647  33.699  -29.701  -22.169 0.6999999881
52660  33.244  -29.410  -22.981 0.6999999881
53901  32.724  -29.035  -23.753 0.8000000119
53914  33.215  -28.460  -24.328 0.8000000119
53915  32.119  -28.630  -24.510 0.8000000119
53916  31.278  -28.961  -24.499 0.8000000119
159460  30.724  -28.689  -24.778 0.8999999762
52673  29.728  -29.363  -24.979 1.0000000000
147181  31.277  -28.416  -24.929 0.8000000119
53930  30.489  -28.278  -25.186 0.8999999762
53931  29.602  -28.198  -25.442 1.0000000000
137874  28.141  -28.663  -25.605 1.0000000000
52688  25.725  -29.314  -26.750 1.0000000000
52697  25.335  -30.106  -27.034 0.8999999762
51562  25.361  -30.749  -27.365 0.8999999762
51580  25.855  -30.378  -27.670 0.8999999762
52714  25.504  -29.991  -27.245 0.8999999762
143780  26.624  -29.884  -27.738 0.8999999762
50497  34.039  -31.145  -28.143 0.6000000238
50498  33.135  -31.420  -28.259 0.6000000238
135190  31.459  -30.955  -28.117 0.6999999881
51577  29.555  -30.319  -27.846 0.8000000119
52712  28.541  -29.659  -28.021 0.8999999762
51572  34.355  -30.495  -28.810 0.6000000238
51575  31.928  -30.459  -28.929 0.6999999881
51576  30.572  -30.561  -27.881 0.6999999881
132933  27.625  -30.132  -28.085 0.8999999762
155351  30.152  -29.772  -27.960 0.6999999881
154949  28.487  -28.782  -28.025 0.8999999762
50398  31.821  -31.282  -18.942 0.5000000000
51457  30.198  -30.838  -18.270 0.5000000000
50397  32.486  -30.992  -19.477 0.6999999881
51481  31.252  -30.461  -18.486 0.5000000000
51504  33.049  -30.634  -20.068 0.6999999881
51517  33.444  -30.309  -20.823 0.6999999881
52634  33.823  -29.718  -21.344 0.6999999881
53888  34.195  -29.067  -22.634 0.6999999881
53929  31.906  -28.183  -25.164 0.8000000119
55190  31.199  -27.873  -25.571 0.8000000119
55191  30.114  -27.804  -25.768 0.8999999762
53932  27.544  -27.970  -26.208 1.0000000000
136910  27.018  -28.669  -26.053 1.0000000000
141672  32.230  -27.756  -25.699 0.8000000119
55192  29.076  -27.653  -25.977 0.8999999762
146255  26.708  -27.856  -26.736 1.0000000000
55210  28.476  -27.088  -26.559 0.8999999762
55211  26.622  -27.055  -26.878 1.0000000000
53961  26.041  -28.687  -26.905 1.0000000000
53960  26.252  -28.343  -27.108 1.0000000000
52713  27.170  -28.891  -27.734 0.8999999762
51574  32.217  -31.059  -28.559 0.6999999881
53974  26.954  -27.766  -27.583 0.8999999762
136083  33.560  -30.888  -28.752 0.6000000238
51573  32.872  -30.875  -28.851 0.6000000238
53973  27.866  -27.882  -28.089 0.8999999762
51588  32.483  -30.630  -29.728 0.6999999881
52709  31.311  -30.297  -28.364 0.6999999881
52710  30.829  -29.735  -28.349 0.6999999881
52711  29.416  -29.291  -28.022 0.6999999881
53972  29.200  -28.293  -28.585 0.8000000119
53971  30.210  -29.042  -28.402 0.6999999881
55241  28.331  -27.429  -28.570 0.8000000119
55252  28.168  -26.782  -28.997 0.8999999762
53983  29.582  -27.925  -29.529 0.6999999881
51480  32.110  -30.510  -18.770 0.5000000000
51503  33.407  -29.734  -19.877 0.6999999881
51479  32.728  -30.159  -19.227 0.5000000000
52646  34.324  -29.157  -21.788 0.6999999881
52618  34.187  -29.108  -20.987 0.6999999881
53887  34.750  -28.537  -22.262 0.6999999881
53873  34.589  -28.355  -21.382 0.6999999881
53899  34.787  -28.378  -23.132 0.6999999881
53900  33.739  -28.776  -23.483 0.6999999881
55164  35.077  -27.802  -23.818 0.6999999881
53913  34.213  -28.162  -24.041 0.6999999881
55175  33.799  -27.793  -24.927 0.8000000119
55176  32.754  -28.148  -25.123 0.8000000119
155182  33.141  -27.576  -25.696 0.8000000119
55207  31.725  -27.391  -26.295 0.8000000119
56371  33.373  -26.932  -26.192 0.8000000119
56372  32.205  -26.882  -26.820 0.8000000119
55208  30.699  -27.409  -26.312 0.8000000119
55209  29.596  -27.320  -26.427 0.8999999762
56376  27.973  -26.496  -26.869 0.8999999762
55194  27.107  -27.314  -26.833 1.0000000000
56393  31.871  -26.406  -27.377 0.8000000119
56373  31.297  -26.984  -26.968 0.8000000119
55226  26.853  -27.152  -27.163 1.0000000000
56377  27.065  -26.840  -27.235 1.0000000000
51587  33.425  -30.703  -29.681 0.6000000238
55243  27.008  -26.927  -27.293 1.0000000000
51589  31.928  -30.239  -30.035 0.6999999881
52723  31.486  -29.849  -29.123 0.6999999881
55242  27.457  -26.827  -28.042 0.8999999762
56412  27.660  -26.122  -28.565 1.0000000000
52739  30.916  -28.739  -29.870 0.6999999881
53993  30.264  -28.099  -30.054 0.8000000119
55251  28.866  -27.553  -29.392 0.8000000119
55154  35.058  -27.891  -21.980 0.6999999881
147278  34.785  -27.574  -21.431 0.6999999881
53886  35.153  -28.026  -22.585 0.6999999881
55163  35.372  -27.668  -23.111 0.6999999881
55173  35.395  -27.269  -24.408 0.6999999881
55189  34.699  -27.310  -25.070 0.6999999881
55188  35.361  -26.913  -25.094 0.6999999881
56355  34.831  -26.794  -25.664 0.8000000119
56356  33.997  -27.164  -25.641 0.8000000119
157357  33.453  -26.312  -26.678 0.8000000119
133220  34.245  -25.881  -26.749 0.8000000119
57506  33.372  -25.578  -27.281 0.8000000119
56395  29.728  -26.304  -27.606 0.8999999762
56375  29.037  -26.704  -27.024 0.8999999762
56394  30.872  -26.425  -27.544 0.8000000119
153209  27.650  -25.888  -27.576 0.8999999762
51598  32.397  -30.308  -30.583 0.6000000238
57510  29.195  -25.529  -28.004 0.8999999762
57511  28.013  -25.332  -27.834 0.8999999762
56397  27.248  -26.526  -27.539 1.0000000000
51597  32.915  -30.414  -30.684 0.6000000238
56413  27.483  -25.804  -28.176 0.8999999762
53992  31.330  -28.676  -30.432 0.6999999881
56424  27.520  -25.616  -29.096 0.8999999762
55267  29.312  -27.570  -30.138 0.8000000119
55268  28.493  -26.980  -30.028 0.8999999762
56423  27.842  -26.243  -29.631 0.8000000119
55153  35.365  -27.420  -22.473 0.6999999881
56346  35.876  -26.873  -23.905 0.6999999881
56354  35.597  -26.390  -25.509 0.6999999881
56370  35.029  -26.223  -26.252 0.6999999881
57508  31.502  -25.762  -27.846 0.8000000119
57509  30.418  -25.737  -28.072 0.8000000119
57525  31.122  -25.008  -28.251 0.8000000119
58600  30.824  -24.156  -28.516 0.8000000119
57512  27.459  -25.693  -27.946 0.8999999762
51599  32.128  -29.911  -30.784 0.6000000238
57526  29.926  -24.842  -28.461 0.8000000119
58601  30.025  -23.995  -28.662 0.8999999762
57528  27.687  -24.994  -28.334 0.8999999762
153820  32.403  -29.592  -31.271 0.6000000238
52738  31.503  -29.494  -30.166 0.6999999881
57529  27.498  -25.286  -28.642 0.8999999762
142153  30.769  -27.779  -30.450 0.6999999881
57533  27.458  -25.679  -30.014 0.8000000119
56441  29.092  -26.930  -30.701 0.6999999881
56442  28.067  -26.295  -30.460 0.8000000119
56335  35.795  -26.815  -23.057 0.6999999881
150700  36.402  -25.576  -24.463 0.6999999881
134468  36.528  -25.282  -25.387 0.6999999881
58585  32.830  -25.088  -27.761 0.8000000119
57524  32.083  -25.076  -28.025 0.8000000119
134797  31.764  -24.304  -28.316 0.8000000119
135039  30.563  -23.297  -28.739 0.8000000119
57527  28.610  -24.833  -28.301 0.8999999762
59665  28.877  -23.951  -29.286 0.8999999762
52753  31.942  -29.306  -30.901 0.6000000238
141459  27.901  -24.298  -29.516 0.8999999762
55284  31.754  -28.245  -30.783 0.6999999881
144047  31.190  -27.248  -30.648 0.6999999881
59667  27.451  -24.053  -30.450 0.8999999762
57545  29.746  -26.213  -31.076 0.6999999881
57546  28.484  -26.057  -31.109 0.8000000119
57548  27.266  -25.074  -30.337 0.8000000119
57558  29.236  -25.430  -31.537 0.6999999881
57559  27.934  -25.246  -31.358 0.8000000119
57547  27.564  -25.581  -30.753 0.8000000119
58632  28.696  -24.664  -31.809 0.8000000119
57470  36.296  -25.515  -23.676 0.6999999881
55283  32.534  -28.331  -31.360 0.6000000238
59660  29.688  -23.666  -28.896 0.8000000119
159018  29.064  -23.478  -30.089 0.8999999762
59666  28.152  -23.763  -30.134 0.8999999762
55265  32.076  -27.487  -30.770 0.6000000238
60786  27.187  -23.153  -30.634 0.8999999762
147988  30.796  -26.376  -30.899 0.8000000119
59672  26.634  -23.522  -30.942 0.8999999762
57560  27.066  -24.812  -30.962 0.8000000119
58631  29.974  -24.582  -31.850 0.6999999881
150495  28.287  -23.891  -31.915 0.8000000119
58646  27.016  -23.574  -31.619 0.8000000119
56439  31.715  -26.582  -30.673 0.6999999881
59664  29.880  -23.172  -29.318 0.8000000119
57543  32.223  -25.867  -30.623 0.5000000000
152023  31.429  -25.844  -30.889 0.6000000238
57557  31.741  -25.061  -31.151 0.6000000238
57544  30.608  -25.452  -31.336 0.6999999881
60793  26.686  -22.744  -31.015 0.8000000119
58630  30.994  -24.618  -31.593 0.6000000238
59685  30.823  -23.928  -32.016 0.6000000238
59705  29.009  -23.500  -32.455 0.6999999881
59706  28.073  -23.135  -32.042 0.8000000119
59687  26.507  -23.137  -31.212 0.8000000119
135693  29.748  -23.168  -32.538 0.6000000238
60784  29.370  -22.827  -30.249 0.8000000119
61799  28.414  -22.042  -30.632 0.8000000119
60785  27.331  -22.304  -30.790 0.8999999762
58629  32.443  -24.413  -31.360 0.6000000238
60822  28.030  -22.345  -32.003 0.8000000119
60802  26.733  -22.566  -31.250 0.8000000119
60792  27.155  -22.168  -31.175 0.8000000119
60821  28.988  -22.774  -32.668 0.6000000238
61798  29.588  -22.037  -30.439 0.8000000119
61809  27.852  -21.328  -30.982 0.8000000119
148461  31.672  -24.168  -31.725 0.6000000238
59703  31.677  -23.445  -32.446 0.6000000238
61816  27.830  -21.391  -31.443 0.8000000119
59704  30.627  -23.258  -32.497 0.6000000238
61830  28.081  -21.474  -31.887 0.6999999881
62926  28.221  -20.557  -31.430 0.8000000119
148519  30.434  -21.337  -33.217 0.6000000238
61844  29.403  -21.090  -32.861 0.6000000238
62951  28.389  -20.288  -32.264 0.6999999881
60819  31.273  -22.709  -32.872 0.6000000238
61827  30.872  -22.081  -33.159 0.6000000238
62918  30.448  -20.773  -30.951 0.8000000119
61808  28.728  -21.150  -30.706 0.8000000119
59702  32.653  -23.352  -32.448 0.6000000238
62919  29.269  -20.581  -30.876 0.8000000119
59701  33.557  -23.270  -32.203 0.5000000000
159572  28.341  -20.057  -31.807 0.8000000119
62920  28.400  -20.462  -31.045 0.8000000119
60817  33.073  -22.724  -32.774 0.6000000238
60818  32.198  -22.788  -32.911 0.6000000238
64034  28.446  -19.811  -32.213 0.6000000238
60832  33.549  -22.060  -33.040 0.5000000000
60833  32.695  -22.125  -33.133 0.6000000238
60834  31.812  -22.173  -33.220 0.6000000238
149213  29.966  -20.471  -33.162 0.6000000238
155498  32.914  -21.133  -33.591 0.6000000238
61843  31.408  -21.472  -33.349 0.6000000238
155716  30.514  -19.968  -33.396 0.6000000238
64043  29.656  -19.481  -33.199 0.6000000238
144869  29.816  -20.132  -31.178 0.8000000119
142926  28.962  -19.930  -31.256 0.8000000119
146714  30.804  -19.996  -31.509 0.8000000119
64011  30.406  -18.927  -31.719 0.6999999881
64994  29.560  -18.718  -31.754 0.6999999881
61841  33.252  -21.459  -33.457 0.6000000238
157185  28.911  -19.397  -32.699 0.6000000238
64033  28.828  -18.937  -32.403 0.6000000238
64025  28.944  -18.823  -32.087 0.6999999881
148520  33.300  -20.803  -33.778 0.5000000000
65023  29.903  -18.521  -33.477 0.6000000238
62965  33.099  -20.095  -33.975 0.5000000000
64042  31.346  -19.971  -33.530 0.6000000238
65022  30.659  -19.237  -33.606 0.6000000238
64060  33.671  -19.432  -34.328 0.5000000000
65003  31.043  -18.251  -31.941 0.6999999881
65004  29.925  -18.063  -31.877 0.6000000238
65012  29.161  -18.148  -32.363 0.6000000238
65005  29.261  -18.192  -32.029 0.6000000238
65981  29.181  -17.383  -32.764 0.6000000238
65974  29.609  -17.323  -32.159 0.6000000238
64061  32.707  -19.133  -34.047 0.5000000000
149343  32.008  -18.524  -33.969 0.6000000238
65040  31.048  -18.322  -33.760 0.6000000238
65024  29.357  -17.911  -33.177 0.6000000238
65975  29.392  -17.362  -32.371 0.6000000238
65039  32.654  -18.174  -34.230 0.6000000238
146594  31.898  -17.779  -34.008 0.6000000238
66011  33.289  -17.629  -34.488 0.5000000000
66010  34.104  -17.870  -34.799 0.4000000060
140721  33.897  -16.980  -34.762 0.5000000000
65973  30.472  -17.371  -32.090 0.6000000238
66966  30.035  -16.617  -32.288 0.6000000238
141919  30.659  -16.685  -33.734 0.6000000238
65996  29.413  -17.170  -33.217 0.6000000238
146304  29.816  -15.953  -32.561 0.6000000238
66013  31.126  -17.423  -33.797 0.6000000238
157211  31.062  -16.007  -33.968 0.6000000238
66012  32.533  -17.442  -34.319 0.5000000000
140763  31.844  -16.766  -34.177 0.6000000238
67006  32.587  -16.144  -34.462 0.5000000000
67004  34.562  -16.363  -34.895 0.4000000060
67005  33.530  -16.070  -34.664 0.4000000060
67009  29.552  -15.642  -33.515 0.6000000238
68000  29.545  -15.812  -32.818 0.5000000000
141588  30.583  -15.819  -32.436 0.5000000000
66965  31.122  -16.634  -32.291 0.5000000000
142066  29.749  -16.558  -33.468 0.6000000238
154551  29.207  -14.826  -33.726 0.5000000000
67007  31.790  -15.721  -34.291 0.6000000238
68023  32.654  -15.326  -34.515 0.5000000000
68022  33.537  -15.304  -34.607 0.4000000060
145860  31.341  -15.081  -32.481 0.4000000060
68025  29.618  -15.070  -34.068 0.6000000238
69037  29.316  -14.578  -34.142 0.5000000000
139583  31.679  -14.993  -34.437 0.4000000060
68024  30.704  -15.186  -34.245 0.6000000238
69036  29.908  -14.435  -34.354 0.6000000238
69012  29.247  -14.389  -33.647 0.4000000060
69034  32.120  -14.476  -34.576 0.4000000060
140392  31.533  -13.705  -34.623 0.4000000060
70104  29.714  -13.811  -33.011 0.4000000060
69035  31.009  -14.363  -34.485 0.4000000060
70147  29.487  -14.021  -34.232 0.4000000060
146895  33.611  -14.129  -34.677 0.4000000060
136114  30.289  -13.550  -34.490 0.4000000060
144946  32.888  -14.346  -32.510 0.4000000060
68997  30.881  -14.340  -32.469 0.4000000060
70132  29.719  -12.970  -33.921 0.4000000060
70144  32.153  -13.153  -34.766 0.4000000060
70145  31.079  -12.899  -34.624 0.4000000060
71308  30.895  -12.240  -34.632 0.4000000060
70154  30.270  -12.570  -34.443 0.4000000060
144833  31.908  -14.349  -32.513 0.4000000060
71286  31.302  -12.356  -33.113 0.4000000060
70103  30.373  -13.674  -32.764 0.4000000060
71307  31.721  -12.386  -34.807 0.3000000119
71309  29.968  -12.085  -34.123 0.4000000060
71299  29.959  -11.985  -33.931 0.4000000060
71285  32.209  -12.198  -32.828 0.4000000060
71287  30.353  -12.101  -33.509 0.4000000060
42985  29.118  -38.077  -30.058 0.8000000119
44155  27.763  -37.736  -30.865 0.8999999762
44156  26.780  -37.747  -30.566 0.8999999762
42997  27.262  -38.708  -30.835 0.8999999762
42998  26.432  -38.926  -30.574 0.8999999762
46217  29.449  -35.291  -26.435 0.8999999762
147042  29.202  -34.827  -26.516 1.0000000000
44126  25.428  -37.641  -27.814 0.8999999762
146866  27.598  -36.555  -27.077 0.8999999762
46219  27.876  -35.796  -27.025 0.8999999762
47225  28.981  -34.348  -26.555 1.0000000000
137381  26.916  -36.997  -27.237 0.8999999762
45232  26.718  -36.172  -27.187 0.8999999762
46218  28.621  -35.056  -26.743 1.0000000000
44135  25.294  -37.474  -28.566 0.8999999762
155151  26.151  -34.943  -27.297 0.8999999762
152826  30.036  -15.513  -32.557 0.4000000060
68999  29.559  -14.232  -32.844 0.4000000060
148957  30.391  -15.050  -32.526 0.4000000060
142200  32.392  -15.091  -32.550 0.4000000060
41729  27.761  -39.716  -20.899 0.8999999762
40675  29.136  -40.863  -22.899 1.0000000000
41745  25.383  -38.969  -21.843 0.8999999762
41727  29.356  -39.339  -21.993 1.0000000000
39554  26.142  -42.380  -24.890 0.8000000119
40730  25.632  -40.656  -26.921 0.8000000119
40748  25.286  -41.143  -28.395 0.8000000119
44086  31.070  -37.214  -24.902 1.0000000000
41819  25.902  -39.854  -27.174 0.8999999762
41844  25.337  -40.437  -28.745 0.8000000119
42979  25.352  -38.360  -28.642 0.8999999762
157095  25.745  -38.962  -29.848 0.8000000119
146493  29.265  -36.707  -26.355 0.8999999762
45244  25.757  -36.692  -27.520 0.8999999762
46161  29.006  -35.276  -23.086 0.8999999762
46144  25.563  -35.303  -21.289 0.6000000238
45151  25.264  -36.452  -20.871 0.4000000060
46216  30.343  -35.296  -26.051 1.0000000000
42977  29.363  -38.336  -29.166 0.6999999881
45270  28.914  -36.139  -30.849 0.8000000119
48259  30.256  -33.865  -21.772 0.8999999762
44144  25.750  -37.189  -29.653 0.8999999762
44123  31.508  -37.153  -27.772 0.6000000238
45122  25.550  -36.739  -19.621 0.4000000060
45252  25.170  -36.846  -27.934 0.8999999762
47259  26.850  -35.103  -30.346 0.8999999762
47245  27.111  -34.218  -30.230 0.8999999762
46236  31.821  -34.866  -28.153 0.6999999881
135423  31.183  -34.893  -28.815 0.6999999881
48238  31.267  -33.621  -21.023 0.8999999762
50471  30.276  -31.562  -25.375 1.0000000000
46220  26.842  -35.340  -27.131 0.8999999762
48309  26.260  -33.738  -26.931 0.8999999762
46221  25.351  -34.973  -27.327 0.8999999762
45233  25.752  -35.650  -27.424 0.8999999762
47246  26.363  -34.740  -29.342 0.8999999762
47117  27.920  -34.651  -19.304 0.5000000000
158988  25.096  -33.913  -27.989 0.8999999762
50457  32.705  -31.757  -23.098 0.8999999762
49449  30.873  -32.546  -28.308 0.6999999881
50504  27.024  -31.752  -28.558 0.8999999762
50502  29.202  -31.196  -28.087 0.8000000119
49355  29.102  -32.687  -18.431 0.6000000238
50438  32.894  -31.556  -21.131 0.6999999881
51529  33.032  -30.743  -22.115 0.6999999881
52672  30.538  -29.256  -24.636 1.0000000000
51549  25.728  -30.233  -26.439 1.0000000000
50400  30.128  -31.784  -18.381 0.6000000238
49329  28.546  -32.140  -18.144 0.5000000000
51528  33.401  -30.312  -21.749 0.6999999881
50373  29.592  -31.366  -18.302 0.5000000000
132676  26.001  -29.413  -27.339 0.8999999762
52599  32.014  -29.634  -18.575 0.5000000000
52619  33.754  -29.604  -20.661 0.6999999881
55206  32.609  -27.249  -26.261 0.8000000119
147623  33.792  -29.020  -20.266 0.6999999881
55174  34.650  -27.683  -24.470 0.6999999881
134558  34.152  -26.552  -26.203 0.8000000119
56374  30.214  -26.977  -27.071 0.8999999762
56396  28.506  -25.996  -27.492 0.8999999762
55266  29.889  -27.522  -30.466 0.8000000119
148564  35.572  -27.332  -23.668 0.6999999881
143121  35.951  -26.499  -24.616 0.6999999881
58584  33.537  -24.575  -27.715 0.8000000119
58608  27.408  -24.677  -29.967 0.8999999762
56334  36.120  -26.214  -23.782 0.6999999881
57471  36.065  -25.825  -23.061 0.6000000238
59686  29.897  -23.747  -32.273 0.6999999881
153062  28.263  -22.990  -30.443 0.8999999762
61829  28.834  -21.837  -32.618 0.6999999881
60820  30.155  -22.572  -32.747 0.6000000238
61828  29.875  -21.880  -32.937 0.6000000238
62935  28.190  -20.554  -31.902 0.8000000119
62950  28.968  -20.171  -32.646 0.6000000238
64013  28.995  -19.212  -31.729 0.6999999881
62948  31.864  -20.739  -33.491 0.6000000238
66014  30.070  -17.528  -33.581 0.6000000238
64041  32.256  -19.983  -33.702 0.6000000238
66978  29.386  -16.565  -32.758 0.6000000238
68998  30.012  -14.382  -32.691 0.4000000060
70101  32.405  -13.642  -32.500 0.4000000060
71318  30.448  -11.853  -34.456 0.4000000060
149031  25.753  -38.069  -29.730 0.8999999762
28887  21.714  -51.566  -20.762 0.4000000060
30054  20.823  -51.100  -19.759 0.4000000060
132443  19.962  -50.379  -19.463 0.4000000060
30072  22.399  -50.459  -20.635 0.4000000060
31216  20.757  -50.066  -19.704 0.4000000060
31217  19.963  -49.376  -19.679 0.4000000060
31213  23.287  -49.419  -20.344 0.3000000119
31215  21.657  -49.705  -19.806 0.4000000060
151026  24.454  -48.236  -20.914 0.4000000060
33288  24.925  -47.568  -21.480 0.4000000060
34306  25.119  -47.217  -22.143 0.4000000060
34321  25.086  -47.324  -22.705 0.4000000060
32286  21.356  -48.784  -19.744 0.5000000000
32287  20.520  -48.637  -19.907 0.4000000060
32285  22.998  -48.765  -19.717 0.4000000060
157375  22.469  -48.324  -19.563 0.4000000060
158112  24.596  -48.098  -20.309 0.5000000000
33287  25.357  -47.303  -20.769 0.4000000060
34305  25.536  -46.885  -21.493 0.4000000060
34320  25.518  -46.856  -22.364 0.5000000000
35353  26.494  -45.895  -23.369 0.5000000000
147930  26.690  -46.610  -23.411 0.5000000000
34356  27.268  -46.441  -23.881 0.6000000238
35371  27.337  -45.691  -24.454 0.4000000060
134036  21.945  -47.028  -19.547 0.5000000000
34270  21.218  -47.059  -19.989 0.5000000000
33276  20.344  -47.214  -20.209 0.5000000000
34289  19.547  -46.931  -20.526 0.5000000000
133954  23.590  -47.455  -19.332 0.6000000238
134310  22.741  -47.198  -19.337 0.6000000238
147395  24.905  -46.931  -19.569 0.5000000000
139982  24.801  -46.243  -19.275 0.6000000238
33254  25.291  -47.260  -20.053 0.5000000000
34287  25.720  -46.762  -20.474 0.5000000000
34304  26.088  -46.382  -20.962 0.4000000060
35321  26.082  -46.237  -21.916 0.6000000238
142103  26.490  -45.036  -23.233 0.6000000238
36437  26.559  -44.908  -24.159 0.6000000238
36462  25.897  -44.165  -25.565 0.6000000238
36477  25.834  -44.012  -26.148 0.6000000238
36489  26.144  -44.078  -26.365 0.6000000238
34357  26.873  -45.474  -24.237 0.6000000238
35384  26.772  -44.962  -25.020 0.6000000238
37532  27.001  -44.285  -26.132 0.6000000238
37549  27.404  -43.551  -26.367 0.6000000238
35292  22.069  -45.792  -19.725 0.5000000000
35306  21.366  -45.517  -20.280 0.5000000000
157209  20.135  -46.682  -20.405 0.5000000000
35308  19.925  -46.181  -20.652 0.5000000000
140673  23.918  -46.019  -19.211 0.6000000238
34268  22.396  -46.418  -19.451 0.6000000238
34264  26.105  -45.828  -19.661 0.6000000238
146116  25.321  -45.022  -19.284 0.6000000238
34286  26.265  -46.187  -20.172 0.5000000000
35287  26.116  -45.074  -19.461 0.6000000238
35320  26.645  -45.752  -20.915 0.6000000238
36420  26.803  -45.021  -22.336 0.6000000238
37514  25.688  -43.752  -25.410 0.6000000238
37550  26.352  -43.914  -26.757 0.6000000238
38522  26.764  -43.182  -27.032 0.6999999881
36388  21.623  -44.618  -20.635 0.6000000238
36389  20.868  -44.824  -20.854 0.5000000000
35322  20.277  -44.949  -21.256 0.5000000000
35290  23.674  -45.317  -19.434 0.6000000238
36363  23.081  -44.840  -19.817 0.6000000238
35305  22.240  -45.101  -20.029 0.6000000238
36421  21.039  -43.790  -21.782 0.5000000000
36422  20.427  -44.017  -22.608 0.5000000000
37412  24.189  -43.973  -19.915 0.6000000238
36403  27.388  -44.475  -20.957 0.6000000238
38535  26.161  -42.764  -27.616 0.6999999881
37436  22.982  -43.651  -20.632 0.6000000238
37453  22.346  -43.409  -21.102 0.6000000238
36404  21.668  -43.867  -21.116 0.6000000238
36386  23.382  -44.138  -20.145 0.6000000238
38451  22.357  -42.579  -21.706 0.6000000238
37472  21.570  -42.698  -22.615 0.6000000238
135573  21.095  -42.897  -23.390 0.6000000238
38431  23.842  -42.636  -20.584 0.6000000238
37493  20.849  -42.965  -24.383 0.5000000000
37410  25.738  -43.608  -19.516 0.6000000238
39541  21.436  -41.505  -24.331 0.6000000238
39607  26.529  -42.035  -28.229 0.6999999881
38432  23.038  -42.961  -20.914 0.6000000238
38476  22.053  -41.985  -22.588 0.6000000238
39492  24.070  -41.699  -20.718 0.6000000238
38450  23.255  -42.158  -21.222 0.6000000238
39509  22.753  -41.721  -21.926 0.6000000238
38477  21.363  -42.223  -23.607 0.6000000238
37434  24.421  -43.206  -20.125 0.6000000238
152766  21.815  -40.871  -24.116 0.6000000238
38414  25.228  -43.041  -19.882 0.6000000238
38429  27.567  -42.587  -20.567 0.6000000238
40756  26.465  -41.482  -30.117 0.6999999881
41842  26.815  -41.035  -30.697 0.6999999881
138176  24.954  -41.567  -20.258 0.6000000238
39525  23.046  -40.975  -22.179 0.6999999881
40663  22.571  -40.721  -22.846 0.6999999881
38413  25.610  -42.237  -19.843 0.6000000238
41851  26.731  -40.395  -30.917 0.6999999881
39508  23.452  -41.311  -21.444 0.6999999881
40632  25.184  -40.804  -20.444 0.6999999881
40644  24.560  -40.340  -21.023 0.6999999881
41747  23.890  -39.725  -22.361 0.6999999881
41764  23.329  -39.515  -23.226 0.6999999881
39540  21.940  -41.298  -23.327 0.6000000238
41765  22.611  -39.796  -23.842 0.6999999881
41778  23.138  -39.162  -24.240 0.6000000238
41779  22.438  -39.502  -24.763 0.5000000000
42986  28.344  -38.555  -30.476 0.8000000119
41732  25.015  -39.574  -21.355 0.6999999881
41733  24.343  -39.860  -21.695 0.6999999881
41763  24.266  -39.108  -22.997 0.6999999881
42897  23.870  -38.799  -23.849 0.6999999881
41803  22.292  -39.248  -25.820 0.5000000000
42912  24.237  -38.179  -24.430 0.6999999881
42913  23.531  -38.371  -24.703 0.6000000238
44066  23.097  -37.852  -25.483 0.6000000238
150580  31.421  -23.585  -28.517 0.6999999881
139698  35.104  -25.493  -26.748 0.6999999881
58598  33.124  -23.844  -28.084 0.6999999881
56369  35.883  -25.684  -26.034 0.6000000238
57496  35.806  -24.956  -26.616 0.6000000238
59659  32.327  -23.537  -28.375 0.6999999881
60782  30.758  -22.613  -29.070 0.6999999881
60783  30.272  -22.526  -29.896 0.6999999881
156762  36.401  -25.028  -26.112 0.6000000238
58577  35.097  -24.717  -27.132 0.6000000238
156176  34.411  -24.367  -27.509 0.6999999881
59658  33.088  -23.196  -28.246 0.6999999881
58561  36.884  -24.562  -25.720 0.6000000238
148035  31.419  -22.380  -29.131 0.6999999881
135432  30.988  -22.233  -29.695 0.6999999881
61807  29.975  -21.381  -30.621 0.6999999881
58575  36.462  -24.311  -26.525 0.6000000238
58576  35.730  -24.334  -27.009 0.6000000238
60762  34.810  -23.041  -27.806 0.6000000238
60775  34.307  -22.516  -28.241 0.6999999881
60776  32.592  -22.707  -28.594 0.6999999881
61796  31.751  -22.119  -29.722 0.6999999881
61805  32.148  -21.534  -30.319 0.6999999881
62917  31.558  -20.836  -30.961 0.6999999881
59643  35.532  -23.039  -27.476 0.5000000000
61793  34.219  -21.475  -29.176 0.5000000000
61804  33.130  -21.501  -30.262 0.6999999881
64009  33.078  -20.170  -31.432 0.6999999881
64010  32.057  -20.146  -31.517 0.6999999881
71298  35.443  -13.051  -34.166 0.3000000119
141806  34.774  -12.846  -34.544 0.3000000119
70143  33.222  -13.375  -34.799 0.3000000119
132786  20.609  -52.118  -19.750 0.4000000060
27840  19.747  -52.191  -19.331 0.3000000119
28857  19.157  -51.446  -19.012 0.4000000060
28886  22.075  -51.031  -21.099 0.3000000119
30055  19.192  -50.666  -19.218 0.4000000060
31261  23.027  -49.819  -21.652 0.4000000060
31218  19.112  -49.884  -19.518 0.4000000060
32337  23.667  -48.258  -22.190 0.4000000060
33303  24.516  -47.607  -22.492 0.4000000060
34340  25.987  -46.976  -23.068 0.5000000000
34339  26.978  -47.389  -23.528 0.4000000060
32306  19.132  -48.288  -20.293 0.4000000060
36474  27.703  -44.596  -25.354 0.5000000000
34290  18.832  -46.872  -20.835 0.5000000000
38521  27.876  -42.690  -26.613 0.6000000238
35323  19.635  -45.447  -21.349 0.5000000000
36406  19.922  -44.665  -22.010 0.5000000000
35337  19.178  -45.113  -22.459 0.5000000000
39591  27.204  -42.352  -27.366 0.6000000238
37474  20.591  -43.635  -23.411 0.5000000000
37515  20.462  -43.524  -25.282 0.4000000060
40747  27.032  -41.482  -28.914 0.6999999881
40692  21.558  -40.840  -25.090 0.5000000000
41841  27.559  -40.196  -30.416 0.6999999881
41780  21.929  -40.015  -25.449 0.5000000000
42978  28.547  -39.099  -30.056 0.8000000119
42940  21.892  -38.968  -26.435 0.5000000000
44090  22.564  -37.441  -26.149 0.6000000238
53855  34.157  -28.380  -20.558 0.6000000238
59635  36.744  -23.328  -26.603 0.5000000000
60761  35.940  -22.396  -27.468 0.5000000000
61784  35.367  -21.505  -28.376 0.5000000000
62908  34.744  -21.094  -29.749 0.5000000000
62915  33.709  -20.788  -30.825 0.5000000000
149372  33.876  -20.054  -31.327 0.5000000000
154707  32.591  -19.394  -31.728 0.5000000000
72411  36.413  -11.524  -34.787 0.3000000119
71305  35.707  -12.255  -34.473 0.3000000119
143490  33.873  -12.739  -34.891 0.3000000119
38412  26.378  -42.642  -19.670 0.6000000238
36359  26.307  -44.158  -19.498 0.6000000238
35304  26.668  -45.500  -19.943 0.6000000238
42896  24.776  -38.423  -23.704 0.8000000119
38536  25.702  -42.872  -27.443 0.6999999881
40757  25.845  -41.594  -29.925 0.6999999881
57505  34.321  -25.135  -27.243 0.6999999881
64024  31.533  -19.239  -31.821 0.6000000238
70142  34.151  -13.537  -34.673 0.3000000119
41850  27.564  -39.340  -30.722 0.8000000119
41840  29.081  -39.079  -28.952 0.6999999881
59644  33.986  -23.505  -27.956 0.6999999881
28874  21.473  -51.093  -20.243 0.4000000060
31214  22.544  -49.487  -19.924 0.4000000060
30071  23.056  -50.039  -20.917 0.3000000119
32284  23.636  -48.771  -20.052 0.5000000000
32288  19.738  -48.516  -20.052 0.5000000000
33322  25.359  -47.650  -23.161 0.3000000119
34355  27.989  -46.415  -24.076 0.4000000060
32307  18.461  -48.447  -20.398 0.5000000000
42914  22.798  -38.728  -25.101 0.6000000238
60781  32.138  -22.291  -29.003 0.6999999881
61806  31.078  -21.561  -30.377 0.6999999881
148041  35.086  -23.823  -27.428 0.6999999881
143724  33.451  -22.608  -28.405 0.6999999881
59642  36.187  -22.997  -27.156 0.6000000238
60774  35.178  -22.297  -27.961 0.5000000000
61786  33.800  -21.948  -28.711 0.6000000238
61794  33.442  -21.734  -29.398 0.6999999881
60756  36.583  -22.488  -26.952 0.5000000000
61767  35.778  -21.832  -27.845 0.5000000000
61785  34.606  -21.753  -28.544 0.5000000000
61803  33.998  -21.382  -30.060 0.5000000000
64023  33.488  -19.412  -31.618 0.5000000000
60755  37.148  -22.541  -26.338 0.5000000000
62907  35.362  -20.778  -29.422 0.5000000000
62913  35.322  -20.482  -30.269 0.5000000000
65001  33.820  -18.627  -31.718 0.5000000000
41831  28.524  -40.303  -28.538 0.6000000238
42968  30.850  -38.482  -27.935 0.5000000000
41829  30.474  -39.405  -27.774 0.6000000238
42969  29.939  -38.832  -28.467 0.6000000238
44108  32.490  -37.656  -26.357 0.5000000000
42967  31.510  -38.416  -27.242 0.5000000000
42976  30.254  -37.980  -28.691 0.6000000238
47216  21.511  -34.342  -25.168 0.5000000000
44134  29.908  -37.577  -29.485 0.6000000238
44107  33.128  -37.067  -25.922 0.5000000000
44122  32.109  -37.069  -27.114 0.5000000000
145388  34.090  -37.204  -25.550 0.5000000000
47190  21.519  -33.978  -24.178 0.4000000060
46180  20.922  -34.483  -24.205 0.4000000060
46166  21.468  -35.159  -23.306 0.4000000060
142124  32.565  -36.904  -26.559 0.5000000000
45206  34.612  -36.475  -25.514 0.5000000000
45228  32.858  -36.341  -26.386 0.5000000000
45172  22.191  -35.936  -22.628 0.4000000060
142442  34.510  -34.928  -25.667 0.5000000000
46198  34.100  -35.672  -25.751 0.5000000000
158632  22.773  -36.562  -22.045 0.4000000060
46097  27.290  -35.169  -18.945 0.4000000060
46113  26.759  -35.980  -19.258 0.4000000060
46098  26.056  -36.086  -18.789 0.4000000060
45105  25.497  -36.546  -19.113 0.3000000119
52578  30.364  -29.861  -18.442 0.4000000060
51458  29.386  -30.807  -18.394 0.4000000060
48186  28.233  -33.057  -18.387 0.4000000060
132501  27.532  -34.080  -18.691 0.4000000060
52600  29.624  -29.322  -18.996 0.4000000060
49330  27.629  -32.207  -18.103 0.4000000060
47102  26.899  -34.698  -18.591 0.4000000060
50401  27.104  -31.349  -18.373 0.4000000060
135078  27.220  -33.073  -18.178 0.4000000060
134583  26.116  -34.529  -18.426 0.4000000060
47103  25.749  -35.378  -18.529 0.4000000060
50374  28.828  -31.280  -18.317 0.4000000060
51459  28.756  -30.398  -18.651 0.4000000060
135273  30.442  -29.056  -18.922 0.4000000060
51460  28.176  -30.714  -18.594 0.4000000060
50375  27.947  -31.386  -18.293 0.4000000060
51483  27.456  -30.680  -18.723 0.4000000060
143233  26.779  -30.758  -18.839 0.4000000060
49331  26.218  -32.891  -18.346 0.4000000060
52602  26.986  -30.197  -19.505 0.4000000060
50403  25.607  -31.943  -18.649 0.4000000060
147137  25.922  -33.584  -18.435 0.4000000060
52598  32.865  -29.254  -19.034 0.4000000060
53838  29.750  -28.537  -19.447 0.4000000060
52601  28.814  -29.627  -19.108 0.4000000060
52597  33.373  -28.805  -19.580 0.5000000000
53835  32.833  -28.512  -19.222 0.4000000060
53836  32.217  -28.681  -18.793 0.4000000060
53837  30.585  -28.282  -19.374 0.4000000060
53839  28.954  -28.834  -19.550 0.4000000060
148392  28.177  -29.161  -19.709 0.4000000060
51482  27.970  -30.043  -19.241 0.4000000060
52620  27.445  -29.520  -20.074 0.4000000060
51484  26.248  -30.627  -19.389 0.4000000060
53856  33.718  -28.357  -19.973 0.5000000000
55104  32.348  -27.933  -19.388 0.5000000000
55105  30.744  -27.526  -19.863 0.4000000060
53834  33.195  -27.926  -19.620 0.5000000000
55127  31.685  -27.238  -19.935 0.4000000060
55106  29.907  -27.763  -19.854 0.4000000060
55107  29.103  -28.033  -19.895 0.4000000060
138655  33.225  -27.121  -20.051 0.4000000060
55128  30.095  -27.040  -20.310 0.4000000060
57431  33.020  -25.884  -21.133 0.4000000060
57444  32.461  -25.460  -21.502 0.4000000060
57445  31.634  -25.707  -21.404 0.4000000060
138400  30.898  -25.901  -21.335 0.4000000060
58514  30.948  -25.274  -21.812 0.4000000060
57443  34.487  -25.788  -21.585 0.5000000000
134654  33.416  -25.359  -21.623 0.4000000060
58513  31.761  -25.037  -21.958 0.4000000060
57461  30.268  -24.924  -22.229 0.3000000119
56328  35.445  -26.775  -22.262 0.5000000000
56294  33.124  -26.463  -20.631 0.5000000000
56295  32.427  -26.733  -20.276 0.4000000060
57433  31.446  -26.411  -20.740 0.4000000060
149520  30.852  -26.894  -20.348 0.4000000060
56314  29.633  -26.090  -21.218 0.4000000060
57432  32.344  -26.112  -20.961 0.4000000060
56296  30.355  -26.353  -20.897 0.4000000060
152740  35.032  -25.333  -22.025 0.5000000000
58510  34.175  -25.021  -22.150 0.5000000000
58512  32.602  -24.814  -22.056 0.4000000060
142541  31.058  -24.512  -22.368 0.3000000119
57460  35.580  -25.160  -22.605 0.5000000000
58511  33.357  -24.678  -22.229 0.4000000060
58532  32.746  -24.042  -22.569 0.4000000060
58533  31.888  -24.330  -22.398 0.4000000060
156557  31.397  -24.019  -22.620 0.3000000119
133835  30.335  -24.288  -22.655 0.3000000119
58534  29.646  -24.555  -22.646 0.3000000119
58529  35.601  -24.358  -22.903 0.5000000000
57459  36.127  -24.985  -23.202 0.4000000060
58547  36.524  -24.846  -23.863 0.5000000000
58531  33.869  -24.130  -22.652 0.3000000119
139518  31.798  -23.550  -22.804 0.3000000119
59587  30.867  -23.743  -22.930 0.3000000119
138530  29.866  -23.786  -23.147 0.3000000119
58530  34.909  -24.587  -22.445 0.3000000119
58548  36.238  -24.181  -23.389 0.4000000060
59617  37.038  -23.585  -24.388 0.4000000060
58555  37.207  -23.847  -25.324 0.4000000060
153436  37.092  -23.916  -26.065 0.4000000060
59584  33.873  -23.188  -23.161 0.3000000119
142021  33.183  -23.532  -22.940 0.3000000119
59586  32.524  -23.336  -22.923 0.3000000119
59604  31.225  -23.056  -23.429 0.3000000119
59606  29.055  -23.421  -23.474 0.3000000119
59588  28.301  -23.750  -23.257 0.3000000119
59583  34.830  -23.784  -22.889 0.3000000119
59605  30.425  -23.153  -23.519 0.3000000119
151337  29.711  -23.128  -23.599 0.3000000119
60718  28.230  -22.901  -23.729 0.3000000119
59601  35.698  -23.523  -23.178 0.3000000119
59600  36.492  -23.308  -23.634 0.3000000119
159910  36.929  -22.609  -24.117 0.3000000119
60740  37.372  -22.363  -25.605 0.4000000060
61761  36.935  -21.946  -26.713 0.4000000060
61766  36.434  -21.710  -27.349 0.4000000060
61783  36.061  -21.219  -28.078 0.4000000060
62914  34.498  -20.849  -30.403 0.4000000060
59607  27.524  -23.387  -23.310 0.3000000119
59602  34.940  -22.931  -23.152 0.3000000119
139061  35.860  -22.601  -23.404 0.3000000119
61725  36.806  -21.710  -24.235 0.3000000119
61760  37.309  -21.806  -26.179 0.4000000060
62880  37.454  -20.521  -26.277 0.3000000119
61765  37.112  -21.209  -26.777 0.4000000060
143084  36.675  -20.845  -27.600 0.4000000060
62906  36.062  -20.234  -29.468 0.4000000060
142183  36.018  -19.830  -30.321 0.4000000060
64008  34.589  -20.276  -30.958 0.4000000060
64022  34.436  -19.381  -31.417 0.4000000060
156390  36.473  -22.638  -23.673 0.3000000119
62885  37.263  -20.388  -27.112 0.3000000119
62886  37.021  -20.078  -27.926 0.3000000119
64001  36.583  -19.268  -29.797 0.4000000060
64007  35.410  -19.644  -30.948 0.4000000060
65970  34.998  -17.768  -31.550 0.4000000060
65971  34.154  -17.836  -31.759 0.4000000060
145909  33.108  -17.923  -31.913 0.4000000060
65002  32.205  -18.519  -32.004 0.5000000000
148439  37.489  -19.879  -26.568 0.3000000119
63998  37.300  -19.286  -28.101 0.3000000119
63999  36.634  -19.674  -28.742 0.3000000119
64992  36.565  -18.429  -30.361 0.4000000060
65964  36.352  -17.668  -30.767 0.4000000060
64999  35.391  -18.369  -31.322 0.4000000060
65965  35.750  -17.701  -31.275 0.3000000119
145330  34.639  -17.121  -31.777 0.4000000060
66963  33.339  -16.506  -32.276 0.3000000119
140835  32.881  -17.150  -32.154 0.3000000119
65972  31.873  -17.503  -32.189 0.4000000060
140833  32.861  -15.816  -32.471 0.3000000119
66964  32.320  -16.588  -32.331 0.3000000119
141520  37.547  -18.760  -27.399 0.3000000119
64984  37.329  -17.995  -28.629 0.3000000119
64985  36.910  -18.254  -29.485 0.3000000119
65958  36.917  -17.619  -30.114 0.3000000119
66953  36.658  -17.009  -30.526 0.3000000119
66954  36.089  -16.861  -31.172 0.3000000119
146990  36.038  -16.033  -31.268 0.3000000119
67983  34.707  -15.651  -31.927 0.3000000119
66962  34.278  -16.440  -32.060 0.3000000119
67984  33.825  -15.755  -32.298 0.3000000119
144955  34.248  -14.990  -32.152 0.3000000119
64976  37.658  -17.853  -27.674 0.3000000119
65957  37.191  -17.395  -29.276 0.3000000119
66944  37.221  -16.833  -29.979 0.3000000119
146985  36.770  -16.101  -30.561 0.3000000119
67976  36.290  -15.353  -31.067 0.3000000119
67982  35.533  -15.499  -31.527 0.3000000119
68996  35.025  -14.900  -31.769 0.3000000119
141336  33.861  -14.235  -32.300 0.3000000119
141622  33.360  -15.044  -32.445 0.3000000119
158522  34.615  -14.406  -31.994 0.3000000119
155795  33.236  -13.703  -32.434 0.3000000119
71276  32.997  -12.914  -32.441 0.3000000119
55125  33.811  -27.688  -20.174 0.5000000000
55124  34.353  -27.605  -20.829 0.5000000000
40755  27.582  -40.903  -29.651 0.6000000238
40745  29.128  -40.505  -27.791 0.5000000000
41830  29.392  -39.698  -28.268 0.5000000000
41828  31.195  -39.109  -27.231 0.5000000000
41816  31.011  -39.928  -27.065 0.5000000000
145402  34.521  -37.980  -25.410 0.5000000000
41799  32.806  -39.431  -25.742 0.5000000000
139836  31.699  -38.890  -26.779 0.5000000000
44065  23.982  -37.362  -25.118 0.6000000238
44089  23.178  -36.898  -25.788 0.6000000238
45211  22.717  -35.885  -25.655 0.6000000238
45212  21.739  -35.824  -25.919 0.5000000000
46201  21.098  -34.974  -25.736 0.5000000000
46189  20.808  -34.607  -25.115 0.5000000000
46190  20.387  -35.266  -24.751 0.5000000000
45183  20.727  -35.607  -23.801 0.4000000060
45173  21.419  -36.319  -22.950 0.4000000060
44041  22.217  -37.012  -22.270 0.4000000060
45154  23.089  -37.546  -21.482 0.4000000060
43989  24.598  -37.568  -19.823 0.3000000119
45106  24.792  -36.585  -18.995 0.3000000119
142134  24.858  -35.130  -18.665 0.4000000060
50376  24.884  -32.248  -18.892 0.4000000060
48188  25.270  -33.831  -18.545 0.4000000060
51485  25.582  -31.116  -19.350 0.4000000060
146254  28.348  -28.352  -20.028 0.4000000060
52621  26.782  -29.741  -20.335 0.4000000060
52622  26.069  -29.648  -20.833 0.4000000060
53858  27.665  -28.725  -20.336 0.4000000060
55129  29.293  -27.286  -20.288 0.4000000060
158766  27.275  -28.292  -20.756 0.4000000060
57446  30.126  -25.660  -21.656 0.4000000060
57462  29.515  -25.217  -22.183 0.4000000060
56297  29.484  -26.587  -20.710 0.4000000060
140897  29.012  -24.184  -23.041 0.3000000119
58535  28.246  -24.457  -22.812 0.3000000119
44084  34.975  -37.256  -25.383 0.5000000000
44007  24.103  -37.952  -20.144 0.4000000060
51486  25.053  -31.043  -19.973 0.4000000060
51506  25.616  -30.474  -20.195 0.4000000060
55130  28.527  -27.588  -20.360 0.4000000060
53857  27.831  -27.947  -20.538 0.4000000060
44024  24.010  -37.540  -20.907 0.4000000060
44124  30.948  -37.593  -28.242 0.5000000000
156705  31.109  -29.584  -18.532 0.4000000060
55143  35.134  -27.161  -21.826 0.5000000000
58556  36.886  -24.594  -24.708 0.5000000000
137794  31.358  -28.865  -18.741 0.4000000060
140298  35.535  -26.001  -22.299 0.5000000000
65000  34.642  -18.480  -31.530 0.4000000060
42951  32.057  -38.377  -26.618 0.5000000000
42935  33.363  -38.876  -25.582 0.5000000000
49356  26.659  -32.087  -18.223 0.4000000060
50402  26.296  -31.245  -18.717 0.4000000060
49332  25.238  -32.892  -18.560 0.4000000060
149245  31.468  -28.052  -19.335 0.4000000060
139954  26.908  -29.024  -20.771 0.4000000060
51505  26.334  -30.143  -20.060 0.4000000060
55126  32.605  -27.347  -19.775 0.4000000060
56293  33.834  -26.949  -20.607 0.5000000000
56311  35.105  -26.379  -21.767 0.5000000000
56312  34.531  -26.784  -21.256 0.5000000000
56313  33.752  -26.176  -21.095 0.5000000000
138781  37.320  -22.955  -24.984 0.4000000060
62901  36.343  -20.472  -28.435 0.4000000060
61708  36.319  -21.377  -23.820 0.3000000119
64006  36.163  -19.142  -30.673 0.4000000060
147203  37.431  -19.599  -27.287 0.3000000119
66961  35.267  -16.383  -31.637 0.3000000119
141589  33.739  -17.172  -32.018 0.4000000060
151638  37.462  -18.563  -28.146 0.3000000119
64977  36.968  -18.815  -28.802 0.3000000119
65951  37.522  -17.143  -28.374 0.3000000119
146879  37.354  -16.106  -29.759 0.3000000119
70100  33.932  -13.385  -32.334 0.3000000119
39556  21.213  -41.586  -25.218 0.4000000060
39578  21.109  -41.185  -26.019 0.4000000060
39593  20.859  -41.104  -26.554 0.4000000060
41820  21.276  -39.578  -26.906 0.3000000119
41804  21.768  -39.846  -26.362 0.4000000060
42957  21.297  -38.510  -26.762 0.3000000119
38506  28.509  -43.071  -25.918 0.5000000000
42956  21.934  -37.985  -26.425 0.5000000000
42958  20.405  -37.884  -26.771 0.3000000119
39590  28.349  -41.953  -27.008 0.5000000000
38520  28.955  -42.333  -26.281 0.5000000000
38505  29.522  -42.751  -25.580 0.5000000000
146392  22.443  -36.614  -26.065 0.5000000000
44091  21.671  -36.858  -26.241 0.4000000060
39606  27.643  -41.569  -27.759 0.5000000000
39575  29.953  -42.120  -26.021 0.3000000119
39605  28.762  -41.216  -27.394 0.5000000000
39589  29.388  -41.655  -26.698 0.4000000060
40728  29.806  -40.981  -27.124 0.4000000060
38503  31.195  -42.303  -25.033 0.3000000119
39588  30.370  -41.463  -26.417 0.3000000119
39573  31.596  -41.715  -25.305 0.3000000119
40711  31.223  -41.200  -25.949 0.3000000119
140440  32.792  -41.053  -25.404 0.3000000119
140600  32.048  -41.051  -25.549 0.3000000119
40710  31.621  -40.343  -26.204 0.4000000060
40744  30.142  -40.221  -27.485 0.4000000060
45174  20.614  -36.643  -23.349 0.3000000119
41798  33.718  -39.614  -25.510 0.4000000060
158469  33.150  -39.978  -25.583 0.4000000060
44042  21.337  -37.467  -22.569 0.3000000119
140125  23.585  -38.134  -20.659 0.3000000119
47104  24.487  -34.167  -18.774 0.3000000119
49333  24.459  -32.743  -18.972 0.3000000119
147927  24.429  -32.209  -19.308 0.3000000119
50404  24.837  -31.636  -19.418 0.3000000119
53859  26.143  -28.736  -21.330 0.3000000119
52635  25.329  -29.163  -21.556 0.3000000119
52636  24.703  -29.642  -21.620 0.3000000119
56298  28.708  -26.825  -20.695 0.3000000119
56299  27.961  -27.179  -20.824 0.3000000119
150228  27.272  -27.599  -20.995 0.3000000119
55131  26.703  -28.134  -21.122 0.3000000119
53874  26.095  -27.935  -21.501 0.3000000119
56315  28.936  -26.196  -21.149 0.3000000119
56316  28.151  -26.451  -21.236 0.3000000119
56317  27.360  -26.811  -21.340 0.3000000119
55144  26.510  -27.237  -21.439 0.3000000119
57449  27.540  -26.002  -21.836 0.3000000119
134055  26.755  -26.383  -21.768 0.3000000119
57447  29.262  -25.723  -21.689 0.3000000119
57448  28.474  -25.827  -21.722 0.3000000119
159651  26.915  -25.901  -22.044 0.3000000119
37531  28.088  -43.878  -25.649 0.5000000000
41800  32.140  -39.716  -26.053 0.4000000060
140558  22.324  -38.039  -21.816 0.3000000119
44114  20.106  -36.891  -26.499 0.3000000119
46202  20.558  -35.431  -25.504 0.3000000119
45184  20.167  -36.214  -24.264 0.3000000119
154133  17.692  -49.659  -19.765 0.4000000060
31235  17.350  -49.310  -20.235 0.4000000060
32308  17.699  -48.638  -20.568 0.4000000060
31262  16.121  -49.117  -21.247 0.4000000060
33292  17.104  -47.611  -22.218 0.3000000119
33290  18.255  -47.197  -21.044 0.4000000060
34309  17.818  -46.966  -21.817 0.4000000060
34322  18.100  -46.308  -22.356 0.4000000060
33321  26.159  -47.646  -23.253 0.3000000119
35324  18.776  -45.809  -21.863 0.4000000060
35354  18.988  -45.106  -23.826 0.3000000119
36463  20.114  -44.097  -25.060 0.3000000119
36423  19.695  -44.539  -23.159 0.4000000060
37535  19.609  -43.675  -26.120 0.3000000119
36464  19.565  -44.606  -25.799 0.3000000119
38509  20.062  -42.638  -26.083 0.3000000119
37494  20.551  -43.628  -24.310 0.4000000060
36478  19.988  -44.026  -25.942 0.3000000119
38508  20.443  -42.348  -25.883 0.3000000119
31236  16.529  -49.491  -20.358 0.4000000060
32324  17.285  -48.123  -21.186 0.4000000060
39594  20.490  -41.049  -26.494 0.3000000119
31219  18.313  -49.699  -19.610 0.3000000119
133425  19.395  -42.637  -25.891 0.3000000119
27821  18.981  -52.252  -18.839 0.4000000060
28858  18.414  -51.495  -18.712 0.4000000060
28875  21.298  -51.934  -20.275 0.4000000060
28876  19.929  -51.319  -19.396 0.4000000060
28905  21.651  -51.625  -21.356 0.3000000119
30052  22.266  -50.029  -20.094 0.4000000060
30053  21.828  -50.443  -20.171 0.4000000060
30073  21.887  -50.923  -20.590 0.4000000060
30093  22.529  -50.429  -21.369 0.3000000119
31220  17.038  -49.879  -19.744 0.4000000060
31234  22.747  -49.923  -20.363 0.4000000060
31260  23.510  -49.416  -21.143 0.3000000119
31278  23.401  -49.032  -21.924 0.4000000060
32283  24.188  -48.388  -20.171 0.5000000000
32289  18.967  -49.059  -19.989 0.3000000119
32290  18.089  -49.143  -20.090 0.4000000060
32305  23.879  -48.873  -20.662 0.4000000060
32309  16.935  -48.869  -20.882 0.4000000060
32323  23.875  -48.638  -21.417 0.4000000060
33255  24.502  -47.702  -19.742 0.5000000000
33256  22.268  -47.715  -19.507 0.6000000238
33257  21.640  -47.569  -19.727 0.5000000000
33258  21.036  -47.907  -20.004 0.4000000060
33259  20.260  -47.993  -20.161 0.5000000000
33275  24.942  -47.769  -20.519 0.5000000000
33277  19.643  -47.758  -20.325 0.4000000060
33278  18.840  -47.619  -20.578 0.5000000000
33279  18.020  -47.894  -20.786 0.4000000060
33289  24.184  -47.890  -21.918 0.4000000060
33291  17.666  -47.514  -21.333 0.4000000060
34265  25.581  -46.470  -19.687 0.6000000238
34266  24.196  -46.851  -19.275 0.6000000238
34267  23.285  -46.597  -19.227 0.6000000238
34269  21.603  -46.348  -19.844 0.5000000000
34288  20.727  -46.364  -20.303 0.5000000000
34307  19.158  -46.243  -21.017 0.5000000000
34308  18.485  -46.541  -21.433 0.4000000060
35288  25.451  -45.682  -19.359 0.6000000238
35289  24.566  -45.365  -19.252 0.6000000238
35291  22.918  -45.693  -19.453 0.6000000238
35303  27.144  -45.005  -20.470 0.6000000238
35307  20.450  -45.535  -20.722 0.5000000000
35319  27.125  -45.084  -21.368 0.6000000238
35335  26.415  -45.723  -22.644 0.6000000238
35336  26.025  -46.513  -22.742 0.5000000000
35370  28.095  -45.712  -24.439 0.5000000000
36360  25.559  -44.370  -19.391 0.6000000238
36361  24.761  -44.535  -19.439 0.6000000238
36362  23.928  -44.685  -19.621 0.6000000238
36384  27.297  -44.149  -20.249 0.6000000238
36385  26.825  -44.647  -19.799 0.6000000238
36387  22.475  -44.227  -20.497 0.6000000238
36405  20.590  -44.375  -21.572 0.5000000000
36438  26.076  -44.205  -24.712 0.6000000238
36439  20.187  -44.063  -23.845 0.4000000060
36440  19.612  -44.605  -24.550 0.4000000060
36459  28.437  -45.000  -24.682 0.5000000000
36460  27.422  -45.138  -24.942 0.4000000060
36461  26.320  -44.672  -25.000 0.6000000238
36475  26.806  -44.621  -25.634 0.6000000238
36476  26.252  -44.334  -25.647 0.6000000238
36479  19.401  -44.398  -26.161 0.3000000119
36490  25.661  -43.920  -26.641 0.8000000119
37408  26.872  -43.091  -19.710 0.6000000238
37409  26.373  -43.371  -19.566 0.6000000238
37411  24.976  -43.779  -19.676 0.6000000238
37433  27.292  -43.272  -20.093 0.6999999881
37435  23.640  -43.430  -20.391 0.6000000238
37454  21.639  -43.236  -21.806 0.6000000238
37473  21.015  -43.335  -22.723 0.5000000000
37491  27.049  -43.393  -23.018 0.8000000119
37512  28.825  -44.271  -24.965 0.5000000000
37513  25.932  -43.526  -24.692 0.8000000119
37530  29.156  -43.482  -25.250 0.5000000000
37533  25.627  -43.854  -26.134 0.8000000119
37534  20.202  -43.227  -25.878 0.3000000119
37551  25.779  -43.953  -26.915 0.6000000238
37552  25.586  -43.529  -27.001 0.8000000119
38411  27.077  -42.411  -19.875 0.6000000238
38430  24.675  -42.383  -20.201 0.6000000238
38463  27.528  -42.774  -22.604 0.8000000119
38475  26.237  -42.907  -24.308 0.8000000119
38493  21.057  -42.219  -24.798 0.6000000238
38494  20.674  -42.778  -25.391 0.4000000060
38507  20.850  -41.992  -25.622 0.4000000060
38523  25.889  -43.516  -27.188 0.6999999881
38525  20.466  -41.769  -26.185 0.3000000119
39483  26.969  -41.672  -19.993 0.8000000119
39488  27.280  -41.103  -20.334 1.0000000000
39490  25.765  -41.359  -20.045 0.6000000238
39491  24.509  -41.029  -20.635 0.6999999881
39507  24.009  -40.922  -21.042 0.6999999881
39523  28.588  -41.325  -22.491 1.0000000000
39526  22.465  -41.346  -22.551 0.6999999881
39552  31.860  -42.230  -24.999 0.3000000119
39572  32.433  -41.777  -25.223 0.3000000119
39574  30.795  -41.861  -25.605 0.3000000119
39577  25.382  -42.192  -26.388 0.8000000119
39579  20.697  -41.655  -26.097 0.3000000119
39580  19.966  -41.792  -26.126 0.3000000119
39592  25.383  -42.135  -27.235 0.8000000119
39608  25.798  -42.233  -28.223 0.6999999881
39609  25.561  -42.230  -27.821 0.8000000119
39620  26.101  -41.721  -29.159 0.6999999881
40630  26.648  -40.581  -20.285 0.8999999762
40643  25.450  -40.022  -20.703 0.8000000119
40645  23.729  -40.436  -21.702 0.6999999881
40661  29.460  -40.206  -22.414 1.0000000000
40662  28.971  -40.681  -22.071 1.0000000000
40676  23.169  -40.204  -22.530 0.6999999881
40677  22.265  -40.495  -23.581 0.6000000238
40691  22.036  -40.215  -24.421 0.5000000000
40709  33.443  -40.555  -25.513 0.4000000060
40715  21.561  -40.498  -26.066 0.4000000060
40727  30.772  -40.751  -26.801 0.3000000119
40732  21.240  -40.485  -26.646 0.4000000060
40733  20.881  -40.421  -26.959 0.3000000119
40746  28.100  -40.917  -28.223 0.5000000000
40762  25.937  -41.271  -30.828 0.8000000119
41718  27.171  -40.174  -20.506 0.8999999762
41728  28.760  -39.552  -21.620 0.8999999762
41730  26.872  -39.358  -20.824 0.8999999762
41746  24.660  -39.330  -22.158 0.6999999881
41776  30.462  -39.019  -23.889 1.0000000000
41777  29.882  -39.493  -24.462 1.0000000000
41814  32.125  -39.056  -26.226 0.4000000060
41815  31.628  -39.514  -26.590 0.5000000000
41817  27.836  -39.037  -26.193 0.8999999762
41852  25.987  -40.029  -30.702 0.8000000119
41864  26.800  -39.587  -30.892 0.6999999881
42862  28.502  -38.803  -21.736 0.8999999762
42876  27.771  -38.289  -22.021 0.8999999762
42894  30.746  -38.350  -23.429 1.0000000000
42939  22.518  -38.384  -26.035 0.5000000000
42950  32.676  -38.548  -25.947 0.5000000000
42955  26.121  -39.042  -27.306 0.8999999762
42996  27.946  -38.462  -30.817 0.8999999762
44036  30.732  -37.173  -22.773 0.8999999762
44040  26.354  -38.102  -22.996 0.8999999762
44049  31.022  -37.633  -23.173 1.0000000000
44064  30.914  -37.827  -24.654 1.0000000000
44085  33.486  -38.015  -25.641 0.5000000000
44092  20.273  -36.272  -25.868 0.3000000119
44109  31.842  -37.755  -27.147 0.5000000000
44113  21.070  -37.483  -26.519 0.3000000119
44143  28.649  -37.690  -30.502 0.8999999762
45123  25.036  -37.078  -19.480 0.3000000119
45137  25.514  -36.795  -20.115 0.4000000060
45167  31.026  -36.395  -22.644 0.8999999762
45207  33.639  -36.392  -25.836 0.5000000000
45213  20.943  -35.910  -25.999 0.5000000000
45229  32.349  -36.406  -27.105 0.6000000238
45234  20.783  -36.670  -26.227 0.3000000119
45250  30.828  -36.276  -28.964 0.6000000238
45253  25.200  -36.082  -27.781 0.8999999762
45258  30.144  -36.521  -30.347 0.8000000119
45259  25.823  -36.332  -29.365 0.8999999762
46099  25.265  -35.991  -18.724 0.3000000119
46114  26.032  -36.376  -19.272 0.4000000060
46143  26.581  -35.361  -20.975 0.6000000238
46176  27.776  -35.255  -24.077 0.8999999762
46185  32.153  -35.341  -24.377 1.0000000000
46200  22.005  -34.917  -25.502 0.5000000000
46214  33.204  -35.658  -26.262 0.5000000000
46237  31.335  -35.576  -28.555 0.6000000238
46264  30.309  -34.820  -30.623 0.6999999881
46265  29.443  -35.322  -30.873 0.8000000119
46266  28.373  -35.426  -30.899 0.8999999762
47148  25.822  -33.975  -21.643 0.6999999881
47149  24.886  -34.264  -21.979 0.5000000000
47172  23.433  -33.781  -23.090 0.6000000238
47173  22.518  -33.915  -23.319 0.5000000000
47189  22.094  -33.791  -23.924 0.4000000060
47200  24.350  -33.923  -24.594 0.6000000238
47202  22.042  -33.901  -24.530 0.4000000060
47203  21.285  -34.191  -24.641 0.4000000060
47215  22.242  -34.113  -25.112 0.5000000000
47226  28.070  -34.289  -26.831 0.8999999762
47228  25.730  -34.357  -27.154 0.8999999762
47238  30.912  -34.556  -29.449 0.6999999881
47239  25.013  -34.672  -27.846 0.8999999762
47247  25.394  -35.159  -28.574 0.8999999762
47256  30.169  -33.959  -30.501 0.6999999881
48187  26.709  -33.840  -18.390 0.4000000060
48189  24.637  -33.363  -18.761 0.3000000119
48241  28.718  -32.992  -21.511 0.6999999881
48274  25.890  -33.126  -23.116 0.6999999881
48276  24.425  -33.419  -23.476 0.6000000238
48277  23.855  -33.526  -23.489 0.6000000238
48286  24.384  -33.465  -24.009 0.6999999881
48294  34.920  -33.579  -25.857 0.6000000238
48304  34.060  -33.368  -26.358 0.6000000238
48305  33.363  -33.406  -27.028 0.6000000238
48321  27.086  -33.184  -28.991 0.8999999762
48323  25.159  -33.228  -27.737 0.8999999762
48329  28.204  -33.043  -30.325 0.8999999762
49425  26.188  -32.045  -26.476 0.8999999762
49426  25.520  -31.729  -26.711 0.8999999762
49441  25.041  -32.999  -27.198 0.8999999762
49447  32.842  -32.232  -27.825 0.6000000238
49452  27.502  -32.498  -28.949 0.8999999762
49462  28.265  -32.539  -29.562 0.8999999762
50476  25.412  -30.846  -26.704 1.0000000000
50487  35.277  -31.044  -27.012 0.6000000238
50499  32.304  -31.855  -28.154 0.6999999881
50506  25.359  -31.757  -27.517 0.8999999762
51547  27.451  -30.187  -25.673 1.0000000000
51554  25.206  -30.602  -26.988 0.8999999762
52579  29.506  -30.106  -18.526 0.4000000060
52677  26.836  -29.495  -25.907 1.0000000000
52679  25.557  -29.792  -26.674 1.0000000000
52689  25.422  -29.891  -26.872 0.8999999762
52696  25.609  -29.350  -26.997 0.8999999762
52724  30.969  -29.071  -29.053 0.6999999881
52737  32.648  -30.001  -31.178 0.6000000238
53917  30.028  -28.699  -24.916 1.0000000000
53918  26.452  -29.034  -26.205 1.0000000000
53947  26.504  -27.837  -27.094 1.0000000000
53948  26.204  -28.637  -26.626 1.0000000000
53982  30.292  -28.398  -29.112 0.6999999881
54005  32.339  -29.015  -31.419 0.6000000238
55193  28.024  -27.493  -26.322 0.8999999762
56353  36.182  -25.943  -25.209 0.6999999881
56357  27.549  -26.966  -26.817 0.8999999762
56392  32.712  -26.289  -27.089 0.8000000119
56440  30.226  -27.039  -30.773 0.8000000119
57464  27.034  -25.350  -22.301 0.3000000119
57497  27.304  -26.274  -27.526 1.0000000000
57507  32.416  -25.713  -27.575 0.8000000119
57534  27.333  -25.177  -29.493 0.8999999762
58599  32.632  -24.415  -28.070 0.6999999881
58602  28.177  -24.466  -28.764 0.8999999762
58603  27.529  -24.805  -29.025 0.8999999762
58618  26.974  -24.405  -30.778 0.8000000119
58633  27.467  -24.396  -31.500 0.8000000119
58634  26.581  -23.991  -31.141 0.8000000119
59620  37.285  -23.194  -25.850 0.4000000060
59636  36.025  -23.685  -27.120 0.6000000238
59684  32.317  -23.828  -31.975 0.6000000238
59707  26.982  -22.760  -31.604 0.8000000119
60713  36.411  -22.072  -23.719 0.3000000119
60714  35.038  -22.217  -23.397 0.3000000119
60777  31.583  -22.827  -28.741 0.6999999881
60780  32.976  -22.111  -28.851 0.6999999881
60801  27.268  -22.105  -31.478 0.8000000119
61792  34.938  -21.156  -28.951 0.5000000000
61795  32.606  -21.947  -29.584 0.6999999881
61797  30.424  -21.955  -30.251 0.6999999881
61842  32.385  -21.448  -33.422 0.6000000238
61845  28.513  -20.830  -32.366 0.6999999881
62902  35.661  -20.833  -28.771 0.5000000000
62916  32.632  -20.871  -30.929 0.6999999881
62947  32.664  -20.727  -33.656 0.5000000000
62949  30.942  -20.680  -33.385 0.6000000238
64012  29.702  -19.444  -31.476 0.6999999881
64014  28.492  -19.940  -31.512 0.8000000119
64021  35.117  -18.967  -31.302 0.4000000060
64026  28.609  -19.512  -31.964 0.6999999881
64044  29.154  -18.716  -33.051 0.6000000238
64062  31.682  -19.196  -33.786 0.6000000238
64993  36.061  -18.399  -30.994 0.4000000060
65038  33.466  -18.503  -34.424 0.5000000000
66967  29.568  -16.617  -32.445 0.6000000238
66993  29.351  -16.483  -33.128 0.6000000238
67008  30.164  -15.820  -33.771 0.6000000238
67985  29.689  -15.154  -32.756 0.4000000060
68011  29.422  -15.550  -33.317 0.5000000000
68026  29.205  -15.108  -34.112 0.5000000000
69024  29.160  -14.462  -34.036 0.5000000000
69033  33.104  -14.673  -34.632 0.4000000060
70102  31.390  -13.642  -32.576 0.4000000060
70117  30.848  -12.977  -33.044 0.4000000060
70118  29.926  -13.022  -33.404 0.4000000060
70119  29.510  -13.766  -33.525 0.4000000060
70133  29.333  -13.829  -34.007 0.4000000060
70146  29.771  -13.151  -34.191 0.4000000060
71277  31.886  -12.958  -32.663 0.4000000060
71306  32.814  -12.596  -34.905 0.4000000060
72413  32.364  -11.845  -35.069 0.3000000119
72414  30.150  -11.443  -34.205 0.4000000060
72424  30.711  -11.214  -34.530 0.4000000060
132524  26.616  -45.572  -21.869 0.6000000238
132929  20.836  -49.306  -19.744 0.4000000060
133104  21.823  -48.206  -19.654 0.5000000000
133255  23.666  -48.205  -19.664 0.5000000000
133314  26.556  -35.422  -18.653 0.4000000060
134894  27.953  -31.986  -28.784 0.8999999762
134950  26.917  -41.181  -25.137 0.8000000119
135533  36.702  -24.106  -23.938 0.4000000060
136284  32.875  -26.723  -26.606 0.8000000119
136998  31.336  -35.450  -22.405 1.0000000000
139459  31.347  -37.882  -27.678 0.5000000000
140001  29.024  -18.189  -32.747 0.6000000238
140532  32.581  -40.300  -25.666 0.3000000119
140539  28.093  -41.761  -22.978 0.8999999762
140560  25.314  -41.705  -27.979 0.8000000119
140762  31.780  -15.855  -32.462 0.4000000060
140834  32.965  -16.838  -34.514 0.5000000000
141666  28.452  -39.860  -29.298 0.6000000238
142453  26.678  -27.486  -27.151 1.0000000000
143341  31.134  -33.415  -28.614 0.6999999881
143459  20.798  -43.275  -23.640 0.5000000000
143611  32.630  -13.924  -34.717 0.3000000119
144021  29.351  -14.966  -33.212 0.4000000060
144380  25.186  -32.119  -27.120 0.8999999762
144768  23.645  -33.999  -24.911 0.6000000238
145161  25.272  -36.844  -28.626 0.8999999762
145534  21.135  -44.254  -21.148 0.6000000238
145937  35.690  -18.932  -31.116 0.4000000060
146364  18.158  -52.262  -18.535 0.4000000060
146605  20.752  -38.820  -26.968 0.3000000119
146876  35.378  -17.156  -31.507 0.3000000119
146960  27.130  -26.343  -28.064 1.0000000000
147172  21.306  -50.483  -19.921 0.4000000060
147282  29.169  -24.251  -28.693 0.8999999762
148509  29.174  -28.710  -25.300 1.0000000000
149274  22.166  -48.900  -19.702 0.4000000060
150806  25.406  -37.866  -24.014 0.8999999762
151854  25.870  -42.963  -19.627 0.6000000238
152530  28.603  -28.081  -25.743 0.8999999762
152794  22.994  -47.985  -19.418 0.6000000238
152922  26.400  -33.061  -22.531 0.6999999881
152959  25.543  -47.070  -22.848 0.4000000060
153462  32.378  -35.181  -27.507 0.6000000238
153777  18.615  -50.902  -18.939 0.4000000060
153897  31.422  -37.268  -23.670 1.0000000000
155844  35.083  -25.833  -21.840 0.5000000000
156191  25.295  -34.603  -18.544 0.4000000060
156346  29.216  -24.102  -32.118 0.6999999881
156450  31.868  -28.867  -30.916 0.6000000238
157280  32.612  -31.269  -28.447 0.6000000238
157479  29.445  -22.283  -32.807 0.6000000238
158440  30.334  -34.671  -26.068 1.0000000000
158856  33.659  -33.777  -26.543 0.6000000238
159450  33.056  -18.760  -31.786 0.5000000000
159718  22.727  -40.096  -23.145 0.6999999881
