#!ascii label  , from subject sub125 vox2ras=TkReg
1913
142228  14.353  -71.573  -31.264 0.6999999881
7946  13.068  -71.981  -31.335 0.8000000119
7929  13.043  -72.633  -30.615 0.8000000119
7082  11.770  -73.876  -30.123 0.6999999881
7964  14.114  -71.877  -33.088 0.6000000238
8798  13.244  -71.574  -32.090 0.6000000238
7094  12.351  -72.899  -31.159 0.6000000238
7915  13.014  -73.080  -29.905 0.8000000119
142428  12.340  -73.516  -29.355 0.6999999881
7063  11.956  -73.866  -28.620 0.6999999881
6290  10.984  -74.751  -28.767 0.6999999881
8796  14.185  -71.590  -32.107 0.6000000238
7914  13.700  -72.470  -30.100 0.6999999881
6298  11.495  -74.182  -29.296 0.6999999881
7124  15.043  -73.533  -33.788 0.6000000238
7152  15.129  -73.657  -34.590 0.6000000238
7138  14.536  -73.345  -34.352 0.6000000238
153153  15.775  -72.110  -36.996 0.6000000238
8002  14.828  -72.988  -35.776 0.6000000238
7061  13.548  -73.344  -27.689 0.8000000119
7048  12.911  -73.780  -27.142 0.8000000119
6272  11.978  -74.058  -27.715 0.6999999881
6257  11.527  -74.376  -26.011 0.6999999881
5492  9.999  -75.237  -25.940 0.6999999881
135213  14.099  -72.368  -29.237 0.8000000119
7062  12.662  -73.583  -28.261 0.6999999881
5504  10.847  -74.910  -26.694 0.6999999881
8769  14.349  -71.917  -30.051 0.6999999881
7071  13.326  -73.014  -28.964 0.8000000119
6289  11.521  -74.313  -28.454 0.6999999881
8782  14.682  -71.542  -30.647 0.6999999881
7963  14.702  -72.022  -32.597 0.6999999881
7137  15.775  -73.866  -34.133 0.6000000238
158843  15.477  -73.288  -33.207 0.6000000238
8001  15.664  -73.061  -35.711 0.6000000238
153523  15.181  -73.446  -35.232 0.6000000238
8020  16.507  -72.096  -37.089 0.6000000238
8036  16.983  -72.793  -39.202 0.6999999881
8901  15.914  -72.306  -38.903 0.6000000238
6377  17.339  -74.612  -40.023 0.5000000000
8046  16.233  -73.393  -39.781 0.6000000238
157993  17.225  -75.109  -39.895 0.5000000000
7047  13.631  -73.310  -26.440 0.8999999762
6256  12.219  -74.074  -26.641 0.8000000119
6243  11.728  -73.798  -25.336 0.6999999881
7902  14.101  -72.777  -28.154 0.6999999881
138447  14.162  -73.026  -27.149 0.8999999762
6258  10.698  -74.715  -25.751 0.6999999881
145049  14.840  -71.470  -29.888 0.8000000119
159520  14.547  -71.830  -29.395 0.8000000119
8781  15.438  -71.491  -30.429 0.8000000119
7943  16.520  -72.493  -31.734 0.6999999881
8795  14.997  -71.664  -31.324 0.6999999881
7961  16.173  -72.834  -32.272 0.8000000119
7122  16.525  -73.728  -33.471 0.8000000119
7150  17.050  -73.425  -34.898 0.6999999881
7151  15.991  -73.661  -34.949 0.6999999881
8900  16.743  -72.299  -38.882 0.6999999881
7187  17.899  -73.912  -39.734 0.6999999881
7875  14.240  -72.626  -26.217 0.8999999762
7030  13.119  -73.126  -25.561 0.8000000119
151855  11.221  -73.589  -24.928 0.6999999881
8754  14.994  -71.514  -27.682 0.8000000119
7901  14.543  -72.326  -27.321 0.8000000119
9577  15.413  -71.249  -28.537 0.6999999881
7927  16.858  -72.088  -31.078 0.6999999881
8780  16.277  -71.652  -30.582 0.6000000238
8794  15.937  -71.978  -31.131 0.8000000119
7093  16.896  -73.153  -32.245 0.8000000119
144938  17.097  -73.746  -33.593 0.8000000119
152749  17.703  -72.338  -36.396 0.8000000119
8000  16.583  -72.999  -35.629 0.6999999881
8871  18.836  -71.902  -37.620 0.8000000119
8044  18.556  -73.159  -39.396 0.6999999881
8899  18.065  -72.022  -38.960 0.6999999881
8019  17.349  -72.101  -37.092 0.6999999881
7186  18.641  -74.006  -39.614 0.6999999881
8035  17.841  -72.555  -39.104 0.6999999881
13113  6.158  -66.368  -30.631 0.6000000238
15228  6.525  -65.059  -31.780 0.6000000238
135458  5.260  -65.491  -31.415 0.6000000238
15211  4.007  -64.622  -32.394 0.6999999881
7876  13.645  -72.612  -25.572 0.8999999762
7022  11.777  -73.155  -24.951 0.6999999881
9590  16.025  -71.218  -29.084 0.6000000238
7913  17.080  -71.654  -30.257 0.6000000238
8766  16.729  -71.368  -29.488 0.6000000238
7942  17.347  -72.797  -31.591 0.6999999881
7106  18.704  -73.161  -32.668 0.6999999881
7107  18.052  -73.407  -32.654 0.6999999881
9564  11.159  -71.067  -27.789 0.6999999881
9580  10.588  -70.164  -27.623 0.6999999881
7134  18.258  -73.335  -34.109 0.8000000119
7108  17.184  -73.633  -32.856 0.8000000119
9593  11.068  -70.646  -29.536 0.6000000238
134044  10.539  -70.077  -28.859 0.6000000238
10352  10.374  -68.862  -27.444 0.6999999881
7149  17.967  -73.284  -34.833 0.6999999881
11181  10.318  -68.785  -28.574 0.5000000000
11167  10.321  -67.943  -27.457 0.6999999881
153855  18.828  -72.150  -36.684 0.8000000119
132237  17.616  -72.817  -35.632 0.8000000119
10374  10.661  -70.378  -30.159 0.5000000000
10364  10.284  -69.619  -29.868 0.5000000000
148121  18.850  -71.982  -38.973 0.6999999881
11199  9.797  -69.373  -30.791 0.5000000000
10387  9.707  -69.839  -31.816 0.6000000238
11217  9.220  -69.042  -31.640 0.5000000000
147322  9.306  -67.709  -31.015 0.6000000238
156789  9.485  -66.394  -28.946 0.6999999881
14127  7.734  -65.650  -29.457 0.6999999881
12137  8.815  -68.341  -32.205 0.5000000000
13121  9.245  -66.513  -30.262 0.6000000238
14126  8.169  -65.507  -29.411 0.6000000238
15193  7.115  -65.030  -30.933 0.6000000238
11228  8.590  -68.627  -33.078 0.6000000238
13122  8.626  -65.823  -30.697 0.6000000238
14162  8.081  -65.226  -31.063 0.6000000238
12169  8.552  -67.797  -33.423 0.5000000000
13138  8.250  -66.180  -31.704 0.5000000000
14182  6.936  -65.436  -32.464 0.6000000238
15229  5.558  -64.947  -32.544 0.6000000238
15230  4.757  -64.268  -33.149 0.6999999881
133495  4.623  -62.225  -32.538 0.6000000238
17507  4.076  -62.113  -32.021 0.6999999881
14181  7.651  -65.613  -31.990 0.6000000238
14198  6.871  -65.609  -33.744 0.6000000238
14183  6.173  -65.206  -33.122 0.6000000238
15268  5.716  -63.960  -34.265 0.6999999881
157036  5.971  -62.187  -32.419 0.5000000000
7865  13.125  -72.602  -25.323 0.8999999762
9576  15.934  -70.854  -28.245 0.6000000238
9561  15.524  -70.715  -27.300 0.6999999881
8715  12.217  -72.288  -25.506 0.8000000119
7859  10.140  -72.803  -24.555 0.6999999881
8723  11.579  -71.882  -26.148 0.6999999881
8722  12.263  -71.680  -26.226 0.8000000119
7926  17.704  -72.457  -30.856 0.6999999881
8740  11.838  -71.117  -28.118 0.8000000119
8742  10.973  -71.358  -26.610 0.6000000238
9578  12.165  -70.628  -28.622 0.6999999881
132922  12.270  -70.455  -29.555 0.6000000238
7998  19.215  -72.303  -35.873 0.8000000119
132268  19.201  -72.687  -34.940 0.8000000119
8858  19.535  -71.975  -36.827 0.8000000119
9604  11.205  -70.694  -30.467 0.5000000000
10375  10.163  -70.200  -30.909 0.5000000000
10404  11.185  -70.087  -32.427 0.5000000000
10421  10.449  -70.018  -33.011 0.6000000238
9616  10.364  -70.303  -31.708 0.6000000238
11240  9.362  -69.141  -33.502 0.6000000238
12168  9.185  -68.168  -33.803 0.6000000238
19562  6.074  -60.090  -30.060 0.5000000000
13167  8.078  -66.819  -33.846 0.5000000000
18569  5.774  -61.314  -31.217 0.5000000000
18570  4.853  -61.825  -31.555 0.6000000238
13168  7.695  -66.080  -34.251 0.6000000238
14199  6.346  -64.888  -34.042 0.6999999881
16456  6.379  -64.025  -34.335 0.6999999881
17546  5.196  -62.926  -33.844 0.6999999881
154149  8.360  -65.746  -34.851 0.6000000238
17545  6.073  -63.002  -33.736 0.6000000238
158905  8.314  -64.710  -34.738 0.6999999881
16425  7.808  -63.572  -34.054 0.6000000238
17544  7.179  -63.045  -33.494 0.5000000000
9562  15.008  -71.122  -26.372 0.6999999881
9539  14.487  -71.248  -25.291 0.6999999881
8713  13.860  -71.162  -24.905 0.6999999881
9530  13.159  -71.717  -25.276 0.8000000119
9541  12.763  -71.223  -25.865 0.6999999881
10351  12.584  -70.236  -28.316 0.6999999881
9563  12.306  -70.976  -27.358 0.6999999881
20529  7.392  -59.442  -27.844 0.5000000000
11238  10.760  -68.312  -33.590 0.5000000000
11239  10.145  -69.319  -33.507 0.6000000238
19542  5.901  -60.027  -29.348 0.5000000000
12166  10.413  -67.466  -34.031 0.5000000000
12185  10.588  -66.738  -34.369 0.5000000000
12167  9.902  -68.180  -33.897 0.6000000238
12188  8.889  -67.214  -34.115 0.6000000238
136353  6.603  -62.456  -32.738 0.5000000000
14214  10.916  -65.728  -35.262 0.5000000000
13186  10.377  -66.081  -35.094 0.6000000238
14235  9.247  -65.710  -35.225 0.6000000238
14234  10.074  -65.616  -35.319 0.6000000238
9527  14.742  -69.921  -25.135 0.6999999881
9529  13.984  -70.322  -24.721 0.6999999881
9540  13.591  -70.592  -24.997 0.6999999881
16424  8.980  -63.432  -33.990 0.5000000000
147703  11.125  -65.661  -34.980 0.5000000000
17543  8.248  -62.923  -33.438 0.5000000000
15285  10.565  -65.076  -35.534 0.5000000000
16452  10.314  -63.873  -34.891 0.5000000000
15264  9.109  -64.676  -34.968 0.5000000000
18582  10.578  -62.035  -32.758 0.5000000000
18565  10.567  -61.070  -32.092 0.5000000000
17540  11.881  -62.218  -33.985 0.5000000000
18581  11.956  -61.269  -32.693 0.5000000000
17521  9.601  -62.289  -32.703 0.5000000000
17559  12.220  -62.578  -34.947 0.5000000000
17541  11.023  -62.546  -33.656 0.5000000000
17562  9.861  -63.451  -34.293 0.5000000000
16450  11.891  -63.479  -35.378 0.5000000000
16451  11.104  -63.640  -35.108 0.5000000000
151398  12.771  -61.144  -32.830 0.5000000000
17420  8.276  -62.805  -27.084 0.6000000238
17421  7.352  -62.870  -27.012 0.6000000238
17443  8.667  -61.875  -27.377 0.5000000000
16290  8.469  -64.006  -26.023 0.6999999881
16291  7.600  -64.099  -25.997 0.6000000238
17422  6.387  -62.846  -26.856 0.6000000238
148129  6.352  -64.818  -25.334 0.6999999881
15138  8.697  -65.156  -24.898 0.6000000238
15152  8.150  -64.647  -25.489 0.6999999881
16292  6.710  -64.141  -25.827 0.6999999881
16306  5.935  -63.522  -26.123 0.6999999881
14075  6.282  -66.256  -24.299 0.8000000119
15137  9.546  -64.915  -24.778 0.5000000000
15150  9.792  -64.273  -25.305 0.5000000000
15140  6.816  -65.470  -24.924 0.8000000119
14073  8.322  -65.811  -24.255 0.6000000238
12033  5.439  -67.484  -23.018 0.6999999881
14071  10.276  -65.288  -24.026 0.5000000000
15149  10.610  -64.094  -25.114 0.5000000000
147591  6.364  -67.836  -22.810 0.6999999881
14076  4.981  -66.315  -24.080 0.6999999881
13058  6.914  -66.982  -23.634 0.6999999881
14072  9.277  -65.615  -24.153 0.6999999881
13046  4.140  -66.786  -22.375 0.6999999881
12017  5.856  -68.012  -21.425 0.6999999881
14063  9.815  -66.053  -23.187 0.6000000238
13043  8.430  -66.925  -22.908 0.8000000119
19470  5.004  -60.139  -25.285 0.6999999881
18455  5.547  -60.964  -25.086 0.8000000119
15082  13.423  -64.083  -22.183 0.4000000060
138443  5.117  -66.321  -22.122 0.6999999881
15124  12.159  -64.936  -22.929 0.5000000000
13016  5.101  -67.106  -21.251 0.6999999881
14062  10.641  -65.609  -23.143 0.6000000238
14043  10.431  -65.918  -22.223 0.6000000238
13028  7.569  -67.551  -22.647 0.6999999881
13042  9.101  -66.654  -22.620 0.8000000119
13027  8.395  -67.207  -22.025 0.8000000119
138373  5.167  -52.253  -14.758 0.5000000000
27799  5.299  -52.996  -15.649 0.5000000000
147054  4.964  -53.936  -15.826 0.5000000000
24528  6.665  -55.817  -23.357 0.5000000000
22484  6.802  -56.906  -25.439 0.6000000238
24574  7.208  -56.308  -24.718 0.6000000238
25646  6.783  -55.234  -21.953 0.6000000238
25589  6.483  -54.683  -18.633 0.6000000238
22485  5.618  -57.365  -24.748 0.6999999881
24552  6.361  -56.597  -23.793 0.6999999881
21496  5.158  -58.498  -25.294 0.6999999881
22463  5.074  -57.466  -24.372 0.6999999881
15106  6.448  -64.905  -22.997 0.6999999881
16269  6.479  -63.595  -23.583 0.6999999881
17371  6.773  -62.848  -24.223 0.8000000119
15103  11.923  -64.978  -21.826 0.5000000000
155787  5.725  -66.089  -21.790 0.6999999881
14029  11.095  -65.449  -21.614 0.6000000238
13015  5.637  -66.994  -20.774 0.8000000119
13026  9.075  -66.711  -21.696 0.6999999881
14018  7.331  -66.302  -20.562 0.8000000119
12003  7.232  -67.638  -21.055 0.8000000119
28829  4.849  -51.319  -14.735 0.5000000000
147786  5.921  -51.493  -16.188 0.6000000238
28842  6.462  -51.205  -16.545 0.5000000000
28848  6.302  -51.898  -17.044 0.6000000238
27806  5.447  -53.108  -16.643 0.6000000238
26726  5.019  -53.663  -17.284 0.6000000238
27828  5.762  -52.588  -18.207 0.6000000238
26735  5.281  -53.359  -18.064 0.5000000000
25680  7.406  -55.431  -23.742 0.5000000000
25663  7.166  -55.146  -22.738 0.5000000000
23491  8.031  -56.380  -25.220 0.6000000238
26798  7.108  -54.451  -21.296 0.6000000238
25620  6.856  -54.730  -20.866 0.6999999881
25590  5.624  -54.315  -18.157 0.6000000238
22483  7.722  -57.095  -25.576 0.6000000238
21495  6.134  -58.382  -25.616 0.6999999881
23475  5.457  -57.266  -23.994 0.6999999881
24529  6.071  -56.252  -23.037 0.6999999881
24501  6.334  -55.707  -21.618 0.8000000119
25619  6.889  -54.591  -20.078 0.6999999881
150670  7.925  -59.052  -25.910 0.6999999881
20496  6.862  -59.479  -25.879 0.6999999881
19468  7.365  -60.505  -25.549 0.6999999881
19469  6.121  -60.283  -25.513 0.8000000119
17389  7.647  -62.043  -24.505 0.8000000119
153332  5.933  -61.609  -24.780 0.8000000119
15084  11.390  -64.674  -21.025 0.5000000000
16240  10.356  -63.210  -21.456 0.6000000238
16244  6.998  -64.318  -23.305 0.8000000119
16268  7.427  -63.575  -23.623 0.8000000119
14030  10.295  -65.774  -21.347 0.6000000238
15068  9.929  -64.711  -20.672 0.6999999881
15087  7.399  -65.425  -21.048 0.8000000119
14016  9.103  -65.860  -20.614 0.6999999881
15070  8.020  -65.532  -20.633 0.6999999881
147247  7.897  -66.645  -20.553 0.8000000119
31171  5.040  -50.129  -15.330 0.4000000060
30016  5.930  -50.607  -16.035 0.5000000000
28846  7.503  -51.073  -17.218 0.4000000060
157340  6.413  -51.252  -18.067 0.5000000000
27843  6.056  -52.234  -18.838 0.5000000000
25698  7.978  -55.709  -24.674 0.5000000000
26797  7.462  -53.931  -21.594 0.6000000238
26777  7.381  -53.372  -20.874 0.6000000238
135463  6.362  -52.711  -19.335 0.6000000238
22481  9.014  -57.140  -25.119 0.6000000238
26778  7.055  -53.774  -20.508 0.6999999881
142615  6.708  -53.938  -19.911 0.6999999881
21493  8.763  -58.616  -25.551 0.6000000238
18432  7.468  -61.317  -24.978 0.8000000119
16241  9.518  -63.503  -21.786 0.6999999881
16242  8.717  -63.893  -22.250 0.6999999881
16243  7.861  -64.207  -22.886 0.8000000119
17370  7.991  -62.828  -24.013 0.8000000119
15085  9.255  -64.502  -20.689 0.6999999881
156700  6.180  -50.193  -16.069 0.4000000060
31170  5.224  -49.468  -15.582 0.4000000060
32258  4.938  -48.909  -15.297 0.4000000060
28840  8.199  -50.892  -16.847 0.5000000000
30015  6.777  -50.465  -16.286 0.4000000060
32243  4.750  -48.483  -14.676 0.5000000000
28865  6.395  -51.060  -18.720 0.5000000000
30077  7.715  -50.829  -20.210 0.5000000000
28891  7.011  -51.860  -19.915 0.5000000000
147245  8.471  -50.474  -20.553 0.5000000000
27864  7.153  -53.062  -20.339 0.6999999881
20495  8.743  -59.473  -25.619 0.6000000238
18431  8.414  -61.400  -24.836 0.8000000119
17355  10.124  -62.854  -22.518 0.6000000238
17368  9.898  -62.565  -23.535 0.6000000238
18419  10.075  -61.352  -24.171 0.6999999881
18430  9.322  -61.359  -24.580 0.6999999881
16266  9.329  -63.258  -22.945 0.6999999881
33217  5.375  -47.588  -14.357 0.3000000119
30013  8.730  -50.617  -16.658 0.4000000060
31184  8.429  -50.017  -16.332 0.3000000119
153465  6.548  -49.005  -16.077 0.4000000060
32267  5.929  -48.984  -15.796 0.4000000060
32257  5.464  -48.725  -15.508 0.4000000060
32242  5.444  -48.224  -15.114 0.5000000000
28845  8.383  -50.962  -17.261 0.4000000060
33229  6.190  -47.536  -14.989 0.3000000119
28863  7.548  -50.861  -18.030 0.4000000060
30099  8.214  -51.110  -20.813 0.5000000000
30065  8.103  -50.473  -19.503 0.4000000060
28931  8.538  -52.054  -21.823 0.6000000238
30043  8.566  -50.773  -18.254 0.4000000060
30097  9.481  -50.119  -21.822 0.4000000060
159644  7.981  -50.457  -20.083 0.5000000000
19449  8.200  -60.875  -25.287 0.6999999881
17387  9.622  -62.051  -24.161 0.6999999881
32228  4.394  -48.086  -13.892 0.4000000060
33228  6.664  -47.447  -15.597 0.4000000060
34227  6.791  -46.652  -15.049 0.3000000119
30022  10.025  -50.586  -17.464 0.3000000119
31223  9.772  -49.867  -20.022 0.4000000060
31266  9.773  -49.592  -21.600 0.4000000060
31242  9.554  -49.560  -20.930 0.4000000060
32265  7.841  -49.014  -16.562 0.3000000119
134742  7.067  -48.506  -16.314 0.3000000119
32266  6.507  -48.194  -15.952 0.4000000060
33234  7.033  -47.397  -16.331 0.3000000119
34241  7.034  -46.755  -15.805 0.3000000119
32264  8.933  -49.423  -16.582 0.3000000119
30042  9.819  -50.705  -18.109 0.3000000119
31241  10.549  -49.482  -20.619 0.3000000119
30063  10.455  -50.530  -18.955 0.3000000119
31265  10.285  -49.272  -21.478 0.3000000119
32274  7.481  -47.886  -16.950 0.3000000119
34240  7.436  -46.392  -16.288 0.3000000119
32273  8.229  -48.269  -17.236 0.3000000119
33239  7.566  -46.925  -16.928 0.3000000119
31221  11.846  -49.889  -19.081 0.3000000119
31240  11.692  -49.510  -20.083 0.3000000119
145791  12.305  -48.819  -20.490 0.3000000119
34209  5.824  -46.633  -13.734 0.3000000119
32272  9.373  -48.759  -17.271 0.3000000119
33237  8.683  -47.559  -17.865 0.3000000119
32291  12.496  -48.688  -19.330 0.3000000119
12091  10.098  -67.394  -28.284 0.6000000238
156859  9.898  -67.288  -29.183 0.6999999881
13102  8.966  -66.085  -28.208 0.6999999881
14111  8.103  -65.657  -28.708 0.6999999881
30078  7.133  -51.123  -19.820 0.4000000060
27863  7.667  -52.591  -20.923 0.6000000238
34226  7.282  -46.099  -15.497 0.3000000119
7965  12.410  -72.017  -31.870 0.6999999881
138693  10.596  -75.313  -28.242 0.6999999881
7944  15.693  -72.258  -31.854 0.8000000119
8889  16.348  -71.982  -38.527 0.6000000238
8873  16.880  -71.932  -37.907 0.6999999881
132304  16.154  -71.312  -29.944 0.6000000238
7866  11.284  -72.726  -24.858 0.6999999881
7999  18.521  -72.801  -35.347 0.8000000119
8887  18.385  -71.885  -38.569 0.6999999881
8886  19.406  -71.867  -38.436 0.8000000119
17547  4.574  -62.932  -33.518 0.6999999881
151931  9.668  -68.364  -30.640 0.5000000000
14143  7.760  -65.394  -30.226 0.6000000238
155207  4.456  -61.727  -31.131 0.6000000238
139430  7.371  -65.292  -34.318 0.6999999881
8741  11.732  -71.415  -27.182 0.8000000119
9591  12.035  -70.469  -30.616 0.5000000000
9615  11.167  -70.487  -31.495 0.6000000238
12187  9.568  -67.267  -34.306 0.6000000238
14045  6.460  -65.567  -22.081 0.8000000119
2619  19.795  -80.454  -33.753 0.4000000060
2131  20.358  -80.853  -33.238 0.4000000060
3667  19.213  -78.026  -34.139 0.3000000119
2627  19.247  -80.067  -33.884 0.4000000060
2150  18.949  -80.653  -33.886 0.4000000060
2133  19.721  -81.497  -33.415 0.4000000060
4218  21.652  -77.197  -35.454 0.4000000060
3664  21.448  -77.686  -35.159 0.5000000000
3151  21.141  -78.315  -34.647 0.5000000000
3676  20.744  -77.515  -35.927 0.3000000119
3665  20.936  -77.886  -35.322 0.4000000060
2626  20.124  -79.710  -34.013 0.4000000060
3677  20.510  -77.535  -35.779 0.3000000119
3153  20.424  -78.758  -34.277 0.3000000119
137140  19.891  -79.583  -33.892 0.3000000119
3678  19.763  -77.219  -35.079 0.3000000119
136506  20.801  -77.319  -36.316 0.4000000060
4228  21.712  -76.911  -35.581 0.4000000060
4217  22.176  -77.008  -35.005 0.5000000000
4899  21.028  -76.482  -37.081 0.3000000119
4238  20.073  -77.101  -36.809 0.3000000119
4911  18.632  -76.166  -37.400 0.4000000060
154030  19.751  -76.951  -37.034 0.3000000119
4920  17.915  -75.531  -39.109 0.4000000060
4912  17.976  -75.844  -38.170 0.4000000060
5606  17.373  -75.333  -38.819 0.4000000060
4893  21.542  -76.543  -36.105 0.4000000060
5592  21.415  -75.701  -36.631 0.4000000060
4908  20.704  -75.835  -37.593 0.4000000060
4907  21.125  -75.277  -37.477 0.4000000060
6357  22.393  -73.626  -37.805 0.5000000000
4909  20.190  -76.097  -37.549 0.4000000060
5615  20.897  -74.693  -38.795 0.4000000060
144187  18.774  -76.075  -37.844 0.4000000060
4919  18.858  -75.534  -38.232 0.5000000000
5616  20.209  -74.626  -39.129 0.4000000060
5618  18.022  -75.258  -39.651 0.4000000060
8037  15.621  -72.793  -39.359 0.6000000238
146938  16.477  -74.208  -40.057 0.4000000060
7171  23.166  -73.720  -38.926 0.6000000238
6365  21.563  -74.220  -39.415 0.6000000238
7177  22.498  -73.996  -39.169 0.6000000238
7184  20.741  -73.856  -40.004 0.6000000238
8041  21.250  -73.470  -39.660 0.6999999881
6375  19.260  -74.295  -39.472 0.5000000000
7185  19.995  -73.923  -39.936 0.6000000238
8898  19.664  -72.078  -38.970 0.6999999881
8024  23.897  -72.545  -39.061 0.6999999881
8883  22.755  -71.728  -38.511 0.6999999881
7176  23.658  -73.205  -39.100 0.6000000238
8895  22.365  -72.041  -39.116 0.6999999881
137384  20.403  -71.637  -37.031 0.6999999881
8857  20.123  -71.994  -36.116 0.6999999881
155262  18.628  -73.075  -34.674 0.6999999881
8896  21.374  -72.049  -39.065 0.6999999881
140094  20.301  -71.808  -37.987 0.6999999881
147412  20.137  -71.925  -38.681 0.6999999881
8855  22.529  -71.253  -37.054 0.5000000000
9682  21.995  -71.223  -36.519 0.6000000238
8869  21.206  -71.519  -37.641 0.6999999881
145035  20.803  -71.670  -36.273 0.6000000238
8833  19.939  -72.312  -35.249 0.6999999881
8832  20.446  -72.136  -34.633 0.6999999881
8885  20.882  -71.807  -38.535 0.6999999881
7987  19.780  -72.540  -34.410 0.6999999881
7988  19.067  -73.012  -34.080 0.6000000238
8843  20.752  -71.849  -35.434 0.6000000238
131988  20.980  -71.775  -34.701 0.6000000238
137830  19.638  -72.675  -33.712 0.6000000238
149610  20.826  -71.899  -34.159 0.6000000238
8765  17.517  -71.671  -29.329 0.5000000000
158521  10.242  -75.901  -28.519 0.6000000238
6299  10.878  -74.824  -29.620 0.6000000238
7974  19.169  -72.928  -33.207 0.6000000238
7959  19.263  -72.822  -32.371 0.6000000238
7925  18.591  -72.629  -30.803 0.5000000000
7912  18.065  -72.023  -30.068 0.5000000000
4821  9.035  -76.335  -27.195 0.6000000238
145510  10.170  -75.404  -26.866 0.6000000238
5518  9.986  -75.782  -27.622 0.6000000238
8806  20.497  -72.120  -32.889 0.6000000238
7941  19.444  -72.592  -31.367 0.5000000000
6259  8.565  -74.485  -25.696 0.6000000238
6247  9.123  -74.020  -25.162 0.6000000238
5494  8.899  -74.739  -25.447 0.6000000238
4812  8.386  -76.071  -26.223 0.6000000238
5505  9.419  -75.755  -26.572 0.6000000238
6231  10.179  -74.036  -24.735 0.6000000238
5493  9.500  -74.934  -25.413 0.6000000238
10334  15.724  -69.929  -26.587 0.6000000238
7958  19.958  -72.284  -32.211 0.6000000238
7033  8.947  -73.652  -25.524 0.6000000238
8725  9.184  -71.228  -25.447 0.6000000238
151478  9.301  -73.308  -24.999 0.6000000238
9531  9.988  -70.805  -25.153 0.6000000238
8708  10.039  -72.102  -24.677 0.6000000238
9542  10.210  -70.401  -25.718 0.5000000000
8717  10.249  -71.705  -24.905 0.6000000238
8724  10.657  -71.454  -25.515 0.5000000000
6275  7.932  -74.340  -26.655 0.6999999881
7034  8.482  -74.076  -26.098 0.6000000238
7032  9.156  -72.793  -25.320 0.6000000238
9543  9.768  -69.998  -25.697 0.6000000238
10314  10.002  -69.380  -26.025 0.6000000238
9594  7.910  -70.200  -29.542 0.6000000238
7049  9.047  -73.141  -26.387 0.6000000238
7877  9.051  -72.112  -25.871 0.6000000238
10315  9.472  -69.102  -26.178 0.5000000000
8757  8.647  -70.497  -27.160 0.6000000238
132670  8.516  -69.046  -27.148 0.6000000238
10353  8.127  -69.366  -28.447 0.6000000238
10365  7.181  -69.571  -29.193 0.6000000238
7892  9.222  -72.317  -27.138 0.6000000238
10337  9.878  -68.460  -26.374 0.6000000238
9566  8.811  -69.528  -26.392 0.6000000238
10338  8.861  -68.579  -26.588 0.5000000000
11168  8.323  -68.422  -27.719 0.6000000238
10354  7.697  -68.773  -28.666 0.5000000000
11183  7.225  -68.591  -29.243 0.5000000000
12092  9.591  -66.670  -27.804 0.6000000238
12075  8.745  -67.057  -27.487 0.6000000238
11169  7.779  -67.999  -28.441 0.6000000238
144773  7.336  -67.857  -29.047 0.6000000238
11201  6.377  -68.763  -29.969 0.6999999881
11185  5.769  -68.992  -28.592 0.6999999881
11170  5.107  -68.604  -27.413 0.6999999881
11171  4.274  -68.353  -26.789 0.6999999881
12094  7.860  -67.050  -28.330 0.6000000238
12107  7.249  -67.274  -29.505 0.6999999881
12122  5.689  -67.673  -30.242 0.6999999881
11202  5.787  -68.445  -29.768 0.6999999881
12109  5.065  -67.897  -28.584 0.6999999881
12095  3.795  -67.505  -27.482 0.6000000238
14128  7.232  -65.558  -30.390 0.6000000238
9575  18.168  -71.161  -27.956 0.5000000000
8753  16.818  -71.165  -28.721 0.5000000000
10332  17.459  -69.633  -26.611 0.5000000000
154765  17.350  -70.853  -28.031 0.5000000000
9559  16.890  -70.264  -27.403 0.6000000238
148188  17.930  -67.346  -25.937 0.6000000238
10309  18.060  -68.478  -26.220 0.6000000238
10310  16.764  -68.837  -26.240 0.6000000238
10311  15.811  -69.204  -26.100 0.6000000238
134498  14.995  -69.105  -25.215 0.6000000238
12054  17.074  -67.064  -25.587 0.5000000000
11130  16.170  -67.490  -25.345 0.6000000238
11121  14.367  -68.779  -24.951 0.6000000238
13066  14.926  -66.222  -25.531 0.6000000238
12055  14.246  -67.077  -25.438 0.5000000000
142933  14.643  -67.723  -25.000 0.6000000238
10302  13.926  -69.572  -24.813 0.6000000238
13074  14.387  -66.029  -26.217 0.5000000000
11122  13.906  -68.404  -25.076 0.6000000238
145574  12.744  -69.688  -29.134 0.5000000000
11166  12.929  -68.435  -28.760 0.5000000000
10335  12.760  -70.126  -27.321 0.6000000238
11132  13.448  -68.652  -25.779 0.6000000238
6376  18.253  -74.620  -39.813 0.6000000238
8043  19.579  -73.264  -39.491 0.6999999881
142084  16.513  -70.639  -28.034 0.5000000000
12057  9.233  -67.581  -26.900 0.6000000238
12108  6.500  -67.519  -30.173 0.6999999881
9560  16.060  -70.289  -27.486 0.6000000238
10312  13.524  -69.479  -25.315 0.6000000238
11152  12.936  -69.233  -27.864 0.6000000238
146849  19.877  -78.830  -34.142 0.3000000119
3666  20.324  -78.101  -34.767 0.3000000119
3152  20.691  -78.509  -34.454 0.4000000060
4239  19.790  -77.007  -37.042 0.3000000119
4247  20.092  -76.822  -37.087 0.4000000060
4910  19.498  -76.295  -37.444 0.4000000060
141905  21.513  -74.401  -37.193 0.4000000060
5605  20.431  -75.208  -38.231 0.3000000119
145428  21.729  -74.104  -38.212 0.5000000000
6364  22.344  -74.201  -38.966 0.6000000238
4918  19.727  -75.423  -38.220 0.5000000000
6374  20.344  -74.276  -39.808 0.5000000000
5617  19.128  -74.728  -38.824 0.5000000000
8031  21.813  -72.743  -39.366 0.6000000238
151244  21.806  -71.267  -37.125 0.6999999881
8744  8.948  -70.443  -25.920 0.6000000238
12076  3.139  -67.786  -26.740 0.6000000238
11129  17.038  -67.834  -25.860 0.6000000238
14089  16.298  -65.542  -26.015 0.5000000000
11131  15.937  -68.356  -25.679 0.6000000238
11120  15.191  -68.066  -25.091 0.6000000238
13064  16.361  -66.182  -25.453 0.5000000000
12049  15.455  -67.201  -25.082 0.6000000238
14091  15.055  -65.542  -26.149 0.5000000000
12056  13.586  -67.738  -25.928 0.5000000000
11165  13.095  -68.147  -27.821 0.5000000000
137056  11.643  -86.671  -19.546 0.4000000060
816  10.828  -85.403  -19.592 0.5000000000
144  10.657  -89.030  -17.884 0.5000000000
135294  9.396  -89.414  -16.499 0.5000000000
29  7.972  -90.099  -16.097 0.5000000000
295  9.917  -88.600  -18.189 0.5000000000
143  11.505  -88.848  -18.136 0.5000000000
824  11.072  -84.440  -19.872 0.4000000060
1060  11.507  -83.586  -20.542 0.4000000060
1061  10.299  -83.798  -20.436 0.5000000000
1118  19.078  -83.600  -31.125 0.3000000119
1112  18.234  -84.540  -29.932 0.3000000119
1124  18.747  -83.535  -31.633 0.3000000119
1394  19.025  -82.732  -32.091 0.3000000119
133  11.275  -89.026  -17.142 0.4000000060
136347  10.724  -89.094  -16.402 0.5000000000
113  9.449  -89.431  -15.143 0.5000000000
293  12.297  -88.395  -18.330 0.4000000060
452  11.764  -87.732  -19.224 0.4000000060
143607  12.807  -86.629  -19.590 0.3000000119
450  13.418  -87.196  -19.293 0.3000000119
1668  11.603  -82.665  -22.404 0.4000000060
1059  12.863  -83.884  -20.463 0.3000000119
1324  12.441  -83.076  -21.061 0.4000000060
152765  11.517  -82.949  -21.330 0.5000000000
1103  19.562  -83.580  -29.856 0.3000000119
1105  18.097  -84.698  -29.125 0.3000000119
1389  19.279  -82.857  -31.496 0.3000000119
1721  19.914  -81.748  -32.158 0.3000000119
1729  19.337  -81.778  -33.045 0.3000000119
122  12.011  -88.751  -16.558 0.3000000119
123  11.321  -88.925  -16.137 0.4000000060
285  12.765  -88.325  -17.781 0.3000000119
822  13.570  -84.835  -20.225 0.3000000119
2069  12.596  -81.734  -21.895 0.4000000060
2079  12.607  -81.809  -22.375 0.4000000060
1646  12.923  -82.507  -21.141 0.4000000060
1322  14.233  -83.733  -20.418 0.3000000119
1366  19.729  -83.177  -28.543 0.4000000060
1376  19.448  -83.877  -28.927 0.4000000060
1367  19.077  -83.654  -28.250 0.4000000060
1368  18.222  -83.009  -27.966 0.4000000060
139381  16.576  -80.553  -27.496 0.4000000060
1356  15.749  -81.202  -26.223 0.5000000000
1374  19.813  -82.278  -29.796 0.3000000119
1383  19.491  -82.958  -30.735 0.3000000119
1387  19.809  -82.133  -30.699 0.3000000119
1727  20.320  -81.332  -32.806 0.3000000119
2618  20.358  -80.039  -33.492 0.3000000119
131  12.733  -88.413  -16.977 0.3000000119
2046  12.988  -80.990  -20.656 0.3000000119
2068  13.053  -81.239  -21.855 0.3000000119
2077  14.318  -81.746  -22.627 0.4000000060
138267  14.632  -82.679  -22.885 0.4000000060
148606  14.672  -83.417  -20.241 0.3000000119
1637  13.157  -81.750  -20.730 0.3000000119
1317  14.044  -83.001  -20.381 0.3000000119
157025  13.438  -82.576  -20.643 0.3000000119
1079  18.936  -83.900  -23.974 0.5000000000
1069  18.378  -83.988  -23.198 0.5000000000
2099  21.171  -81.271  -26.755 0.3000000119
150243  20.613  -81.960  -27.521 0.3000000119
2102  20.771  -81.449  -28.108 0.3000000119
1699  20.168  -82.672  -28.037 0.3000000119
1361  19.520  -83.028  -27.991 0.4000000060
153785  16.078  -81.322  -25.829 0.5000000000
1086  17.441  -83.477  -25.202 0.5000000000
1698  20.332  -82.105  -28.451 0.3000000119
153261  18.608  -83.050  -27.899 0.4000000060
1362  17.089  -80.985  -27.229 0.4000000060
1355  15.915  -80.797  -26.351 0.5000000000
157110  15.833  -81.641  -25.861 0.5000000000
1714  20.080  -81.719  -31.130 0.3000000119
1720  20.211  -81.476  -31.942 0.3000000119
2122  20.449  -81.093  -32.440 0.3000000119
149052  20.516  -80.892  -32.931 0.3000000119
2605  20.680  -79.345  -33.557 0.4000000060
2537  13.511  -80.696  -21.294 0.3000000119
2066  14.869  -81.337  -21.969 0.4000000060
139633  15.404  -83.559  -19.977 0.3000000119
1636  13.573  -82.215  -20.053 0.3000000119
2045  12.990  -81.060  -19.675 0.3000000119
1658  15.419  -82.299  -22.329 0.4000000060
1635  14.589  -82.692  -19.756 0.3000000119
154908  17.020  -83.958  -22.539 0.4000000060
156894  17.589  -83.814  -22.536 0.5000000000
1328  18.935  -82.575  -22.554 0.4000000060
1329  18.545  -82.956  -22.312 0.5000000000
2563  22.014  -80.272  -25.649 0.3000000119
1343  18.966  -83.393  -23.855 0.5000000000
1333  18.924  -82.964  -23.215 0.5000000000
136749  20.904  -81.383  -26.292 0.3000000119
1675  17.515  -81.933  -24.755 0.4000000060
1671  18.926  -82.518  -23.831 0.5000000000
2575  21.177  -80.906  -27.514 0.3000000119
2100  20.485  -81.875  -26.774 0.4000000060
1687  19.053  -81.633  -26.873 0.4000000060
1681  16.460  -81.301  -25.340 0.5000000000
1349  18.348  -82.843  -24.559 0.5000000000
138432  20.484  -81.457  -28.900 0.3000000119
1694  20.050  -82.459  -27.412 0.4000000060
1695  18.170  -81.720  -27.307 0.5000000000
1688  16.634  -80.705  -26.706 0.5000000000
2111  20.239  -81.571  -30.684 0.3000000119
138129  20.453  -80.186  -31.150 0.4000000060
159897  20.568  -79.402  -31.542 0.3000000119
2593  20.508  -80.364  -32.032 0.4000000060
3132  20.670  -79.326  -32.294 0.4000000060
8846  11.369  -71.853  -35.782 0.5000000000
2617  20.670  -79.045  -33.932 0.3000000119
1626  15.523  -82.372  -18.509 0.3000000119
1627  13.738  -81.889  -19.072 0.3000000119
2055  16.744  -81.399  -20.879 0.3000000119
143185  14.754  -82.218  -18.753 0.3000000119
153926  17.786  -81.466  -21.129 0.3000000119
1655  18.720  -82.433  -21.900 0.5000000000
2076  19.467  -81.546  -22.681 0.4000000060
2064  19.411  -81.155  -22.055 0.3000000119
3095  21.842  -79.972  -24.987 0.3000000119
142494  18.866  -81.027  -23.676 0.5000000000
2091  20.859  -81.048  -25.875 0.3000000119
2561  16.486  -80.865  -25.267 0.4000000060
154755  17.793  -81.183  -24.458 0.4000000060
2094  19.923  -81.577  -26.306 0.4000000060
2095  17.527  -80.471  -26.450 0.4000000060
2566  17.773  -80.995  -25.306 0.4000000060
2092  16.281  -81.153  -25.425 0.4000000060
148348  20.928  -80.552  -28.338 0.3000000119
3118  21.239  -79.571  -28.656 0.3000000119
145473  16.025  -80.870  -25.905 0.5000000000
2590  20.590  -79.998  -30.232 0.3000000119
3630  21.538  -78.504  -30.728 0.4000000060
3639  21.063  -78.435  -31.543 0.4000000060
134953  11.799  -71.730  -35.069 0.5000000000
3140  21.271  -78.585  -33.417 0.4000000060
3647  22.111  -78.105  -32.998 0.5000000000
8877  12.373  -71.794  -37.358 0.5000000000
4822  7.903  -76.692  -26.881 0.5000000000
2555  18.601  -80.264  -23.849 0.3000000119
3072  19.212  -79.795  -22.638 0.3000000119
4834  8.741  -76.740  -27.929 0.5000000000
4823  6.919  -76.506  -26.816 0.6000000238
3087  22.550  -79.383  -24.981 0.3000000119
144764  21.280  -79.717  -24.862 0.3000000119
3094  22.636  -79.745  -25.424 0.3000000119
2564  21.216  -80.424  -25.492 0.3000000119
153309  19.632  -80.383  -25.895 0.3000000119
136091  17.370  -80.712  -24.653 0.4000000060
3079  17.176  -80.252  -24.804 0.4000000060
6305  11.264  -74.413  -30.094 0.5000000000
5538  6.176  -75.447  -29.002 0.5000000000
2565  19.783  -80.610  -25.868 0.3000000119
142526  16.477  -80.761  -25.298 0.3000000119
3096  17.036  -79.920  -25.983 0.3000000119
7095  11.671  -73.687  -31.422 0.5000000000
3117  22.282  -79.239  -28.274 0.3000000119
3122  20.978  -79.407  -29.460 0.3000000119
7966  11.783  -72.078  -32.467 0.5000000000
3125  21.325  -78.964  -30.080 0.3000000119
8821  11.758  -71.733  -33.609 0.5000000000
3124  22.892  -78.891  -30.449 0.4000000060
8834  12.496  -71.800  -34.364 0.6000000238
139817  23.316  -78.562  -30.885 0.4000000060
3637  23.038  -77.968  -32.568 0.5000000000
7990  12.559  -71.869  -35.297 0.5000000000
3636  23.204  -77.568  -32.793 0.4000000060
3646  22.745  -77.754  -33.276 0.3000000119
142642  22.006  -78.100  -33.765 0.4000000060
8876  13.383  -71.790  -37.415 0.6000000238
5560  21.569  -75.642  -32.218 0.3000000119
5568  21.691  -75.819  -33.198 0.4000000060
4868  22.926  -76.952  -33.872 0.4000000060
3656  21.776  -77.946  -34.467 0.3000000119
8875  14.314  -71.714  -37.793 0.6000000238
134341  13.058  -71.935  -37.975 0.5000000000
5561  21.271  -75.130  -32.887 0.3000000119
5569  21.357  -75.396  -33.742 0.5000000000
4878  22.065  -76.495  -34.818 0.4000000060
4884  21.902  -76.701  -35.291 0.4000000060
136120  13.820  -71.781  -38.128 0.6000000238
137783  21.458  -74.613  -33.200 0.3000000119
6323  21.194  -74.904  -33.874 0.5000000000
4870  21.398  -75.484  -34.650 0.4000000060
4885  21.604  -76.104  -35.977 0.4000000060
6322  21.657  -74.217  -33.914 0.4000000060
6334  21.506  -74.507  -34.771 0.5000000000
154370  21.512  -75.332  -36.001 0.4000000060
6353  21.588  -74.388  -36.069 0.5000000000
5507  7.143  -75.660  -26.294 0.6000000238
5519  6.426  -75.737  -26.841 0.6000000238
3587  22.473  -78.716  -24.607 0.3000000119
3088  21.900  -79.234  -24.747 0.3000000119
3089  21.233  -79.064  -24.863 0.3000000119
137332  20.076  -79.639  -25.504 0.3000000119
149024  6.899  -75.203  -26.642 0.6000000238
6293  6.324  -75.194  -28.106 0.6000000238
3086  23.099  -79.400  -25.337 0.3000000119
148258  18.487  -79.559  -26.876 0.3000000119
6302  7.369  -75.055  -28.990 0.6000000238
3607  24.681  -78.721  -26.085 0.3000000119
132883  17.822  -80.645  -25.066 0.3000000119
141218  8.227  -74.786  -29.307 0.6000000238
3121  22.174  -78.841  -29.291 0.3000000119
7083  9.994  -73.371  -30.476 0.6000000238
6310  9.623  -74.000  -30.877 0.6000000238
7096  9.735  -73.334  -31.352 0.6000000238
7949  9.410  -72.536  -31.646 0.5000000000
4860  23.445  -77.493  -32.312 0.4000000060
143059  22.885  -76.551  -33.452 0.4000000060
145016  22.165  -73.881  -34.559 0.4000000060
6333  22.244  -73.859  -35.210 0.5000000000
4138  23.182  -78.276  -24.732 0.3000000119
4139  22.312  -77.857  -24.260 0.3000000119
138833  21.623  -78.298  -24.395 0.3000000119
3588  20.602  -78.453  -24.929 0.3000000119
3596  19.531  -78.645  -25.981 0.3000000119
3597  18.551  -78.780  -27.176 0.3000000119
131930  17.755  -79.263  -28.202 0.3000000119
6260  7.627  -74.863  -26.193 0.5000000000
3585  23.940  -78.595  -25.291 0.3000000119
3092  24.016  -79.304  -25.892 0.3000000119
7050  8.706  -73.778  -27.093 0.5000000000
6292  7.179  -74.767  -27.846 0.6000000238
3594  24.424  -78.740  -25.690 0.3000000119
134710  8.218  -74.617  -28.603 0.6000000238
3593  25.247  -78.277  -25.817 0.3000000119
7072  9.861  -73.862  -29.506 0.6000000238
4845  23.709  -77.291  -30.745 0.3000000119
3623  23.470  -78.316  -30.938 0.3000000119
7931  9.331  -71.794  -31.029 0.6000000238
9617  7.049  -71.785  -31.686 0.6000000238
7065  9.255  -74.053  -28.389 0.6000000238
7903  9.671  -72.352  -28.355 0.5000000000
8770  9.450  -71.531  -28.979 0.6000000238
8784  9.570  -71.459  -30.023 0.6000000238
8785  8.815  -71.228  -30.539 0.6000000238
8786  8.093  -71.685  -31.340 0.6000000238
9607  6.336  -72.049  -31.087 0.6000000238
9606  7.178  -71.690  -31.100 0.6000000238
9608  5.545  -72.152  -30.798 0.5000000000
7064  9.449  -73.201  -27.756 0.5000000000
8756  9.138  -71.518  -27.778 0.5000000000
8771  8.828  -70.805  -29.550 0.5000000000
9596  5.988  -72.013  -29.891 0.6000000238
152139  3.703  -70.721  -29.690 0.5000000000
10358  2.032  -68.953  -27.363 0.6000000238
10368  2.406  -69.299  -28.322 0.6000000238
10367  2.888  -69.634  -29.472 0.5000000000
11186  2.106  -68.485  -28.913 0.6000000238
11203  2.530  -68.801  -29.969 0.6000000238
146459  8.875  -70.971  -28.416 0.5000000000
9582  6.078  -71.377  -28.581 0.5000000000
9583  5.304  -71.549  -27.968 0.5000000000
9597  5.319  -72.161  -28.853 0.6000000238
9567  4.884  -70.729  -27.166 0.6000000238
9568  4.285  -70.715  -27.335 0.5000000000
9610  4.154  -71.338  -28.844 0.5000000000
147169  4.289  -70.117  -26.773 0.6000000238
12123  4.830  -67.433  -29.568 0.6000000238
10341  2.647  -69.455  -26.849 0.6000000238
11204  1.581  -67.788  -29.356 0.5000000000
16221  1.233  -63.690  -20.821 0.5000000000
9581  8.404  -70.280  -28.458 0.5000000000
9595  7.048  -70.985  -30.232 0.5000000000
10355  6.264  -69.921  -28.611 0.6000000238
17311  1.117  -62.922  -18.915 0.5000000000
18365  1.000  -61.549  -18.165 0.6000000238
16197  2.090  -63.465  -19.652 0.6000000238
16220  3.100  -63.859  -20.876 0.6000000238
16199  0.710  -63.396  -20.158 0.5000000000
135154  2.310  -63.750  -21.414 0.5000000000
139114  2.441  -63.646  -22.472 0.5000000000
12127  0.400  -67.484  -29.872 0.5000000000
136077  1.418  -67.581  -29.973 0.5000000000
18434  5.096  -61.632  -24.580 0.6000000238
18435  4.164  -61.395  -24.168 0.6999999881
151924  4.170  -61.925  -23.324 0.6000000238
18421  3.507  -61.299  -23.376 0.6999999881
19406  2.861  -60.943  -21.307 0.6000000238
19391  2.472  -61.222  -19.258 0.6000000238
18410  3.862  -62.077  -22.471 0.6000000238
18399  2.951  -61.465  -21.376 0.6000000238
17372  5.686  -62.925  -23.435 0.6000000238
17356  5.273  -63.053  -22.340 0.6000000238
17358  3.605  -62.421  -21.302 0.6000000238
18383  2.765  -61.387  -20.417 0.5000000000
147067  2.033  -61.027  -18.406 0.6000000238
16245  5.705  -63.750  -23.100 0.6000000238
17357  4.762  -62.825  -21.691 0.6000000238
17321  2.662  -63.081  -19.758 0.5000000000
18375  1.926  -61.829  -18.594 0.6000000238
16246  5.000  -63.424  -22.006 0.6000000238
17340  3.398  -63.217  -20.535 0.6000000238
15108  4.572  -64.466  -22.492 0.6000000238
16247  4.331  -63.805  -21.567 0.6000000238
154952  3.732  -63.983  -21.423 0.6000000238
156968  3.172  -64.421  -22.868 0.5000000000
15129  2.382  -64.151  -24.264 0.5000000000
15143  2.255  -64.608  -24.786 0.5000000000
15157  2.007  -64.694  -25.158 0.5000000000
15164  1.507  -64.634  -25.976 0.5000000000
20436  3.269  -60.414  -22.791 0.6000000238
20410  3.841  -60.098  -21.221 0.6999999881
15127  5.763  -64.677  -23.022 0.5000000000
147974  4.047  -65.186  -22.892 0.6000000238
14047  4.703  -65.822  -23.136 0.6000000238
14079  2.609  -64.757  -24.189 0.5000000000
14065  3.759  -65.788  -23.907 0.6000000238
15142  2.582  -64.877  -24.629 0.5000000000
15155  4.628  -64.672  -25.128 0.6000000238
15156  2.768  -64.674  -25.187 0.6000000238
136820  9.402  -58.946  -23.497 0.4000000060
139544  4.539  -57.906  -23.503 0.6999999881
22400  6.013  -58.567  -20.870 0.5000000000
21412  6.508  -59.456  -20.234 0.5000000000
20451  9.846  -59.835  -23.852 0.6000000238
146040  9.515  -59.907  -24.707 0.5000000000
21424  5.459  -58.799  -21.567 0.6000000238
20408  6.139  -60.264  -20.084 0.5000000000
20450  10.250  -60.059  -23.042 0.5000000000
20475  4.199  -59.121  -24.574 0.6000000238
21425  4.803  -58.838  -22.334 0.8000000119
19451  4.110  -60.110  -24.817 0.6999999881
20421  3.952  -59.699  -22.381 0.8000000119
143926  4.783  -59.972  -20.718 0.6999999881
13060  4.787  -66.388  -23.755 0.6000000238
14077  3.843  -65.921  -24.087 0.6000000238
22386  7.201  -57.727  -19.616 0.5000000000
21473  9.332  -58.519  -24.363 0.5000000000
22428  4.690  -57.179  -22.949 0.6999999881
22375  7.678  -58.298  -18.795 0.5000000000
154406  10.114  -59.604  -22.221 0.4000000060
20434  9.708  -59.365  -22.811 0.4000000060
20433  10.781  -60.171  -22.549 0.4000000060
18409  11.272  -61.647  -22.830 0.5000000000
17354  10.985  -62.532  -22.256 0.4000000060
149248  6.804  -57.156  -20.251 0.5000000000
22374  8.219  -57.540  -18.395 0.5000000000
22446  9.186  -58.010  -23.484 0.3000000119
22462  9.205  -57.526  -24.557 0.3000000119
22412  5.496  -57.034  -21.820 0.6000000238
19418  11.621  -60.834  -22.666 0.4000000060
18408  12.100  -61.508  -22.572 0.4000000060
16215  10.550  -63.676  -20.886 0.4000000060
23395  6.085  -56.339  -21.421 0.6000000238
155661  5.639  -56.456  -22.275 0.6000000238
17353  11.998  -62.407  -22.037 0.4000000060
23375  7.209  -56.465  -19.741 0.5000000000
22385  7.772  -57.165  -19.175 0.5000000000
24499  9.816  -55.915  -21.352 0.3000000119
23455  9.199  -56.830  -23.730 0.3000000119
144076  9.164  -55.902  -24.290 0.3000000119
24571  8.718  -55.663  -24.851 0.4000000060
17338  12.912  -62.672  -21.584 0.3000000119
135813  12.121  -63.276  -21.171 0.4000000060
16213  12.934  -63.399  -21.395 0.4000000060
24527  9.229  -55.229  -23.829 0.4000000060
24491  6.608  -55.445  -20.896 0.6000000238
23359  7.539  -55.995  -19.086 0.4000000060
25678  8.872  -54.927  -24.086 0.4000000060
25618  10.698  -54.573  -20.489 0.3000000119
25630  10.250  -54.396  -21.322 0.3000000119
24473  7.033  -55.406  -19.236 0.5000000000
26831  8.626  -54.158  -23.542 0.4000000060
26812  8.105  -53.938  -22.935 0.4000000060
27884  8.154  -52.698  -21.545 0.5000000000
132293  8.654  -53.332  -23.016 0.4000000060
27883  8.684  -52.551  -22.530 0.4000000060
31303  11.526  -49.348  -23.929 0.3000000119
32367  11.146  -48.865  -23.356 0.3000000119
30117  10.273  -50.021  -23.238 0.3000000119
31286  10.026  -49.736  -22.391 0.3000000119
32328  10.859  -48.900  -21.919 0.3000000119
30003  4.543  -50.178  -15.006 0.4000000060
32366  11.833  -48.583  -23.780 0.3000000119
3598  15.961  -79.852  -26.438 0.3000000119
3627  23.472  -77.878  -31.607 0.4000000060
28947  9.320  -52.024  -23.183 0.3000000119
14084  5.764  -65.530  -24.790 0.6000000238
145577  3.777  -49.128  -13.622 0.4000000060
18418  10.619  -61.459  -23.617 0.5000000000
30118  9.727  -50.489  -22.788 0.3000000119
3663  22.091  -77.347  -34.789 0.3000000119
155596  22.700  -76.724  -34.245 0.4000000060
9605  7.918  -71.112  -30.415 0.5000000000
451  12.695  -87.424  -19.323 0.4000000060
303  11.013  -88.070  -19.005 0.5000000000
125  8.943  -89.830  -15.741 0.5000000000
157851  10.622  -83.327  -21.696 0.5000000000
1097  18.535  -84.122  -28.722 0.4000000060
441  12.577  -88.052  -19.002 0.4000000060
1648  12.177  -82.368  -21.703 0.4000000060
1345  12.572  -82.681  -23.170 0.4000000060
1375  19.717  -82.962  -29.384 0.4000000060
1098  17.876  -84.050  -28.637 0.4000000060
1369  17.106  -81.599  -28.420 0.4000000060
111  11.079  -88.670  -15.488 0.3000000119
1057  14.349  -84.469  -20.378 0.3000000119
1647  12.825  -81.761  -21.402 0.3000000119
2078  13.368  -81.600  -22.585 0.4000000060
1665  13.731  -82.249  -23.106 0.4000000060
1701  20.038  -81.970  -29.365 0.3000000119
2105  20.286  -81.551  -29.831 0.4000000060
2067  13.867  -81.060  -22.077 0.4000000060
144909  16.315  -83.192  -22.386 0.4000000060
138762  16.596  -81.823  -25.285 0.5000000000
8005  11.184  -71.808  -34.911 0.5000000000
2115  20.351  -81.265  -31.530 0.4000000060
1645  16.944  -82.053  -21.451 0.4000000060
1657  16.543  -82.544  -21.930 0.4000000060
1330  18.130  -82.930  -21.913 0.5000000000
1664  19.313  -82.261  -22.872 0.5000000000
2582  21.582  -79.959  -27.804 0.3000000119
2588  20.630  -80.447  -29.338 0.3000000119
8844  12.768  -71.869  -36.014 0.6000000238
2052  18.998  -81.191  -21.529 0.3000000119
1644  17.908  -82.172  -21.484 0.4000000060
152979  16.857  -80.553  -25.218 0.3000000119
136869  12.393  -71.621  -33.270 0.5000000000
3629  22.417  -78.294  -31.201 0.4000000060
136600  18.384  -79.474  -24.039 0.3000000119
3090  16.561  -79.771  -25.649 0.3000000119
4861  22.477  -76.242  -32.657 0.4000000060
4198  23.295  -77.119  -33.102 0.4000000060
4199  22.951  -77.257  -33.530 0.4000000060
6314  21.538  -74.407  -32.165 0.3000000119
7916  10.037  -72.213  -29.377 0.6000000238
133777  23.295  -76.809  -32.401 0.3000000119
149750  18.079  -78.490  -28.540 0.3000000119
3605  26.034  -77.813  -26.520 0.3000000119
9598  4.822  -72.208  -28.904 0.5000000000
9585  3.812  -70.781  -27.853 0.6000000238
19434  3.372  -60.490  -23.557 0.6999999881
20420  4.961  -59.626  -21.397 0.6999999881
21456  3.963  -58.870  -23.900 0.6999999881
22413  5.022  -57.738  -22.187 0.6000000238
23412  9.478  -56.624  -21.889 0.3000000119
24500  9.526  -55.747  -22.283 0.3000000119
7976  13.426  -71.953  -33.884 0.5000000000
8807  13.254  -71.591  -32.984 0.5000000000
8882  24.232  -72.057  -38.492 0.6000000238
10366  6.784  -70.273  -29.213 0.4000000060
11184  6.368  -69.136  -29.301 0.5000000000
132499  1.352  -67.478  -28.362 0.5000000000
140726  4.699  -66.901  -30.221 0.5000000000
12124  3.309  -66.629  -28.798 0.5000000000
12096  1.916  -66.906  -26.960 0.5000000000
12126  2.146  -66.908  -28.672 0.5000000000
12125  2.085  -66.383  -27.955 0.5000000000
14144  6.288  -65.398  -31.011 0.5000000000
13125  0.772  -66.864  -27.667 0.4000000060
14145  3.984  -65.790  -30.999 0.5000000000
13123  3.570  -66.388  -29.976 0.5000000000
13124  2.239  -66.359  -28.377 0.5000000000
14148  0.124  -65.592  -27.624 0.5000000000
14165  3.460  -65.111  -31.199 0.6000000238
14146  2.738  -65.681  -29.315 0.5000000000
14147  1.609  -65.688  -27.891 0.5000000000
16308  2.967  -63.938  -26.614 0.5000000000
15212  3.497  -64.226  -31.652 0.6000000238
15182  2.286  -64.375  -28.369 0.5000000000
16337  2.273  -64.331  -27.948 0.5000000000
14166  2.562  -64.943  -29.870 0.6000000238
150781  2.728  -63.952  -29.954 0.6000000238
133500  2.154  -64.602  -28.579 0.5000000000
16406  3.990  -63.072  -33.116 0.6000000238
17508  3.724  -62.611  -31.548 0.6000000238
16368  3.266  -63.389  -30.730 0.6000000238
17448  3.439  -63.272  -28.151 0.6000000238
18554  3.822  -61.676  -30.224 0.6000000238
16319  3.912  -63.058  -27.300 0.5000000000
16294  4.097  -64.154  -25.503 0.5000000000
17477  3.515  -62.437  -29.661 0.6000000238
16336  3.116  -63.459  -28.844 0.6000000238
19373  3.531  -59.898  -19.623 0.5000000000
19372  4.882  -60.130  -19.493 0.5000000000
19390  2.938  -60.524  -20.343 0.5000000000
16293  5.203  -64.034  -25.527 0.6000000238
18519  4.197  -61.249  -28.873 0.6000000238
143953  4.929  -63.465  -25.967 0.6000000238
17463  3.671  -62.253  -28.882 0.6000000238
145985  4.619  -62.300  -27.654 0.6000000238
18502  4.680  -61.574  -28.165 0.6000000238
26830  9.267  -53.855  -23.650 0.3000000119
28830  4.523  -50.683  -14.785 0.3000000119
6352  22.091  -73.692  -36.735 0.4000000060
6356  23.473  -73.482  -38.459 0.5000000000
8902  14.600  -72.072  -38.894 0.5000000000
8890  15.328  -71.882  -38.595 0.5000000000
7170  24.139  -73.149  -38.710 0.4000000060
8021  15.004  -71.928  -37.263 0.4000000060
8866  24.527  -71.669  -37.920 0.4000000060
8820  12.737  -71.678  -33.632 0.4000000060
7154  13.794  -72.780  -35.184 0.4000000060
7989  13.221  -72.247  -34.825 0.4000000060
8860  13.472  -71.946  -36.427 0.4000000060
8015  14.142  -71.877  -36.998 0.4000000060
9680  23.864  -71.174  -36.046 0.4000000060
138149  22.978  -71.191  -35.448 0.4000000060
9672  22.203  -71.325  -35.696 0.4000000060
8808  12.487  -71.625  -32.613 0.4000000060
9681  22.835  -71.249  -36.283 0.4000000060
149908  21.401  -71.693  -34.215 0.4000000060
149676  21.066  -71.806  -33.455 0.5000000000
19544  4.558  -60.818  -29.394 0.5000000000
19563  5.373  -60.535  -30.011 0.5000000000
18518  4.948  -60.895  -28.463 0.5000000000
19530  5.433  -60.453  -28.842 0.5000000000
19511  7.132  -60.157  -27.620 0.5000000000
143354  5.931  -62.263  -27.335 0.5000000000
17444  7.656  -62.038  -27.336 0.5000000000
19387  5.941  -60.438  -19.516 0.4000000060
133983  6.688  -59.973  -18.712 0.4000000060
18501  6.025  -61.450  -27.727 0.5000000000
17423  5.143  -62.736  -26.811 0.5000000000
8868  22.177  -71.498  -37.724 0.5000000000
8854  23.567  -71.416  -36.994 0.4000000060
131437  22.413  -71.347  -34.920 0.4000000060
136  8.554  -89.686  -16.761 0.4000000060
133896  8.085  -89.694  -17.568 0.4000000060
184  8.235  -87.989  -22.881 0.4000000060
150729  9.834  -88.973  -17.687 0.4000000060
132434  8.635  -89.194  -17.541 0.4000000060
176  8.701  -87.895  -22.419 0.4000000060
146  8.204  -88.979  -18.179 0.4000000060
317  9.974  -88.232  -22.651 0.4000000060
166  9.007  -87.962  -22.146 0.4000000060
153067  7.422  -88.012  -21.440 0.4000000060
304  9.905  -87.859  -18.725 0.5000000000
296  9.152  -88.135  -18.420 0.5000000000
305  8.780  -87.620  -18.884 0.4000000060
297  8.488  -88.285  -18.594 0.4000000060
140076  7.493  -88.058  -21.090 0.4000000060
133528  10.577  -87.154  -19.232 0.5000000000
817  9.869  -85.385  -19.584 0.5000000000
635  9.708  -86.281  -19.480 0.5000000000
454  8.555  -87.097  -19.614 0.4000000060
132212  7.978  -88.642  -18.879 0.4000000060
825  8.871  -85.045  -20.637 0.4000000060
636  8.900  -86.379  -19.668 0.4000000060
458  10.974  -87.466  -22.261 0.4000000060
459  10.256  -87.746  -22.224 0.4000000060
132637  9.606  -88.092  -22.126 0.4000000060
146110  7.964  -87.785  -21.218 0.4000000060
308  7.580  -88.193  -20.529 0.4000000060
310  10.158  -88.033  -22.412 0.4000000060
311  9.483  -88.024  -22.225 0.4000000060
839  9.388  -84.866  -21.506 0.5000000000
642  8.708  -86.209  -21.226 0.4000000060
639  8.470  -86.410  -20.707 0.4000000060
456  8.191  -87.335  -20.363 0.4000000060
648  11.175  -86.462  -22.231 0.5000000000
641  10.144  -86.806  -22.003 0.4000000060
460  9.233  -87.285  -21.751 0.4000000060
461  8.409  -86.954  -20.982 0.4000000060
646  13.236  -86.980  -22.880 0.3000000119
653  14.503  -86.527  -23.737 0.3000000119
835  14.692  -85.958  -23.079 0.4000000060
140855  12.990  -86.336  -22.576 0.3000000119
1073  14.863  -85.009  -23.014 0.4000000060
145210  13.112  -85.362  -22.726 0.4000000060
667  15.783  -86.054  -25.413 0.3000000119
658  15.312  -86.249  -24.412 0.4000000060
135016  15.290  -86.137  -23.915 0.4000000060
834  15.473  -85.583  -23.294 0.4000000060
656  16.368  -85.389  -24.272 0.4000000060
644  15.721  -85.630  -23.681 0.4000000060
134406  16.247  -85.210  -23.427 0.4000000060
135629  16.072  -83.961  -22.694 0.3000000119
647  12.417  -86.976  -22.373 0.3000000119
140498  13.978  -84.146  -23.139 0.3000000119
159629  13.266  -84.425  -23.071 0.4000000060
666  16.353  -85.384  -25.388 0.4000000060
1072  15.797  -84.812  -22.985 0.3000000119
833  16.388  -85.277  -23.739 0.4000000060
1081  17.843  -84.479  -23.645 0.4000000060
1071  16.743  -84.672  -22.970 0.4000000060
837  12.044  -85.518  -22.426 0.4000000060
677  15.953  -85.787  -25.920 0.4000000060
158943  15.463  -83.156  -22.654 0.3000000119
863  16.466  -84.161  -25.698 0.4000000060
864  16.056  -84.749  -26.109 0.4000000060
853  16.944  -83.817  -25.448 0.4000000060
846  17.774  -84.515  -24.805 0.4000000060
847  17.243  -84.905  -24.323 0.4000000060
148312  9.922  -84.528  -21.845 0.4000000060
1076  11.225  -83.924  -22.579 0.4000000060
1338  12.982  -83.430  -23.292 0.3000000119
1075  12.342  -84.199  -22.962 0.4000000060
1337  13.902  -83.133  -23.243 0.3000000119
1089  15.641  -82.140  -25.939 0.4000000060
1357  15.511  -81.071  -26.455 0.4000000060
1088  16.101  -82.189  -25.619 0.4000000060
1083  18.413  -84.059  -24.448 0.4000000060
842  17.931  -84.549  -24.143 0.4000000060
1062  9.505  -84.324  -20.529 0.4000000060
1339  11.850  -83.073  -22.947 0.3000000119
840  9.238  -84.477  -21.111 0.4000000060
1066  9.929  -83.787  -21.220 0.4000000060
1077  9.682  -84.192  -21.501 0.4000000060
136522  10.287  -83.782  -21.937 0.4000000060
148890  20.744  -72.030  -32.130 0.4000000060
854  17.091  -84.858  -25.055 0.4000000060
23  8.181  -90.088  -15.430 0.5000000000
124  10.013  -89.360  -15.937 0.5000000000
132  12.119  -88.704  -17.514 0.3000000119
134  10.180  -89.164  -16.994 0.5000000000
135  9.244  -89.165  -17.250 0.4000000060
145  9.017  -88.656  -17.919 0.4000000060
167  8.101  -88.035  -22.156 0.4000000060
175  9.366  -88.104  -22.526 0.4000000060
183  8.952  -88.103  -22.863 0.4000000060
294  10.858  -88.569  -18.491 0.5000000000
306  8.013  -87.931  -19.384 0.4000000060
312  8.254  -87.731  -21.721 0.4000000060
316  10.914  -88.063  -22.662 0.4000000060
442  11.700  -88.343  -18.784 0.4000000060
453  9.360  -87.051  -19.242 0.4000000060
475  15.552  -86.172  -24.869 0.3000000119
634  10.537  -86.182  -19.493 0.5000000000
637  8.566  -86.463  -20.123 0.4000000060
645  14.278  -86.442  -23.342 0.3000000119
649  10.019  -85.511  -21.945 0.5000000000
651  16.838  -85.143  -23.976 0.4000000060
652  16.026  -85.553  -23.967 0.4000000060
657  15.694  -85.830  -24.345 0.4000000060
815  11.971  -85.625  -19.835 0.4000000060
818  9.011  -85.597  -19.876 0.4000000060
819  8.744  -86.026  -19.993 0.4000000060
826  8.672  -85.818  -20.382 0.4000000060
828  9.242  -85.905  -21.593 0.4000000060
829  8.844  -85.259  -21.181 0.5000000000
830  8.581  -85.658  -20.899 0.4000000060
832  17.069  -84.890  -23.605 0.4000000060
836  13.806  -86.218  -22.828 0.4000000060
838  10.694  -84.868  -22.199 0.4000000060
843  17.460  -84.842  -23.973 0.4000000060
1051  15.079  -84.921  -20.141 0.3000000119
1052  10.060  -84.553  -19.819 0.4000000060
1053  9.336  -84.860  -20.003 0.5000000000
1058  13.728  -84.056  -20.454 0.3000000119
1065  11.018  -83.120  -22.294 0.3000000119
1068  18.792  -83.675  -23.533 0.5000000000
1070  17.618  -84.305  -22.950 0.5000000000
1074  14.005  -85.249  -22.921 0.4000000060
1080  18.549  -84.196  -23.805 0.5000000000
1082  18.708  -83.585  -24.307 0.4000000060
1085  17.786  -83.102  -24.980 0.5000000000
1094  15.262  -81.614  -26.442 0.4000000060
1104  18.990  -84.339  -29.488 0.4000000060
1106  17.729  -84.573  -29.199 0.3000000119
1111  19.136  -84.030  -30.428 0.3000000119
1323  13.417  -83.284  -20.656 0.3000000119
1325  10.699  -83.236  -21.189 0.5000000000
1334  18.676  -83.302  -22.870 0.5000000000
1335  18.129  -83.571  -22.517 0.5000000000
1336  17.371  -83.283  -22.167 0.4000000060
1344  13.209  -82.688  -23.278 0.4000000060
1354  16.222  -82.009  -25.574 0.5000000000
1382  19.683  -82.705  -30.108 0.3000000119
1388  19.697  -82.199  -31.376 0.3000000119
1393  19.504  -82.291  -31.937 0.3000000119
1625  16.325  -82.686  -18.667 0.3000000119
1643  18.653  -81.710  -21.500 0.3000000119
1654  19.300  -81.871  -22.094 0.3000000119
1656  17.407  -82.628  -21.736 0.4000000060
1659  12.041  -82.264  -22.176 0.4000000060
1660  11.244  -82.776  -21.886 0.4000000060
1666  12.890  -82.121  -23.023 0.4000000060
1667  12.169  -82.338  -22.739 0.4000000060
1702  19.913  -82.469  -28.884 0.3000000119
1708  19.968  -81.886  -30.293 0.4000000060
1715  19.976  -81.774  -31.432 0.3000000119
1722  19.431  -82.065  -32.522 0.3000000119
1728  19.902  -81.638  -33.041 0.3000000119
2038  14.087  -81.667  -18.148 0.3000000119
2057  13.127  -80.926  -21.132 0.3000000119
2058  12.986  -81.365  -21.446 0.3000000119
2065  15.929  -81.827  -21.556 0.4000000060
2088  17.030  -81.147  -24.910 0.4000000060
2132  20.045  -81.326  -33.372 0.4000000060
2140  20.107  -80.722  -33.567 0.4000000060
2141  19.613  -81.223  -33.605 0.4000000060
2546  19.393  -80.723  -22.728 0.3000000119
2562  22.838  -79.855  -25.832 0.3000000119
2568  19.216  -80.896  -26.155 0.3000000119
2596  20.911  -79.358  -32.819 0.4000000060
2597  20.608  -80.390  -32.795 0.3000000119
2606  20.519  -80.266  -33.194 0.3000000119
3127  20.742  -79.076  -30.805 0.3000000119
3131  21.191  -78.477  -32.579 0.5000000000
3146  21.258  -78.587  -34.047 0.3000000119
3160  20.684  -77.923  -35.143 0.4000000060
3586  23.183  -79.010  -25.013 0.3000000119
3595  23.691  -79.176  -25.514 0.3000000119
3606  25.418  -78.249  -26.307 0.3000000119
3628  23.238  -78.153  -31.645 0.4000000060
3638  22.089  -78.011  -32.067 0.5000000000
3655  22.462  -77.563  -34.049 0.3000000119
3675  21.133  -77.474  -35.845 0.3000000119
3684  20.443  -77.248  -36.438 0.3000000119
3685  20.209  -77.237  -36.539 0.3000000119
4179  23.659  -77.920  -30.909 0.3000000119
4207  22.656  -77.074  -34.340 0.3000000119
4229  21.271  -77.007  -36.266 0.4000000060
4237  20.559  -77.019  -36.755 0.4000000060
4246  20.520  -76.560  -37.192 0.4000000060
4248  19.331  -76.621  -37.338 0.3000000119
4813  7.604  -76.144  -26.240 0.6000000238
4835  7.020  -76.939  -27.488 0.6000000238
4852  23.560  -77.426  -31.590 0.4000000060
4869  21.916  -76.065  -34.085 0.4000000060
4877  22.556  -76.894  -34.608 0.4000000060
4898  21.346  -76.312  -36.699 0.4000000060
5506  8.008  -75.322  -25.828 0.5000000000
5533  10.559  -75.434  -29.075 0.6000000238
5543  11.366  -74.308  -30.896 0.5000000000
5544  10.889  -74.945  -30.457 0.5000000000
5559  22.322  -76.228  -31.740 0.4000000060
5576  21.629  -75.922  -35.489 0.4000000060
5584  21.404  -74.985  -35.457 0.5000000000
5593  21.409  -74.914  -36.454 0.4000000060
5614  21.370  -74.475  -38.595 0.5000000000
5619  17.598  -75.285  -39.638 0.5000000000
5627  19.529  -74.414  -39.423 0.5000000000
5628  18.483  -74.729  -39.536 0.5000000000
5629  17.889  -75.117  -39.958 0.4000000060
5630  16.504  -74.937  -39.888 0.4000000060
6244  10.914  -74.197  -25.152 0.6999999881
6245  10.144  -74.665  -25.221 0.6000000238
6246  9.553  -74.336  -25.034 0.6000000238
6273  11.595  -74.475  -26.990 0.6999999881
6274  11.175  -74.727  -27.793 0.6999999881
6276  7.203  -74.722  -26.908 0.6000000238
6277  6.571  -75.168  -27.281 0.6000000238
6291  8.034  -74.341  -27.528 0.6000000238
6300  9.588  -74.151  -30.214 0.6000000238
6301  8.959  -74.454  -29.534 0.6000000238
6306  9.032  -74.537  -30.572 0.6000000238
6321  22.937  -73.783  -33.938 0.4000000060
6335  16.190  -73.833  -33.849 0.6000000238
6342  22.223  -73.671  -35.907 0.5000000000
6343  21.673  -74.249  -35.502 0.5000000000
6359  22.757  -73.924  -38.691 0.6000000238
6366  20.862  -74.432  -39.637 0.5000000000
6373  21.027  -74.222  -39.901 0.6000000238
7007  10.281  -73.422  -24.608 0.6999999881
7008  9.701  -73.498  -24.718 0.6000000238
7020  12.570  -72.904  -25.196 0.6999999881
7021  12.417  -73.411  -25.461 0.8000000119
7023  10.690  -73.681  -24.757 0.6999999881
7031  12.841  -73.674  -26.136 0.8000000119
7081  12.437  -73.332  -30.336 0.8000000119
7091  21.894  -73.869  -31.316 0.3000000119
7092  17.700  -73.274  -32.077 0.6999999881
7109  16.224  -73.389  -32.867 0.8000000119
7120  18.517  -73.270  -33.355 0.6999999881
7121  17.765  -73.535  -33.438 0.8000000119
7123  15.863  -73.669  -33.555 0.6000000238
7135  17.464  -73.581  -34.172 0.6999999881
7136  16.586  -73.800  -34.173 0.8000000119
7139  13.940  -72.869  -34.563 0.6000000238
7153  14.416  -73.282  -35.086 0.6000000238
7168  24.657  -73.172  -37.985 0.4000000060
7175  24.195  -72.925  -39.030 0.6999999881
7178  22.094  -73.621  -39.462 0.6000000238
7188  17.049  -73.778  -39.859 0.6000000238
7867  10.590  -72.417  -24.752 0.6000000238
7868  9.607  -72.519  -24.745 0.6000000238
7928  13.550  -71.959  -30.878 0.6999999881
7930  10.011  -72.278  -30.339 0.6000000238
7945  14.990  -71.946  -32.065 0.6000000238
7948  9.808  -72.589  -31.030 0.6000000238
7960  18.515  -73.128  -31.839 0.5000000000
7962  15.453  -72.676  -32.579 0.6999999881
7973  19.822  -72.548  -33.032 0.6000000238
7975  14.837  -72.750  -33.178 0.6000000238
7986  20.311  -72.268  -33.766 0.6000000238
7991  11.197  -71.947  -34.152 0.5000000000
8003  14.051  -72.629  -35.803 0.4000000060
8004  13.328  -72.216  -35.594 0.5000000000
8012  18.350  -72.394  -36.119 0.8000000119
8013  16.150  -72.432  -36.311 0.6000000238
8014  15.322  -72.490  -36.405 0.6000000238
8030  22.931  -72.799  -39.300 0.6999999881
8032  20.888  -72.694  -39.324 0.6999999881
8033  20.026  -72.639  -39.206 0.6999999881
8034  19.181  -72.488  -39.181 0.6999999881
8042  20.416  -73.389  -39.645 0.6999999881
8045  17.529  -73.256  -39.402 0.6999999881
8714  13.471  -72.018  -25.228 0.8999999762
8716  11.175  -72.252  -25.181 0.6999999881
8718  9.529  -70.582  -25.398 0.6000000238
8721  14.067  -71.966  -25.318 0.8999999762
8739  14.653  -71.891  -26.186 0.8999999762
8743  8.864  -71.313  -26.412 0.6000000238
8745  4.875  -71.418  -27.745 0.5000000000
8752  17.825  -71.501  -28.572 0.5000000000
8755  14.534  -72.018  -28.551 0.8000000119
8764  18.389  -71.923  -29.127 0.5000000000
8767  15.400  -71.314  -29.517 0.6000000238
8768  14.898  -71.524  -29.007 0.8000000119
8772  4.993  -71.964  -28.274 0.5000000000
8783  14.080  -71.703  -30.765 0.6999999881
8797  13.771  -71.561  -31.431 0.6999999881
8799  8.790  -71.969  -31.847 0.5000000000
8809  11.891  -71.708  -32.999 0.5000000000
8835  11.726  -71.734  -34.291 0.6000000238
8845  12.048  -71.749  -35.938 0.6000000238
8856  21.273  -71.362  -36.782 0.6999999881
8859  18.155  -72.125  -36.973 0.8000000119
8861  12.557  -71.739  -36.696 0.6000000238
8862  11.661  -71.776  -36.736 0.5000000000
8867  23.163  -71.599  -37.756 0.4000000060
8870  19.712  -71.867  -37.597 0.8000000119
8872  17.829  -71.941  -37.872 0.6999999881
8874  15.842  -71.818  -37.828 0.6000000238
8884  21.791  -71.703  -38.454 0.6999999881
8888  17.382  -71.981  -38.671 0.6999999881
8891  14.478  -71.772  -38.421 0.5000000000
8894  23.320  -72.044  -39.049 0.6999999881
8897  20.484  -72.095  -39.002 0.6999999881
8903  13.838  -72.044  -38.533 0.6000000238
9528  14.334  -70.509  -24.862 0.6999999881
9538  15.057  -70.457  -25.764 0.6999999881
9544  9.330  -69.906  -25.841 0.5000000000
9545  3.533  -69.953  -26.728 0.6000000238
9565  10.449  -70.199  -26.540 0.6999999881
9569  3.397  -70.232  -27.177 0.6000000238
9579  11.613  -70.817  -28.942 0.6999999881
9584  4.609  -71.571  -28.094 0.5000000000
9592  11.692  -70.778  -29.884 0.5000000000
9673  21.437  -71.492  -35.963 0.6000000238
10301  14.268  -69.743  -24.842 0.6999999881
10313  12.933  -70.389  -26.163 0.6999999881
10316  3.016  -69.278  -26.468 0.6000000238
10317  2.420  -68.834  -26.611 0.6000000238
10333  16.348  -69.689  -26.786 0.6000000238
10336  10.217  -69.009  -26.608 0.6000000238
10339  4.662  -69.428  -26.762 0.6999999881
10340  3.783  -69.420  -26.505 0.6000000238
10342  1.929  -68.554  -26.865 0.6000000238
10356  5.628  -70.149  -27.748 0.6000000238
10357  2.870  -69.934  -27.583 0.6000000238
10363  12.656  -69.947  -30.086 0.5000000000
10405  10.628  -70.230  -32.292 0.6000000238
10406  9.883  -70.048  -32.569 0.6000000238
10422  9.710  -69.760  -33.231 0.6000000238
11133  9.361  -68.141  -26.513 0.6000000238
11134  3.246  -68.891  -26.395 0.6000000238
11135  2.709  -68.699  -26.502 0.6000000238
11136  2.126  -68.242  -26.638 0.6000000238
11151  13.201  -68.422  -26.828 0.6000000238
11153  10.198  -68.058  -26.779 0.6000000238
11154  9.777  -67.752  -26.730 0.6000000238
11155  8.813  -67.807  -26.967 0.6000000238
11156  8.324  -67.609  -27.719 0.6000000238
11157  3.758  -68.674  -26.510 0.6999999881
11158  1.654  -68.044  -26.836 0.6000000238
11172  1.567  -68.262  -27.256 0.6000000238
11173  1.488  -67.992  -27.378 0.5000000000
11182  10.048  -68.304  -29.625 0.5000000000
11187  1.510  -68.218  -27.845 0.5000000000
11188  1.442  -68.059  -27.589 0.5000000000
11200  6.767  -69.101  -29.646 0.5000000000
11227  9.009  -69.482  -32.907 0.6000000238
11241  8.822  -68.853  -33.388 0.6000000238
12002  7.639  -67.648  -21.621 0.8000000119
12004  6.316  -67.571  -20.840 0.8000000119
12005  5.317  -67.380  -21.152 0.6999999881
12006  4.735  -67.337  -21.675 0.6999999881
12016  6.715  -68.118  -21.697 0.6999999881
12018  5.216  -67.590  -21.905 0.6999999881
12019  4.640  -67.373  -21.978 0.6999999881
12020  4.301  -67.280  -22.109 0.6999999881
12032  5.902  -68.117  -22.133 0.6999999881
12034  4.712  -67.312  -22.462 0.6999999881
12035  4.016  -67.122  -22.487 0.6999999881
12047  16.981  -66.468  -25.648 0.5000000000
12048  16.309  -66.775  -25.265 0.5000000000
12058  2.831  -68.288  -26.541 0.6000000238
12072  13.340  -67.424  -27.159 0.5000000000
12073  10.017  -67.401  -27.234 0.6999999881
12074  9.417  -67.130  -27.251 0.6000000238
12077  2.115  -67.652  -26.705 0.6000000238
12093  8.410  -66.241  -28.233 0.6999999881
12097  2.059  -67.703  -27.306 0.5000000000
12110  3.953  -67.108  -28.467 0.5000000000
12111  2.593  -66.753  -27.873 0.5000000000
12121  6.852  -68.350  -29.963 0.6999999881
12138  8.474  -67.454  -32.510 0.5000000000
12186  10.208  -66.918  -34.530 0.5000000000
13003  9.106  -66.470  -21.051 0.6999999881
13004  8.531  -66.464  -20.697 0.8000000119
13005  7.245  -67.159  -20.525 0.8000000119
13006  6.515  -66.935  -20.585 0.8000000119
13014  8.180  -67.117  -21.064 0.8000000119
13029  4.676  -66.947  -21.564 0.6999999881
13044  4.852  -66.985  -23.466 0.6999999881
13045  4.506  -66.752  -23.232 0.6000000238
13057  7.934  -66.600  -23.595 0.8000000119
13059  5.785  -67.052  -23.621 0.6999999881
13065  15.651  -66.355  -25.274 0.6000000238
13090  9.035  -66.492  -27.665 0.6999999881
13103  7.655  -66.137  -28.847 0.6999999881
13111  8.635  -65.729  -28.801 0.6999999881
13112  7.238  -66.448  -29.995 0.6000000238
13137  8.800  -66.948  -31.386 0.6000000238
13152  7.887  -66.782  -32.880 0.5000000000
13153  7.338  -66.186  -33.302 0.6000000238
13185  10.739  -66.244  -34.902 0.5000000000
13187  9.697  -66.549  -34.862 0.6000000238
13188  8.568  -66.484  -34.533 0.6000000238
13202  9.711  -66.045  -35.161 0.6000000238
13203  9.104  -66.275  -35.054 0.6000000238
14015  9.879  -65.473  -20.763 0.6000000238
14017  8.228  -65.981  -20.507 0.8000000119
14031  9.703  -66.055  -21.004 0.6000000238
14032  6.267  -66.370  -20.934 0.8000000119
14044  9.747  -66.234  -21.554 0.6999999881
14046  4.464  -66.150  -22.615 0.6999999881
14048  3.334  -64.970  -23.446 0.6000000238
14061  11.319  -65.444  -22.558 0.6000000238
14064  8.852  -66.304  -23.508 0.6999999881
14074  7.356  -66.052  -24.320 0.6999999881
14078  2.838  -64.952  -24.267 0.6000000238
14082  16.069  -65.737  -25.633 0.5000000000
14083  15.486  -65.775  -25.672 0.6000000238
14085  4.661  -65.422  -24.650 0.6000000238
14090  15.728  -65.463  -26.080 0.5000000000
14097  16.064  -65.431  -26.552 0.5000000000
14098  15.288  -65.284  -26.760 0.5000000000
14125  8.766  -65.731  -29.674 0.6000000238
14142  8.202  -65.408  -30.314 0.6000000238
14163  7.787  -65.096  -30.773 0.6000000238
14164  4.546  -65.198  -31.830 0.6000000238
14184  5.568  -64.608  -33.606 0.6000000238
14213  11.352  -65.052  -35.058 0.5000000000
14232  11.044  -65.194  -35.412 0.5000000000
14233  10.667  -65.582  -35.404 0.5000000000
15067  10.611  -65.123  -20.901 0.5000000000
15069  8.703  -65.264  -20.581 0.6999999881
15083  12.297  -64.094  -21.109 0.5000000000
15086  8.399  -64.847  -20.807 0.6999999881
15102  12.742  -64.534  -21.989 0.4000000060
15104  8.119  -64.571  -21.627 0.6999999881
15105  7.250  -64.927  -22.507 0.8000000119
15107  4.873  -65.274  -22.796 0.6999999881
15109  3.741  -64.443  -22.425 0.6000000238
15110  2.752  -64.212  -23.285 0.5000000000
15125  11.244  -65.170  -23.550 0.6000000238
15126  6.315  -64.244  -23.293 0.6999999881
15128  5.213  -64.367  -22.829 0.5000000000
15136  10.971  -64.641  -24.381 0.5000000000
15139  7.781  -65.318  -24.938 0.6999999881
15141  3.594  -65.055  -24.722 0.6000000238
15151  9.008  -64.522  -25.468 0.5000000000
15153  7.254  -64.746  -25.445 0.6999999881
15154  5.457  -64.770  -25.193 0.6000000238
15158  1.580  -64.046  -25.240 0.5000000000
15165  0.885  -64.424  -26.275 0.5000000000
15183  1.274  -64.344  -28.250 0.5000000000
15194  2.779  -64.338  -30.240 0.6000000238
15195  0.836  -64.809  -28.033 0.5000000000
15209  5.912  -65.070  -31.639 0.6000000238
15210  4.985  -64.895  -32.404 0.6000000238
15231  3.980  -63.804  -32.847 0.6000000238
15232  3.775  -63.402  -32.476 0.6000000238
15247  5.768  -64.357  -34.166 0.6000000238
15248  5.226  -64.033  -33.974 0.6999999881
15249  4.603  -63.520  -33.483 0.6999999881
15265  7.849  -64.973  -34.689 0.6999999881
15266  6.936  -64.579  -34.298 0.6999999881
15267  6.189  -64.344  -34.282 0.6999999881
15286  9.630  -65.154  -35.314 0.6000000238
15287  8.741  -65.203  -35.038 0.5000000000
16181  1.412  -63.348  -19.315 0.6000000238
16182  0.955  -63.411  -19.434 0.5000000000
16194  10.626  -64.270  -20.762 0.6999999881
16195  10.001  -64.145  -20.753 0.6999999881
16196  2.911  -63.545  -20.247 0.6000000238
16198  1.325  -63.670  -19.865 0.6000000238
16214  11.363  -63.766  -20.885 0.4000000060
16216  9.733  -63.797  -20.972 0.6000000238
16217  8.917  -64.100  -21.139 0.6999999881
16218  4.272  -63.255  -21.221 0.6000000238
16219  3.684  -63.615  -20.890 0.6000000238
16248  3.129  -64.074  -22.070 0.5000000000
16267  8.434  -63.503  -23.329 0.8000000119
16270  2.317  -63.419  -23.322 0.5000000000
16289  9.301  -63.841  -25.925 0.5000000000
16295  2.237  -64.498  -25.841 0.6000000238
16304  7.927  -63.504  -26.605 0.6000000238
16305  7.005  -63.513  -26.435 0.6000000238
16307  4.111  -63.447  -26.277 0.5000000000
16320  2.965  -63.851  -27.453 0.5000000000
16321  2.137  -64.708  -27.035 0.5000000000
16351  2.969  -63.583  -29.652 0.6000000238
16386  3.531  -63.416  -31.654 0.6000000238
16426  6.702  -63.609  -34.088 0.6999999881
16427  5.801  -63.500  -34.167 0.6999999881
16428  5.177  -63.432  -34.008 0.6999999881
16453  9.448  -64.037  -34.709 0.5000000000
16454  8.496  -64.147  -34.515 0.6999999881
16455  7.467  -64.244  -34.359 0.6999999881
16475  10.817  -64.348  -35.499 0.5000000000
16476  10.010  -64.561  -35.284 0.5000000000
17298  1.296  -62.152  -18.447 0.5000000000
17299  0.802  -62.200  -18.621 0.5000000000
17310  1.852  -62.844  -18.989 0.5000000000
17312  0.661  -62.888  -19.392 0.5000000000
17322  0.325  -62.548  -20.443 0.5000000000
17339  11.243  -63.093  -21.172 0.4000000060
17367  10.604  -62.169  -23.226 0.5000000000
17369  9.043  -62.810  -23.837 0.6999999881
17373  4.940  -62.565  -22.579 0.6000000238
17388  8.667  -62.091  -24.363 0.8000000119
17390  5.830  -62.237  -24.291 0.6000000238
17445  6.732  -62.160  -27.308 0.6000000238
17446  5.267  -61.945  -27.700 0.6000000238
17447  4.031  -62.190  -28.193 0.6000000238
17492  3.975  -61.901  -31.068 0.6000000238
17493  3.594  -62.540  -30.559 0.6000000238
17506  5.456  -61.951  -32.103 0.5000000000
17522  8.720  -62.394  -32.661 0.5000000000
17523  7.746  -62.424  -32.756 0.5000000000
17524  5.460  -62.485  -32.989 0.5000000000
17525  4.117  -62.529  -32.979 0.6000000238
17526  3.827  -62.781  -32.477 0.6999999881
17542  9.973  -62.823  -33.554 0.5000000000
17560  11.430  -62.860  -34.629 0.5000000000
17561  10.618  -63.174  -34.336 0.5000000000
18364  1.451  -61.307  -18.158 0.6000000238
18366  0.696  -61.248  -18.483 0.6000000238
18384  2.440  -62.157  -19.467 0.6000000238
18400  2.960  -62.264  -20.387 0.6000000238
18407  12.552  -61.079  -22.365 0.4000000060
18411  3.205  -61.453  -22.344 0.6000000238
18420  4.900  -62.182  -23.789 0.6000000238
18422  3.177  -60.912  -22.920 0.6000000238
18433  6.697  -61.856  -24.632 0.8000000119
18454  6.531  -61.104  -25.112 0.8000000119
18500  6.941  -61.192  -27.473 0.5000000000
18536  4.065  -61.087  -29.780 0.6000000238
18537  3.794  -61.624  -29.489 0.6000000238
18551  5.691  -60.758  -30.474 0.5000000000
18552  5.006  -61.249  -30.657 0.6000000238
18553  4.254  -61.292  -30.535 0.6000000238
18585  6.422  -61.785  -31.910 0.5000000000
18599  11.512  -61.892  -33.124 0.5000000000
19359  5.933  -60.457  -18.873 0.4000000060
19362  1.067  -60.790  -18.049 0.6000000238
19371  5.641  -60.398  -19.285 0.4000000060
19374  2.560  -60.284  -18.833 0.6000000238
19388  5.428  -60.283  -19.976 0.6999999881
19389  4.077  -60.066  -20.249 0.5000000000
19419  10.839  -60.817  -23.160 0.4000000060
19420  2.952  -60.927  -22.177 0.6000000238
19432  10.373  -60.690  -23.861 0.5000000000
19433  9.780  -60.621  -24.454 0.6000000238
19448  9.091  -60.648  -25.091 0.6999999881
19450  4.617  -60.873  -24.817 0.8000000119
19467  8.476  -60.239  -25.529 0.6999999881
19512  6.398  -60.482  -27.902 0.5000000000
19513  5.681  -60.725  -28.274 0.5000000000
19528  6.804  -59.656  -28.114 0.5000000000
19529  6.121  -60.072  -28.556 0.5000000000
19531  4.824  -60.732  -28.950 0.5000000000
19543  5.137  -60.551  -29.426 0.5000000000
19564  4.684  -60.842  -29.996 0.5000000000
19621  13.314  -60.504  -32.650 0.5000000000
20393  6.283  -60.338  -19.239 0.4000000060
20409  5.553  -60.043  -20.576 0.5000000000
20418  10.132  -59.155  -21.512 0.4000000060
20422  3.159  -60.486  -21.777 0.6999999881
20432  11.425  -60.147  -22.284 0.4000000060
20435  3.618  -59.680  -23.408 0.6999999881
20452  3.622  -59.819  -24.168 0.6999999881
20474  9.170  -59.891  -25.280 0.6000000238
20494  9.301  -59.125  -25.048 0.5000000000
20497  5.632  -59.381  -25.528 0.6999999881
20498  4.700  -59.294  -25.154 0.6999999881
20544  6.701  -59.580  -28.800 0.5000000000
21403  7.077  -59.079  -19.359 0.5000000000
21413  5.860  -59.653  -20.823 0.5000000000
21438  4.231  -58.825  -23.157 0.8000000119
21474  4.589  -58.121  -24.288 0.6000000238
21492  9.167  -58.105  -25.107 0.6000000238
21494  7.142  -58.574  -25.922 0.6999999881
21497  4.656  -58.546  -24.912 0.6000000238
22399  6.615  -58.178  -20.218 0.5000000000
22427  9.253  -57.473  -22.485 0.3000000119
22447  4.910  -57.386  -23.883 0.6999999881
22482  8.608  -57.669  -25.445 0.6000000238
22486  4.972  -57.835  -24.913 0.6999999881
23394  6.661  -56.282  -20.575 0.5000000000
23413  4.980  -56.852  -22.441 0.6999999881
23433  9.308  -56.397  -22.803 0.3000000119
23434  4.918  -56.502  -22.848 0.6000000238
23456  5.702  -56.826  -23.529 0.6999999881
23472  9.109  -56.516  -24.727 0.3000000119
23473  6.653  -56.678  -24.596 0.6999999881
23474  6.099  -57.159  -24.242 0.6999999881
23490  8.755  -56.246  -25.047 0.4000000060
23492  6.982  -56.603  -25.063 0.6000000238
23493  6.335  -56.980  -24.985 0.6000000238
24490  6.989  -55.444  -20.080 0.5000000000
24511  5.433  -56.378  -22.898 0.6999999881
24549  9.044  -55.795  -24.742 0.4000000060
24550  7.623  -55.824  -24.479 0.6000000238
24551  6.988  -56.128  -24.175 0.6000000238
24572  8.161  -56.012  -24.989 0.4000000060
24573  7.672  -56.193  -24.944 0.6000000238
25576  4.813  -54.146  -16.976 0.6000000238
25610  6.827  -54.746  -19.451 0.5000000000
25611  6.274  -54.127  -19.082 0.6000000238
25631  9.784  -55.031  -21.797 0.3000000119
25632  6.698  -55.225  -21.646 0.6999999881
25645  7.177  -54.761  -21.944 0.5000000000
25661  9.333  -54.472  -23.641 0.4000000060
25662  7.804  -54.623  -23.333 0.5000000000
25664  6.557  -55.595  -22.566 0.6000000238
25677  9.021  -54.763  -23.977 0.4000000060
25679  8.068  -55.210  -24.035 0.5000000000
25696  8.940  -55.338  -24.534 0.4000000060
25697  8.544  -55.456  -24.624 0.5000000000
26717  4.956  -53.804  -16.495 0.5000000000
26734  5.561  -53.672  -18.424 0.6000000238
26753  6.265  -53.445  -19.159 0.6000000238
26761  6.790  -53.219  -19.854 0.6999999881
26796  8.063  -53.460  -22.131 0.4000000060
26813  7.601  -54.307  -22.411 0.5000000000
27805  5.956  -52.396  -16.825 0.6000000238
27812  6.003  -52.342  -17.563 0.6000000238
27813  5.601  -52.924  -17.479 0.6000000238
27849  7.309  -52.513  -20.426 0.6000000238
27850  6.900  -52.550  -19.890 0.5000000000
27905  9.503  -52.892  -23.868 0.3000000119
27906  8.948  -53.243  -23.400 0.3000000119
28809  4.272  -51.030  -14.292 0.3000000119
28839  8.825  -50.888  -16.919 0.5000000000
28841  7.275  -50.947  -16.756 0.5000000000
28847  6.634  -51.378  -17.274 0.4000000060
28864  6.761  -50.978  -18.040 0.4000000060
28880  6.555  -51.316  -19.412 0.4000000060
28881  6.440  -51.999  -19.443 0.5000000000
28890  7.544  -51.667  -20.473 0.5000000000
28910  8.653  -51.339  -21.594 0.6000000238
28911  8.111  -51.944  -21.135 0.5000000000
28930  9.050  -51.566  -22.535 0.3000000119
30002  5.085  -50.771  -15.128 0.5000000000
30012  9.368  -50.658  -16.934 0.3000000119
30014  7.865  -50.497  -16.493 0.4000000060
30017  5.436  -50.703  -15.615 0.5000000000
30023  9.218  -50.829  -17.335 0.4000000060
30040  11.428  -50.201  -18.388 0.3000000119
30041  10.832  -50.565  -18.073 0.3000000119
30044  7.564  -50.618  -18.900 0.4000000060
30045  6.897  -50.688  -18.820 0.5000000000
30062  11.235  -50.418  -18.805 0.3000000119
30064  9.197  -50.413  -19.215 0.4000000060
30066  7.344  -50.634  -19.588 0.4000000060
30067  6.775  -50.849  -19.312 0.4000000060
30098  8.862  -50.551  -21.287 0.4000000060
30119  9.194  -50.817  -22.129 0.3000000119
31150  4.686  -49.580  -15.212 0.4000000060
31183  9.293  -50.233  -16.613 0.4000000060
31185  7.274  -49.687  -16.238 0.3000000119
31186  6.360  -49.718  -16.060 0.4000000060
31187  5.751  -49.854  -15.895 0.4000000060
31188  5.361  -50.156  -15.688 0.4000000060
31222  11.047  -50.122  -19.626 0.3000000119
31239  12.335  -49.157  -19.594 0.3000000119
31243  8.787  -50.094  -20.305 0.5000000000
31267  9.154  -49.970  -21.062 0.5000000000
31285  10.594  -49.330  -22.898 0.3000000119
31304  10.877  -49.656  -23.621 0.3000000119
32229  3.836  -48.476  -13.431 0.4000000060
32244  3.936  -48.949  -14.311 0.5000000000
32256  6.020  -48.145  -15.535 0.4000000060
32312  11.302  -49.051  -21.124 0.3000000119
32342  12.370  -47.950  -23.426 0.3000000119
32344  10.990  -48.731  -22.564 0.3000000119
34228  6.229  -46.923  -14.476 0.3000000119
131963  21.611  -71.578  -35.040 0.6000000238
132513  20.822  -80.182  -25.300 0.3000000119
132893  11.968  -72.708  -25.119 0.8000000119
133116  7.707  -53.235  -21.335 0.5000000000
133732  4.920  -66.134  -30.922 0.5000000000
134156  14.996  -71.680  -38.050 0.5000000000
134185  14.937  -83.842  -22.883 0.3000000119
134438  18.001  -73.031  -31.388 0.6999999881
134530  5.713  -65.448  -22.638 0.6999999881
134691  15.705  -85.446  -26.556 0.4000000060
134735  10.385  -49.239  -22.137 0.3000000119
134788  3.320  -70.318  -28.650 0.5000000000
135713  19.054  -81.786  -23.560 0.5000000000
136073  8.170  -74.868  -29.954 0.6000000238
136824  20.449  -80.981  -30.780 0.4000000060
136852  4.982  -56.807  -23.437 0.6999999881
137054  9.156  -52.649  -23.424 0.4000000060
137204  10.188  -55.206  -20.856 0.3000000119
137214  9.950  -73.192  -28.836 0.6000000238
137362  9.490  -59.292  -24.303 0.4000000060
137656  9.186  -66.763  -34.674 0.6000000238
137728  1.986  -67.180  -28.130 0.5000000000
138050  8.890  -87.872  -21.867 0.4000000060
138054  3.628  -60.682  -24.221 0.6999999881
138309  9.093  -72.458  -32.397 0.5000000000
138848  16.001  -85.731  -24.763 0.4000000060
139455  5.131  -72.357  -29.872 0.5000000000
139473  2.158  -63.728  -20.360 0.6000000238
139509  12.345  -61.629  -33.394 0.5000000000
139692  6.199  -55.869  -22.281 0.8000000119
139701  10.887  -67.007  -33.731 0.5000000000
140172  20.488  -81.004  -30.183 0.3000000119
140605  6.216  -51.588  -18.945 0.5000000000
140940  10.660  -70.518  -30.962 0.5000000000
140950  9.116  -62.820  -33.214 0.5000000000
141244  3.221  -65.261  -24.239 0.5000000000
141474  11.886  -73.622  -30.786 0.6999999881
141620  8.456  -69.706  -27.509 0.6000000238
141877  9.695  -66.380  -22.247 0.6000000238
142488  9.773  -67.307  -29.968 0.6000000238
142695  10.224  -64.622  -24.711 0.5000000000
143252  4.617  -58.040  -22.833 0.6999999881
143601  14.972  -84.096  -20.303 0.3000000119
143692  12.223  -71.653  -33.817 0.5000000000
143810  5.609  -52.151  -16.002 0.6000000238
144847  15.102  -86.090  -23.535 0.4000000060
145111  5.527  -57.816  -25.217 0.6999999881
145156  16.988  -72.373  -36.308 0.6999999881
145564  10.270  -61.951  -23.880 0.6999999881
145578  1.435  -65.011  -28.232 0.5000000000
145703  6.628  -59.967  -19.594 0.4000000060
145827  5.356  -51.705  -15.217 0.5000000000
146099  6.928  -57.695  -25.731 0.6999999881
146160  6.124  -57.401  -25.365 0.6999999881
146460  5.003  -67.145  -23.175 0.6000000238
146575  8.983  -75.402  -25.786 0.6000000238
146646  0.953  -64.347  -27.031 0.5000000000
146708  7.908  -58.127  -25.847 0.6000000238
147221  15.286  -69.728  -25.654 0.6000000238
147483  10.169  -73.007  -29.704 0.6000000238
147580  1.989  -67.663  -27.910 0.5000000000
147671  5.772  -52.986  -18.712 0.5000000000
147917  6.050  -57.281  -20.912 0.5000000000
148097  11.264  -64.606  -35.505 0.5000000000
148133  22.916  -73.529  -39.166 0.6000000238
148456  7.425  -65.101  -31.281 0.6000000238
148568  12.800  -72.439  -25.325 0.8999999762
148647  9.354  -65.113  -20.566 0.6999999881
148704  8.476  -56.866  -25.281 0.6000000238
149254  14.299  -72.852  -33.829 0.5000000000
149256  14.556  -72.376  -36.424 0.4000000060
149347  15.228  -72.279  -39.045 0.5000000000
149348  16.288  -72.687  -39.214 0.6999999881
149450  18.502  -72.333  -39.113 0.6999999881
149478  17.412  -72.238  -38.921 0.6999999881
149572  18.339  -75.143  -38.962 0.5000000000
150154  5.238  -61.203  -28.031 0.5000000000
150253  13.082  -63.962  -21.492 0.4000000060
150875  6.149  -51.757  -18.115 0.5000000000
151138  16.584  -85.267  -24.678 0.4000000060
151141  9.354  -71.964  -25.141 0.6000000238
151436  21.385  -73.991  -39.894 0.6000000238
151454  14.944  -66.898  -25.098 0.6000000238
151585  1.881  -64.585  -26.510 0.5000000000
151601  4.955  -72.148  -30.665 0.5000000000
151640  18.205  -81.752  -24.325 0.5000000000
152126  7.339  -61.912  -32.062 0.5000000000
152309  21.086  -71.853  -32.691 0.5000000000
152514  5.575  -57.816  -21.473 0.6000000238
152575  10.572  -75.230  -27.481 0.6999999881
152651  6.224  -68.284  -30.111 0.6999999881
152906  18.260  -75.678  -38.479 0.4000000060
153936  13.096  -69.385  -26.501 0.6000000238
153992  9.734  -71.460  -24.916 0.6000000238
154024  10.853  -73.095  -24.679 0.6999999881
154027  17.640  -66.753  -25.850 0.5000000000
154068  3.256  -64.017  -25.849 0.5000000000
154585  4.678  -62.604  -33.271 0.6999999881
154673  20.822  -74.972  -38.126 0.3000000119
154821  23.617  -71.812  -38.449 0.6000000238
154971  23.318  -77.798  -32.167 0.4000000060
155211  19.241  -73.750  -39.589 0.6000000238
155379  5.965  -64.209  -25.572 0.6999999881
155399  10.961  -70.622  -28.613 0.6999999881
156026  14.853  -86.321  -23.637 0.4000000060
156027  7.890  -59.806  -25.816 0.6999999881
156061  7.087  -61.530  -31.656 0.5000000000
156071  17.319  -81.753  -21.240 0.3000000119
156103  5.534  -51.285  -15.596 0.6000000238
156106  5.389  -66.673  -21.139 0.6999999881
156273  12.455  -70.279  -28.969 0.5000000000
156867  9.076  -55.362  -24.405 0.4000000060
156907  4.883  -67.385  -22.592 0.6999999881
156948  4.049  -60.784  -24.552 0.6999999881
157071  16.905  -73.326  -39.551 0.6000000238
157400  18.658  -80.319  -26.357 0.3000000119
157572  21.696  -76.658  -35.694 0.4000000060
157634  4.423  -49.124  -14.942 0.5000000000
157925  8.495  -65.849  -28.436 0.6999999881
158329  9.126  -87.987  -21.996 0.4000000060
158615  11.442  -64.098  -35.518 0.5000000000
158850  12.208  -73.901  -25.878 0.6999999881
158947  6.908  -55.229  -22.216 0.6000000238
159225  14.060  -72.204  -36.400 0.4000000060
159325  9.416  -51.012  -22.758 0.3000000119
159361  7.380  -56.552  -25.285 0.6000000238
159404  4.776  -57.260  -23.443 0.6999999881
