#!ascii label  , from subject sub125 vox2ras=TkReg
1542
7148  23.197  -73.470  -36.417 0.5000000000
14211  13.360  -64.582  -34.689 0.6000000238
15262  12.980  -64.277  -35.232 0.6000000238
14212  12.246  -64.486  -34.858 0.6000000238
15284  12.684  -64.052  -35.726 0.6000000238
17557  14.945  -62.232  -35.256 0.6999999881
16449  13.461  -63.087  -35.711 0.6000000238
8751  18.684  -71.572  -28.380 0.5000000000
8793  21.084  -71.875  -31.413 0.6000000238
8779  20.659  -71.835  -30.148 0.6000000238
8763  19.276  -71.954  -28.927 0.5000000000
131428  21.842  -71.541  -33.593 0.5000000000
131770  21.433  -71.685  -32.101 0.4000000060
7940  20.311  -72.151  -31.443 0.5000000000
7924  20.061  -72.179  -30.651 0.6000000238
13075  13.753  -66.690  -26.493 0.5000000000
8865  25.889  -71.766  -37.795 0.4000000060
149022  13.378  -66.371  -27.520 0.5000000000
12089  13.001  -67.133  -28.276 0.5000000000
14124  12.744  -65.372  -29.011 0.6000000238
14140  13.178  -64.684  -30.631 0.6000000238
14195  13.251  -64.866  -33.622 0.6000000238
158781  13.768  -65.246  -34.448 0.6999999881
14179  12.576  -64.704  -32.777 0.6000000238
15282  14.191  -64.288  -35.542 0.6999999881
16470  15.435  -63.995  -35.240 0.6000000238
16471  14.680  -63.825  -35.671 0.6999999881
16405  16.687  -63.439  -32.650 0.6000000238
17536  16.436  -62.760  -33.412 0.6000000238
17556  15.808  -62.494  -34.901 0.6999999881
17505  16.834  -62.411  -31.531 0.6999999881
154808  12.658  -63.218  -35.620 0.6000000238
139909  18.068  -70.443  -27.270 0.5000000000
8750  19.544  -71.435  -28.149 0.6000000238
8738  18.910  -70.993  -27.644 0.5000000000
149921  21.829  -71.324  -31.297 0.6000000238
149895  21.262  -71.628  -30.647 0.6999999881
7910  19.903  -72.053  -29.679 0.6000000238
132574  22.074  -71.489  -34.309 0.4000000060
14108  14.712  -65.057  -27.706 0.5000000000
13089  13.927  -65.735  -27.113 0.5000000000
7163  25.248  -72.857  -37.147 0.5000000000
14099  13.985  -65.048  -27.717 0.5000000000
155796  14.434  -65.245  -30.884 0.6999999881
14123  13.335  -64.766  -29.144 0.6000000238
156276  14.023  -66.574  -32.114 0.6999999881
14158  13.907  -65.014  -31.405 0.6000000238
14139  13.923  -64.790  -30.563 0.6000000238
13150  13.479  -65.418  -32.930 0.6999999881
14178  13.282  -64.891  -32.228 0.6000000238
13165  13.745  -65.972  -33.892 0.6999999881
152578  16.016  -64.216  -34.591 0.6000000238
14231  14.190  -65.644  -34.986 0.6000000238
16422  16.427  -63.850  -33.732 0.6000000238
15281  14.907  -64.634  -35.355 0.6000000238
16384  17.473  -63.645  -31.252 0.6000000238
153308  17.135  -62.969  -31.093 0.6999999881
19618  15.696  -60.368  -34.041 0.6999999881
18597  13.801  -61.458  -34.195 0.5000000000
18580  16.705  -61.710  -32.258 0.6999999881
18594  16.487  -61.698  -33.453 0.6999999881
17558  13.824  -62.177  -35.050 0.6000000238
133867  20.041  -69.641  -26.892 0.5000000000
9558  19.145  -70.181  -26.998 0.5000000000
10331  18.555  -69.518  -26.629 0.5000000000
9574  21.949  -70.321  -28.334 0.6999999881
8737  19.811  -70.713  -27.408 0.6000000238
149784  22.547  -70.876  -31.596 0.5000000000
149609  21.877  -71.123  -30.331 0.6999999881
149894  21.938  -71.017  -29.571 0.6999999881
8762  21.578  -71.191  -28.889 0.6000000238
158177  20.846  -71.425  -28.566 0.6000000238
131447  23.012  -71.021  -34.003 0.4000000060
132124  22.314  -71.280  -32.990 0.4000000060
149677  22.097  -71.304  -32.201 0.5000000000
14107  15.709  -65.374  -27.339 0.5000000000
14121  15.034  -65.250  -29.309 0.5000000000
13099  15.352  -65.387  -28.307 0.5000000000
136729  14.593  -64.937  -28.636 0.5000000000
12134  14.453  -67.205  -31.687 0.6000000238
14138  14.732  -65.116  -30.200 0.5000000000
12165  13.574  -67.440  -33.695 0.6999999881
12205  14.164  -67.473  -35.225 0.6000000238
12184  13.704  -67.383  -34.574 0.6999999881
144832  13.716  -66.390  -32.883 0.6999999881
13199  15.303  -66.884  -34.917 0.6000000238
13200  14.446  -66.429  -35.080 0.6000000238
154832  13.930  -66.353  -34.788 0.6999999881
15225  18.519  -65.255  -31.983 0.6999999881
14210  16.066  -65.976  -34.361 0.6000000238
14229  15.179  -65.811  -35.064 0.6000000238
16365  19.431  -63.712  -29.963 0.6000000238
15207  17.968  -64.477  -31.553 0.6999999881
15227  16.865  -64.391  -32.769 0.6999999881
16332  19.910  -63.303  -28.213 0.6000000238
16349  18.704  -63.479  -29.251 0.6000000238
16383  18.345  -64.053  -30.855 0.6999999881
20614  15.148  -59.866  -33.420 0.6000000238
16350  18.107  -63.141  -29.621 0.6999999881
147173  16.689  -60.890  -33.107 0.6999999881
19619  14.751  -60.435  -33.659 0.6000000238
134160  20.799  -62.517  -26.734 0.6999999881
16334  18.851  -63.233  -28.404 0.6000000238
17461  18.356  -62.671  -28.420 0.8000000119
18535  17.804  -61.829  -29.620 0.6999999881
18564  16.910  -61.687  -31.227 0.6999999881
139934  16.911  -60.929  -32.043 0.6999999881
10330  19.733  -68.828  -26.738 0.6000000238
9573  22.690  -69.696  -28.554 0.6999999881
9556  21.389  -69.842  -27.761 0.6999999881
9557  20.642  -70.316  -27.488 0.6000000238
131866  22.461  -70.692  -30.732 0.5000000000
149678  22.432  -70.537  -29.853 0.6999999881
132122  23.023  -70.942  -33.184 0.4000000060
131427  22.741  -70.940  -32.374 0.5000000000
136302  16.547  -65.649  -27.030 0.5000000000
13087  16.802  -65.769  -26.394 0.5000000000
155021  16.449  -66.077  -27.941 0.5000000000
12118  15.400  -66.960  -30.604 0.6000000238
11214  14.672  -68.228  -31.939 0.6000000238
12133  15.048  -67.661  -31.199 0.6999999881
13118  14.956  -65.922  -30.755 0.6999999881
10420  13.833  -69.396  -34.034 0.6999999881
12150  13.956  -67.644  -32.630 0.6999999881
12204  14.890  -67.576  -35.124 0.6000000238
11252  13.685  -68.931  -34.988 0.6000000238
11237  13.610  -68.389  -34.339 0.6999999881
14192  18.623  -66.048  -33.347 0.6999999881
14193  17.575  -66.098  -33.225 0.6999999881
13183  15.963  -66.632  -34.817 0.6999999881
21581  16.604  -57.989  -31.947 0.6000000238
149494  19.742  -64.471  -31.333 0.6000000238
14157  19.299  -65.310  -32.041 0.6999999881
14194  16.745  -65.938  -33.532 0.6999999881
17435  22.156  -62.204  -27.686 0.6000000238
17459  21.429  -62.530  -28.385 0.6000000238
17475  21.016  -62.814  -29.029 0.6000000238
16364  20.250  -63.503  -29.894 0.6000000238
15206  19.110  -64.801  -31.433 0.6999999881
21599  16.269  -58.716  -32.633 0.6000000238
153473  21.576  -62.520  -26.925 0.6000000238
16348  20.381  -63.327  -28.939 0.6000000238
19540  18.547  -60.364  -29.601 0.6999999881
20569  18.214  -59.461  -31.110 0.6000000238
19580  16.941  -60.130  -32.932 0.6999999881
20603  16.445  -59.485  -33.275 0.6000000238
18490  22.865  -61.806  -26.933 0.5000000000
18473  22.371  -61.844  -26.142 0.6000000238
17413  20.730  -62.067  -26.133 0.8000000119
18474  19.718  -61.575  -26.728 0.8000000119
19505  18.888  -61.301  -27.935 0.8000000119
18534  18.172  -61.245  -29.191 0.8000000119
19541  18.013  -60.938  -30.237 0.6999999881
136053  17.855  -60.173  -31.107 0.6999999881
17437  19.473  -62.549  -27.377 0.8000000119
18492  18.544  -62.068  -28.016 0.8000000119
10329  20.801  -69.252  -27.305 0.6999999881
133740  20.272  -68.598  -26.975 0.6999999881
11150  19.648  -68.097  -26.783 0.6999999881
10308  19.078  -68.633  -26.537 0.6000000238
140629  23.280  -69.246  -28.790 0.6999999881
12071  18.782  -66.894  -26.774 0.6000000238
131432  23.098  -69.933  -30.136 0.6000000238
12053  18.236  -66.824  -26.233 0.5000000000
13086  17.487  -66.055  -27.016 0.5000000000
22459  14.126  -57.238  -25.236 0.6000000238
12088  16.811  -66.790  -28.779 0.5000000000
133411  14.691  -57.808  -26.615 0.5000000000
12105  16.701  -67.130  -29.820 0.5000000000
22520  16.414  -58.024  -27.251 0.6000000238
11196  16.381  -68.102  -30.918 0.6999999881
12117  16.113  -67.438  -30.442 0.6000000238
10403  14.606  -69.518  -33.046 0.6999999881
11197  15.669  -67.784  -30.881 0.6999999881
23526  17.379  -56.732  -28.843 0.6000000238
138990  14.585  -68.338  -35.424 0.6999999881
10435  13.939  -69.528  -35.033 0.6000000238
148769  18.761  -65.773  -34.220 0.6999999881
155340  17.541  -66.639  -35.345 0.6999999881
13198  16.408  -67.275  -35.074 0.6999999881
22575  18.077  -57.515  -31.052 0.6000000238
22558  18.100  -56.730  -30.448 0.6000000238
14174  19.675  -65.274  -32.635 0.6000000238
13181  17.433  -66.711  -34.428 0.6999999881
21563  18.949  -58.286  -30.684 0.6000000238
22596  16.143  -57.260  -31.564 0.6000000238
17489  21.420  -62.245  -30.626 0.6000000238
138166  20.779  -63.107  -29.607 0.6000000238
21549  19.571  -58.074  -29.848 0.6999999881
20568  18.658  -59.141  -30.741 0.6000000238
21580  17.498  -58.167  -31.720 0.6000000238
158383  22.021  -62.035  -28.730 0.6000000238
19483  20.343  -60.494  -25.967 0.6000000238
20508  20.376  -59.754  -26.564 0.6000000238
19526  19.460  -60.211  -28.266 0.6999999881
20554  19.229  -59.327  -30.080 0.6000000238
20584  17.653  -59.241  -31.781 0.6000000238
141141  21.819  -60.301  -24.365 0.6000000238
19484  19.982  -60.782  -26.607 0.8000000119
137844  21.344  -61.234  -25.255 0.6000000238
152068  20.263  -61.432  -26.056 0.6999999881
19527  18.611  -60.738  -28.679 0.8000000119
11164  21.386  -68.044  -27.755 0.6999999881
12085  20.841  -67.784  -27.737 0.6999999881
147981  19.906  -67.628  -27.725 0.6999999881
10349  22.899  -68.530  -28.408 0.6999999881
10350  22.101  -69.226  -28.053 0.6999999881
12086  19.023  -67.176  -27.596 0.6000000238
13085  18.342  -66.566  -27.289 0.6000000238
24546  13.029  -55.995  -24.950 0.6000000238
22461  11.945  -57.611  -24.459 0.6000000238
24545  14.575  -56.316  -24.839 0.6000000238
22460  12.576  -57.268  -25.009 0.6000000238
12087  17.642  -66.531  -27.958 0.6000000238
153068  15.195  -57.416  -25.221 0.5000000000
11212  16.637  -68.877  -31.346 0.6999999881
159398  16.838  -67.681  -30.502 0.6999999881
22502  16.799  -58.021  -25.578 0.4000000060
134410  15.827  -57.848  -25.378 0.5000000000
10418  15.750  -70.235  -33.278 0.6999999881
10384  15.999  -69.501  -31.901 0.8000000119
22501  17.735  -57.959  -26.187 0.5000000000
10434  14.515  -70.016  -34.584 0.6000000238
10385  15.050  -69.150  -32.222 0.6999999881
22538  17.981  -57.190  -28.147 0.6000000238
12226  15.628  -68.319  -35.605 0.6999999881
11269  15.210  -69.013  -35.962 0.6999999881
132575  19.143  -57.634  -28.191 0.6999999881
23525  18.176  -56.616  -28.994 0.6000000238
14208  19.164  -64.987  -34.250 0.6999999881
13180  18.085  -66.088  -35.086 0.6999999881
22517  19.677  -57.977  -27.597 0.5000000000
153212  18.687  -56.773  -29.598 0.6000000238
143188  20.345  -63.017  -32.198 0.6000000238
158642  20.452  -63.653  -31.675 0.6000000238
15224  20.078  -64.638  -32.565 0.6999999881
148113  19.561  -57.858  -28.352 0.6999999881
16382  20.669  -62.982  -31.412 0.6000000238
15189  20.376  -63.621  -30.908 0.6000000238
21505  20.514  -58.757  -26.466 0.5000000000
21519  20.024  -58.367  -27.963 0.6000000238
18533  21.646  -62.296  -29.272 0.6000000238
20469  21.685  -59.533  -24.020 0.6000000238
21488  20.909  -59.108  -24.652 0.5000000000
20523  20.116  -59.164  -28.263 0.6999999881
20446  22.427  -59.429  -23.699 0.6000000238
12102  20.512  -67.585  -28.506 0.6999999881
157559  19.365  -67.389  -28.114 0.6000000238
150919  18.369  -66.914  -28.111 0.6000000238
24547  12.244  -55.818  -24.671 0.4000000060
22445  12.031  -57.067  -23.846 0.5000000000
12104  17.670  -67.329  -29.013 0.6000000238
24569  13.028  -55.273  -25.538 0.5000000000
21472  11.858  -58.394  -24.692 0.6000000238
153602  18.134  -68.252  -30.344 0.6999999881
149101  17.444  -69.179  -31.222 0.6999999881
23489  15.861  -56.743  -24.806 0.5000000000
10401  16.476  -70.213  -32.550 0.6999999881
22476  17.463  -57.461  -25.271 0.4000000060
12238  17.783  -67.593  -36.181 0.6999999881
10461  16.934  -68.977  -35.937 0.6999999881
10448  16.615  -69.739  -35.782 0.6999999881
22475  18.400  -57.421  -25.670 0.6000000238
148111  17.781  -64.879  -36.111 0.6999999881
14248  17.882  -65.824  -36.876 0.6999999881
11288  16.339  -68.621  -35.934 0.6999999881
153407  15.695  -69.725  -35.757 0.6999999881
23504  19.360  -57.559  -25.972 0.5000000000
22518  18.703  -57.537  -27.757 0.5000000000
150132  19.279  -64.290  -34.082 0.6000000238
14209  18.310  -64.898  -35.214 0.6999999881
14228  17.730  -65.754  -36.452 0.6999999881
13219  17.301  -67.378  -35.762 0.6999999881
142586  19.301  -57.757  -27.154 0.5000000000
18562  21.305  -61.303  -31.287 0.5000000000
16403  19.703  -62.929  -33.053 0.6000000238
15244  19.774  -63.913  -33.438 0.6000000238
12115  19.950  -67.794  -29.623 0.6999999881
11178  19.090  -67.799  -29.455 0.6999999881
23471  12.348  -56.109  -24.186 0.4000000060
132209  19.901  -68.333  -30.490 0.6999999881
11179  18.348  -67.796  -29.730 0.6999999881
22444  12.303  -57.633  -23.208 0.4000000060
11194  19.032  -68.272  -30.255 0.6999999881
21471  11.937  -58.791  -24.205 0.6000000238
10382  17.911  -69.782  -31.513 0.8000000119
11211  18.369  -69.115  -30.799 0.6999999881
9662  17.835  -70.539  -34.685 0.6000000238
9631  17.237  -70.502  -32.945 0.6000000238
142999  14.796  -61.478  -24.468 0.6000000238
10460  17.640  -68.683  -35.953 0.6999999881
9674  17.269  -70.324  -35.335 0.6999999881
9663  16.968  -70.584  -34.593 0.6000000238
13231  18.207  -66.369  -36.903 0.6000000238
15280  17.906  -63.865  -36.163 0.6000000238
16279  13.681  -63.423  -24.077 0.5000000000
143238  18.875  -62.547  -34.080 0.6000000238
16445  18.758  -63.213  -34.513 0.6999999881
18578  19.813  -61.255  -32.660 0.5000000000
132003  19.460  -69.181  -30.841 0.6999999881
21436  13.187  -58.109  -22.552 0.4000000060
131820  18.864  -69.833  -31.404 0.8000000119
20449  12.988  -59.239  -23.779 0.5000000000
9646  18.396  -70.378  -33.909 0.8000000119
20470  14.978  -60.323  -23.774 0.4000000060
21453  13.805  -58.838  -23.013 0.4000000060
9630  18.186  -70.401  -32.851 0.6999999881
18417  15.496  -61.526  -23.665 0.4000000060
20471  13.857  -59.968  -24.219 0.5000000000
14257  18.086  -65.575  -37.093 0.6000000238
11286  18.061  -68.198  -36.287 0.6000000238
148477  18.315  -69.504  -35.698 0.6999999881
158608  15.846  -61.851  -23.008 0.4000000060
15298  18.002  -63.995  -36.798 0.6000000238
14247  17.684  -64.589  -36.808 0.6000000238
140738  13.982  -63.662  -22.449 0.4000000060
17385  14.376  -62.756  -24.230 0.6000000238
146535  18.484  -62.369  -34.974 0.6000000238
17535  19.100  -61.831  -33.675 0.5000000000
156582  19.490  -60.790  -33.043 0.5000000000
22424  13.980  -57.612  -21.882 0.4000000060
131449  19.701  -69.623  -31.648 0.8000000119
21452  15.318  -58.986  -22.856 0.4000000060
132043  19.177  -70.240  -33.171 0.6999999881
19430  16.365  -60.470  -22.779 0.4000000060
10446  18.864  -69.029  -35.816 0.6000000238
156266  18.465  -70.288  -34.769 0.6999999881
12236  18.635  -67.181  -37.026 0.6000000238
11285  18.563  -68.264  -36.533 0.6000000238
18393  16.409  -61.067  -21.832 0.4000000060
17352  15.151  -62.718  -21.977 0.4000000060
16469  18.453  -62.607  -35.477 0.6000000238
16211  14.434  -62.959  -21.687 0.4000000060
17555  18.714  -61.575  -34.751 0.4000000060
22423  15.369  -57.717  -21.784 0.4000000060
132295  19.797  -69.778  -33.454 0.6999999881
21434  15.991  -58.430  -22.264 0.4000000060
11251  19.587  -69.134  -35.263 0.6999999881
10433  19.180  -69.827  -34.294 0.6000000238
19417  16.776  -60.343  -21.993 0.4000000060
13230  18.939  -66.383  -37.226 0.6000000238
11291  19.040  -68.033  -36.965 0.6000000238
17335  15.355  -62.205  -21.694 0.4000000060
15297  19.042  -63.736  -36.435 0.6000000238
17337  13.801  -62.631  -21.544 0.3000000119
18610  19.142  -61.486  -35.245 0.4000000060
18605  19.260  -60.921  -34.908 0.4000000060
18609  19.898  -61.322  -35.215 0.4000000060
19382  16.543  -60.396  -21.438 0.4000000060
19402  15.628  -61.069  -21.275 0.4000000060
14255  19.833  -65.656  -37.231 0.6000000238
15305  20.324  -64.914  -36.858 0.6000000238
18608  20.777  -61.909  -35.430 0.4000000060
155656  21.736  -62.361  -35.500 0.5000000000
19638  20.845  -61.105  -35.071 0.4000000060
140553  10.784  -59.683  -21.827 0.3000000119
156186  21.518  -61.718  -35.222 0.4000000060
23372  15.980  -56.450  -18.793 0.4000000060
21402  12.002  -58.524  -19.645 0.3000000119
21437  9.362  -58.566  -22.599 0.4000000060
24470  16.253  -55.842  -19.011 0.4000000060
22368  15.203  -57.368  -18.304 0.4000000060
21390  12.209  -57.823  -19.068 0.3000000119
22370  13.583  -57.508  -18.255 0.3000000119
21422  10.344  -58.528  -20.922 0.3000000119
21411  10.981  -58.571  -20.441 0.3000000119
21423  9.650  -58.310  -21.659 0.3000000119
24434  15.456  -55.681  -17.649 0.4000000060
23347  15.006  -56.190  -17.547 0.4000000060
22369  14.451  -57.498  -18.172 0.4000000060
22383  11.491  -57.323  -19.509 0.3000000119
22384  10.958  -57.483  -19.969 0.3000000119
26811  9.402  -53.828  -23.626 0.4000000060
27895  9.619  -52.020  -24.012 0.3000000119
30136  10.008  -50.650  -23.588 0.3000000119
23393  10.465  -57.144  -20.445 0.3000000119
22411  9.594  -57.391  -21.579 0.3000000119
25572  14.624  -54.839  -17.388 0.4000000060
22359  13.988  -56.832  -17.818 0.4000000060
23355  13.130  -56.784  -18.129 0.3000000119
23356  12.581  -56.433  -18.438 0.3000000119
23373  11.542  -56.592  -19.366 0.3000000119
24510  9.401  -55.659  -23.089 0.3000000119
24472  11.071  -56.028  -19.703 0.3000000119
27904  9.871  -52.628  -24.156 0.3000000119
24489  10.385  -56.161  -20.432 0.3000000119
27893  10.853  -51.935  -23.704 0.4000000060
28945  10.592  -51.194  -24.004 0.3000000119
30134  11.425  -50.721  -23.714 0.3000000119
30135  10.560  -50.452  -23.803 0.3000000119
24436  14.147  -55.489  -17.443 0.4000000060
147810  13.443  -55.375  -17.849 0.4000000060
143288  12.759  -55.254  -18.430 0.3000000119
25660  9.767  -54.037  -23.222 0.4000000060
25588  12.001  -55.156  -19.083 0.3000000119
25643  9.976  -54.216  -22.338 0.3000000119
27882  10.548  -52.661  -23.524 0.4000000060
26794  10.896  -52.981  -22.348 0.4000000060
30133  12.057  -50.009  -23.923 0.3000000119
26731  14.475  -53.537  -17.871 0.4000000060
26732  13.794  -54.006  -17.995 0.4000000060
26733  13.157  -53.898  -18.687 0.4000000060
26751  12.441  -53.853  -19.313 0.4000000060
25608  11.379  -54.705  -19.784 0.3000000119
26759  11.393  -53.448  -20.468 0.3000000119
26775  11.061  -53.148  -21.309 0.3000000119
27862  11.402  -52.463  -21.751 0.3000000119
30096  12.824  -50.860  -22.496 0.5000000000
27881  11.263  -52.328  -22.851 0.4000000060
28927  12.184  -51.358  -22.949 0.4000000060
32365  12.657  -48.469  -24.208 0.3000000119
27826  13.842  -53.140  -18.644 0.4000000060
27842  13.375  -52.388  -19.315 0.4000000060
157264  12.677  -52.495  -19.696 0.3000000119
28889  12.602  -51.566  -20.788 0.3000000119
30094  14.146  -50.134  -21.593 0.3000000119
31282  15.141  -49.237  -22.873 0.3000000119
26752  11.739  -53.936  -19.823 0.3000000119
27847  12.250  -52.213  -20.304 0.3000000119
28907  12.998  -50.965  -21.337 0.3000000119
30114  13.798  -50.141  -22.821 0.3000000119
31283  14.395  -49.593  -23.495 0.3000000119
27848  11.649  -52.688  -20.792 0.3000000119
30115  12.989  -50.342  -23.418 0.3000000119
30132  12.837  -49.763  -24.085 0.3000000119
33328  13.666  -47.317  -24.228 0.3000000119
134943  16.873  -51.574  -18.399 0.3000000119
28860  15.681  -51.684  -18.283 0.3000000119
28861  14.953  -51.684  -18.500 0.3000000119
30074  15.278  -50.192  -19.808 0.3000000119
31262  16.121  -49.117  -21.247 0.3000000119
154614  16.069  -48.531  -22.866 0.3000000119
28877  14.415  -51.273  -19.154 0.3000000119
30075  14.607  -50.250  -20.482 0.3000000119
31238  14.820  -49.787  -21.284 0.3000000119
31263  15.352  -49.409  -21.729 0.3000000119
32341  15.637  -48.838  -23.392 0.3000000119
145548  15.519  -48.601  -24.211 0.3000000119
31284  13.576  -49.810  -23.939 0.3000000119
32362  15.134  -48.358  -24.734 0.3000000119
31301  13.183  -49.192  -24.398 0.3000000119
32383  14.049  -47.731  -24.718 0.3000000119
30035  17.934  -50.816  -18.822 0.3000000119
30058  16.797  -50.315  -19.189 0.3000000119
142911  16.119  -50.084  -19.622 0.3000000119
31237  15.523  -49.697  -20.580 0.3000000119
32325  16.536  -48.463  -21.923 0.3000000119
33325  16.850  -47.590  -24.987 0.3000000119
33344  16.133  -47.504  -25.308 0.3000000119
33345  15.458  -47.779  -24.898 0.3000000119
140449  14.662  -46.766  -23.763 0.3000000119
34323  17.455  -46.911  -22.902 0.3000000119
33305  16.983  -47.688  -23.729 0.3000000119
34359  16.180  -46.770  -26.041 0.3000000119
35375  15.878  -46.501  -25.537 0.3000000119
34344  15.095  -47.261  -24.524 0.3000000119
34343  15.458  -46.538  -24.293 0.3000000119
34341  17.886  -46.368  -23.573 0.3000000119
138717  17.694  -46.607  -24.788 0.3000000119
33343  16.641  -47.173  -25.776 0.3000000119
35338  18.473  -45.673  -23.036 0.3000000119
36441  19.014  -45.227  -25.489 0.3000000119
35372  18.272  -45.613  -26.018 0.3000000119
35373  17.335  -45.902  -26.119 0.3000000119
35386  16.787  -45.733  -26.090 0.3000000119
140729  16.787  -45.044  -25.422 0.3000000119
36442  16.315  -45.046  -24.580 0.3000000119
140446  24.311  -73.285  -36.905 0.5000000000
155724  25.115  -72.773  -38.134 0.5000000000
8881  25.558  -71.892  -38.131 0.4000000060
16472  13.874  -63.799  -35.967 0.6999999881
18595  16.050  -61.180  -34.422 0.6999999881
131451  23.002  -71.091  -34.686 0.4000000060
7167  25.804  -72.606  -37.886 0.5000000000
15246  16.251  -65.013  -34.025 0.6000000238
13109  15.888  -66.345  -29.137 0.5000000000
152498  16.654  -64.919  -33.342 0.6000000238
10383  16.965  -69.738  -31.720 0.8000000119
12116  17.523  -67.682  -30.141 0.6999999881
9664  16.166  -70.472  -34.569 0.6000000238
18563  20.407  -61.214  -31.996 0.5000000000
13233  17.817  -67.183  -36.339 0.6999999881
158626  14.905  -62.712  -23.588 0.4000000060
19600  19.849  -60.275  -32.778 0.5000000000
15306  18.797  -64.698  -37.027 0.6000000238
18593  19.100  -61.004  -34.131 0.4000000060
154187  19.464  -68.287  -36.711 0.6000000238
13229  20.029  -66.651  -37.305 0.6000000238
19403  14.779  -60.984  -21.265 0.3000000119
153202  19.729  -62.994  -36.030 0.4000000060
16483  20.573  -63.860  -36.259 0.4000000060
24446  15.969  -55.810  -18.195 0.4000000060
27825  14.657  -52.643  -18.228 0.3000000119
30057  17.605  -50.184  -19.216 0.3000000119
11266  20.997  -68.025  -35.396 0.5000000000
132201  20.521  -68.718  -34.853 0.5000000000
131444  20.318  -69.223  -33.169 0.6999999881
132091  20.816  -68.343  -32.873 0.6999999881
149806  20.288  -68.720  -31.104 0.6000000238
11267  20.181  -68.330  -35.829 0.5000000000
132009  20.048  -69.263  -34.151 0.6000000238
131831  19.889  -69.904  -32.591 0.6000000238
149889  22.072  -67.243  -28.967 0.6000000238
132050  21.555  -67.566  -28.248 0.6000000238
131443  21.463  -67.730  -33.035 0.6999999881
132216  21.557  -67.438  -31.531 0.6000000238
131942  21.534  -67.356  -29.778 0.6000000238
131445  20.746  -68.105  -31.892 0.6999999881
149919  20.964  -67.923  -31.041 0.6000000238
149734  21.036  -67.502  -29.247 0.6000000238
11283  20.908  -67.803  -36.407 0.5000000000
13134  23.248  -66.674  -31.611 0.6999999881
149754  22.368  -67.087  -30.763 0.6999999881
149903  23.024  -67.128  -30.352 0.6000000238
142112  23.103  -67.360  -29.508 0.6000000238
132072  22.077  -67.324  -33.110 0.6000000238
131960  21.918  -67.326  -32.377 0.6999999881
131438  22.419  -67.210  -29.765 0.6000000238
12163  22.553  -67.155  -33.732 0.6000000238
149200  22.019  -67.280  -37.154 0.5000000000
11284  20.017  -68.091  -36.602 0.5000000000
13162  23.403  -66.744  -33.261 0.6999999881
131991  23.634  -66.876  -30.953 0.6000000238
131439  23.510  -68.557  -28.969 0.6000000238
13226  22.967  -66.590  -37.406 0.5000000000
11289  20.635  -67.634  -36.915 0.5000000000
15302  23.740  -65.070  -37.543 0.5000000000
13227  22.040  -66.723  -37.447 0.5000000000
142941  23.452  -63.636  -36.882 0.4000000060
13166  11.060  -65.870  -34.191 0.4000000060
14196  12.529  -64.518  -33.971 0.4000000060
13151  11.357  -65.813  -32.877 0.4000000060
14161  11.761  -65.240  -31.969 0.5000000000
138127  12.330  -64.862  -31.543 0.5000000000
13120  11.944  -65.475  -31.346 0.5000000000
14254  21.565  -66.247  -37.631 0.5000000000
14141  12.498  -65.154  -30.749 0.5000000000
145574  12.744  -69.688  -29.134 0.6000000238
15295  22.282  -64.558  -36.889 0.4000000060
132350  12.870  -65.018  -29.831 0.5000000000
13110  12.489  -65.886  -29.827 0.5000000000
12090  12.778  -67.450  -29.287 0.5000000000
12151  11.342  -67.399  -32.906 0.5000000000
13136  11.628  -66.371  -31.835 0.5000000000
12135  12.194  -67.534  -31.224 0.5000000000
12136  11.827  -68.043  -32.177 0.5000000000
13119  12.118  -66.195  -30.830 0.5000000000
11198  12.568  -68.464  -30.753 0.5000000000
11180  12.914  -68.796  -29.935 0.5000000000
15304  21.659  -65.498  -37.335 0.5000000000
12120  12.621  -67.327  -30.210 0.5000000000
16467  23.977  -63.441  -35.674 0.4000000060
16481  22.706  -63.600  -36.680 0.4000000060
17567  23.154  -63.161  -36.221 0.4000000060
19620  13.897  -60.857  -33.448 0.5000000000
135981  11.359  -68.545  -32.888 0.5000000000
144418  20.822  -65.819  -37.486 0.5000000000
16482  21.709  -63.721  -36.349 0.4000000060
20605  14.691  -59.389  -32.763 0.5000000000
20606  13.773  -59.657  -32.278 0.5000000000
19603  12.386  -60.639  -32.272 0.5000000000
157438  13.305  -61.045  -33.002 0.5000000000
17568  22.168  -63.028  -36.008 0.4000000060
21582  15.679  -58.003  -31.968 0.5000000000
20586  14.245  -58.881  -31.984 0.5000000000
22597  15.201  -57.340  -31.406 0.5000000000
21584  13.812  -58.239  -31.470 0.5000000000
20587  13.285  -58.978  -31.581 0.5000000000
19604  11.506  -60.789  -32.133 0.4000000060
22578  14.727  -56.830  -30.819 0.5000000000
21585  12.627  -58.268  -31.332 0.6000000238
19581  11.915  -60.047  -31.716 0.6000000238
23551  16.135  -56.529  -30.374 0.5000000000
23541  14.737  -56.406  -29.586 0.5000000000
22579  13.702  -56.878  -30.563 0.5000000000
21566  12.184  -57.622  -30.878 0.6000000238
21586  11.745  -58.391  -31.150 0.6000000238
19582  10.990  -60.161  -31.673 0.6000000238
136654  9.927  -61.675  -32.258 0.5000000000
18583  9.176  -61.785  -32.124 0.5000000000
18584  8.267  -61.858  -32.065 0.5000000000
23539  16.631  -56.566  -29.471 0.5000000000
22540  15.861  -57.177  -28.122 0.5000000000
23529  14.243  -56.626  -28.807 0.5000000000
23542  13.863  -56.515  -29.677 0.5000000000
22542  13.180  -56.817  -28.871 0.6000000238
21567  11.217  -57.688  -30.498 0.6000000238
20590  10.476  -59.378  -31.308 0.6000000238
19583  10.056  -60.179  -31.674 0.6000000238
18567  8.737  -61.108  -31.656 0.5000000000
18499  7.839  -61.013  -27.473 0.5000000000
136533  6.773  -61.136  -31.267 0.5000000000
22539  16.931  -57.429  -28.057 0.5000000000
22521  15.318  -57.869  -27.166 0.5000000000
152252  14.199  -57.543  -27.296 0.6000000238
22522  13.022  -57.421  -27.889 0.6000000238
22523  12.204  -57.933  -27.961 0.6000000238
22561  11.211  -57.088  -29.774 0.6000000238
22544  11.429  -57.236  -28.979 0.6000000238
21568  10.409  -57.968  -30.428 0.6000000238
21551  9.970  -57.618  -29.432 0.6000000238
20591  9.640  -59.471  -31.086 0.6000000238
20592  8.796  -59.610  -30.734 0.5000000000
18568  7.716  -61.224  -31.482 0.5000000000
19560  7.899  -59.794  -30.377 0.5000000000
20573  7.518  -59.443  -29.636 0.5000000000
19561  6.924  -59.886  -30.177 0.5000000000
20574  6.697  -59.652  -29.519 0.5000000000
22504  13.866  -57.811  -26.424 0.6000000238
22505  12.774  -58.439  -27.240 0.6000000238
21520  12.022  -58.630  -27.492 0.6000000238
20525  11.388  -58.910  -27.674 0.6000000238
21521  11.455  -58.237  -28.057 0.6000000238
21534  9.990  -57.859  -28.617 0.6000000238
20526  10.789  -59.496  -27.797 0.6000000238
21552  9.359  -57.986  -29.214 0.5000000000
21522  9.670  -58.483  -28.065 0.5000000000
20572  8.429  -59.010  -29.897 0.5000000000
20542  8.805  -58.743  -27.871 0.5000000000
147439  9.479  -60.476  -27.497 0.6000000238
20528  7.986  -59.054  -27.790 0.5000000000
19509  8.691  -59.579  -27.554 0.5000000000
148945  9.307  -61.335  -27.415 0.5000000000
16303  8.802  -63.378  -26.547 0.5000000000
20511  12.775  -59.425  -26.763 0.6000000238
19486  12.589  -60.091  -27.302 0.6000000238
19507  11.377  -60.573  -27.642 0.6000000238
20527  9.696  -59.361  -27.680 0.6000000238
17441  10.460  -61.981  -27.198 0.6000000238
17418  10.022  -62.569  -26.800 0.5000000000
20510  13.060  -59.921  -26.192 0.6000000238
18496  10.928  -61.320  -27.514 0.6000000238
17417  10.832  -62.489  -26.752 0.6000000238
16288  10.116  -63.604  -25.730 0.5000000000
19465  14.243  -61.117  -25.269 0.6000000238
19466  13.551  -60.469  -25.729 0.6000000238
159556  13.642  -61.846  -26.081 0.6000000238
17416  12.655  -62.222  -26.773 0.6000000238
17440  11.283  -61.979  -27.180 0.6000000238
136566  11.001  -63.409  -25.607 0.5000000000
17400  14.199  -62.003  -25.152 0.6000000238
17401  13.485  -62.377  -25.736 0.6000000238
155863  13.300  -63.165  -24.646 0.6000000238
146968  12.091  -62.582  -26.483 0.6000000238
15135  12.384  -64.031  -24.247 0.6000000238
133595  11.846  -64.612  -23.969 0.5000000000
15123  13.012  -64.472  -22.908 0.4000000060
131987  20.708  -67.820  -30.309 0.6000000238
132093  20.274  -68.998  -32.196 0.6999999881
11290  19.851  -67.884  -36.999 0.5000000000
13228  21.005  -66.640  -37.403 0.5000000000
14252  23.354  -66.055  -37.521 0.5000000000
14253  22.481  -66.268  -37.583 0.5000000000
10386  11.878  -69.988  -31.607 0.6000000238
157091  11.845  -57.176  -30.269 0.6000000238
22543  12.236  -57.251  -28.582 0.6000000238
20571  9.259  -58.783  -30.394 0.6000000238
21536  8.714  -58.562  -29.039 0.5000000000
18475  13.402  -61.281  -26.742 0.6000000238
18495  11.827  -61.400  -27.418 0.6000000238
134209  12.327  -63.463  -24.832 0.6000000238
16281  11.566  -63.879  -24.803 0.6000000238
6341  23.225  -73.557  -35.589 0.4000000060
7104  23.095  -73.644  -32.410 0.5000000000
7089  24.021  -73.465  -31.911 0.5000000000
7118  23.411  -73.803  -33.158 0.4000000060
6332  23.179  -73.697  -34.821 0.4000000060
6331  24.570  -73.686  -35.197 0.4000000060
7938  24.679  -72.985  -31.398 0.5000000000
7939  23.580  -73.050  -31.041 0.5000000000
144610  25.409  -73.937  -33.606 0.5000000000
7133  25.430  -73.856  -34.396 0.5000000000
7147  24.335  -73.581  -36.049 0.4000000060
7088  25.218  -73.560  -32.237 0.5000000000
7102  25.829  -73.880  -33.097 0.5000000000
7116  26.364  -73.975  -33.871 0.5000000000
144646  25.670  -73.615  -35.105 0.5000000000
7146  25.306  -73.505  -35.763 0.4000000060
7145  25.870  -73.340  -35.471 0.4000000060
7937  25.891  -73.152  -31.757 0.5000000000
7957  26.138  -73.650  -32.574 0.5000000000
7101  26.851  -73.822  -33.262 0.5000000000
7132  26.345  -73.655  -34.562 0.5000000000
8018  26.277  -72.114  -37.868 0.4000000060
131431  23.739  -69.499  -30.729 0.5000000000
158140  23.097  -70.625  -31.835 0.4000000060
135417  23.399  -70.640  -32.424 0.4000000060
9645  24.257  -70.635  -33.392 0.4000000060
10432  23.588  -70.828  -33.719 0.4000000060
9671  23.649  -71.004  -35.045 0.4000000060
7115  26.931  -73.753  -33.853 0.5000000000
9670  24.495  -71.074  -35.352 0.4000000060
9679  24.819  -71.247  -36.161 0.4000000060
148819  24.693  -71.582  -36.936 0.4000000060
7114  27.129  -73.443  -33.643 0.4000000060
7131  26.737  -73.455  -34.226 0.5000000000
8864  26.251  -71.957  -37.685 0.4000000060
7161  25.824  -72.856  -36.218 0.4000000060
131430  23.680  -70.239  -31.654 0.4000000060
9644  24.986  -70.682  -33.894 0.4000000060
9660  25.116  -71.065  -34.784 0.4000000060
7955  28.004  -73.087  -32.931 0.4000000060
8842  25.915  -71.797  -35.736 0.4000000060
8853  25.561  -71.835  -36.700 0.4000000060
7972  27.754  -73.030  -33.262 0.4000000060
7985  26.601  -72.838  -34.845 0.4000000060
8841  26.300  -72.224  -35.425 0.4000000060
7997  26.012  -72.604  -35.903 0.4000000060
131434  23.835  -68.271  -30.294 0.5000000000
131433  24.223  -68.627  -30.757 0.4000000060
10381  24.444  -69.480  -31.381 0.4000000060
148187  25.486  -69.665  -32.158 0.4000000060
147457  25.614  -70.505  -33.471 0.4000000060
9659  25.905  -70.928  -34.318 0.4000000060
8819  26.636  -71.320  -33.952 0.4000000060
159265  25.809  -71.306  -35.126 0.4000000060
8818  27.696  -72.455  -33.574 0.4000000060
144648  27.324  -71.738  -33.646 0.4000000060
8830  26.356  -71.603  -34.915 0.4000000060
133882  23.519  -67.388  -30.339 0.5000000000
11193  24.212  -67.696  -30.672 0.5000000000
131440  24.136  -67.103  -30.851 0.6000000238
11210  24.822  -68.237  -31.036 0.5000000000
9627  25.988  -69.920  -32.665 0.4000000060
149517  26.775  -70.141  -32.729 0.4000000060
9626  27.616  -70.195  -32.706 0.4000000060
9641  28.138  -71.531  -33.268 0.4000000060
11209  25.658  -67.738  -31.506 0.4000000060
13132  24.451  -66.806  -31.266 0.5000000000
11224  26.711  -67.986  -32.006 0.4000000060
10397  27.013  -69.191  -32.276 0.4000000060
12148  26.376  -67.090  -31.883 0.5000000000
12147  27.284  -67.449  -32.314 0.4000000060
11223  27.659  -68.410  -32.327 0.4000000060
10396  27.894  -69.354  -32.493 0.4000000060
13145  25.246  -66.514  -32.432 0.6000000238
13147  23.675  -66.567  -32.276 0.6000000238
12160  26.665  -66.852  -32.536 0.5000000000
11236  28.234  -67.935  -32.697 0.4000000060
145854  21.142  -68.069  -33.591 0.5000000000
22479  13.309  -57.670  -25.615 0.5000000000
20493  12.411  -59.145  -25.727 0.5000000000
19447  13.494  -60.258  -24.960 0.5000000000
22480  12.028  -57.973  -25.241 0.5000000000
20492  12.725  -59.634  -25.322 0.5000000000
21508  12.382  -58.840  -26.472 0.5000000000
7103  24.536  -73.784  -32.859 0.5000000000
7117  24.367  -73.796  -33.717 0.5000000000
9629  24.187  -70.338  -32.423 0.4000000060
9628  25.029  -70.279  -32.894 0.4000000060
8829  26.893  -72.238  -34.335 0.4000000060
10380  25.285  -68.972  -31.557 0.4000000060
10398  26.035  -68.836  -31.971 0.4000000060
9643  26.277  -70.574  -33.420 0.4000000060
12132  24.828  -67.262  -31.061 0.5000000000
12149  25.381  -66.813  -31.608 0.5000000000
158427  25.993  -66.710  -32.163 0.6000000238
12161  25.930  -66.557  -32.924 0.5000000000
15260  29.084  -64.674  -34.819 0.3000000119
16462  28.403  -64.451  -35.205 0.3000000119
150916  27.193  -64.423  -35.763 0.3000000119
16439  28.264  -64.298  -34.530 0.3000000119
15243  28.837  -64.430  -33.815 0.3000000119
15203  30.030  -64.074  -32.079 0.3000000119
16397  29.041  -64.002  -32.090 0.3000000119
15288  28.561  -64.990  -36.102 0.3000000119
140578  27.473  -65.833  -36.594 0.4000000060
13222  26.650  -65.686  -36.568 0.4000000060
13223  25.383  -66.238  -36.807 0.4000000060
14246  26.411  -64.899  -36.617 0.4000000060
152768  22.660  -67.393  -36.985 0.4000000060
140888  21.887  -67.628  -36.712 0.4000000060
15241  30.354  -64.814  -33.650 0.3000000119
15290  26.137  -64.357  -36.573 0.3000000119
14251  24.150  -65.751  -37.414 0.4000000060
16419  27.043  -63.826  -33.476 0.3000000119
16477  26.354  -64.223  -36.013 0.3000000119
12218  27.153  -67.295  -36.414 0.4000000060
12197  26.618  -67.477  -35.727 0.4000000060
12180  24.468  -67.174  -35.009 0.4000000060
12181  23.573  -67.174  -34.942 0.4000000060
14244  29.326  -65.461  -36.180 0.4000000060
13216  26.957  -66.503  -36.596 0.4000000060
12219  26.404  -67.083  -36.241 0.4000000060
12200  23.907  -67.134  -35.908 0.4000000060
138775  23.180  -67.314  -35.760 0.4000000060
15279  29.606  -65.097  -35.485 0.3000000119
12228  25.876  -66.679  -36.497 0.4000000060
12222  24.099  -66.899  -36.620 0.4000000060
12183  21.759  -67.676  -34.897 0.4000000060
135815  30.023  -65.026  -34.602 0.3000000119
12231  23.365  -66.907  -37.080 0.4000000060
158669  22.146  -67.618  -35.499 0.4000000060
15240  31.265  -64.896  -33.760 0.3000000119
13225  23.743  -66.393  -37.239 0.4000000060
15301  24.624  -64.656  -37.361 0.4000000060
11264  27.595  -67.949  -35.615 0.4000000060
13160  26.558  -66.914  -34.136 0.4000000060
143995  28.873  -68.059  -36.219 0.4000000060
11265  27.030  -67.693  -36.061 0.4000000060
154672  24.989  -66.795  -34.274 0.4000000060
14226  31.110  -65.892  -35.755 0.3000000119
13214  29.429  -66.326  -36.399 0.4000000060
15239  32.136  -64.571  -33.983 0.3000000119
156316  22.162  -67.432  -34.337 0.4000000060
16417  31.641  -64.334  -33.154 0.3000000119
159640  26.531  -66.735  -33.319 0.4000000060
12178  27.025  -67.380  -34.815 0.4000000060
15293  23.987  -64.059  -37.265 0.3000000119
16466  24.859  -63.721  -35.862 0.3000000119
16479  24.845  -63.717  -36.739 0.3000000119
131939  21.729  -67.611  -33.861 0.4000000060
13179  24.137  -66.869  -33.984 0.4000000060
13161  24.334  -66.558  -32.872 0.4000000060
12159  27.473  -67.147  -33.356 0.4000000060
152508  27.777  -64.742  -36.042 0.3000000119
16440  27.577  -64.071  -34.293 0.3000000119
15223  28.571  -64.117  -32.880 0.3000000119
13215  27.765  -66.705  -36.708 0.4000000060
15299  25.820  -64.503  -36.907 0.4000000060
12230  24.279  -66.614  -36.853 0.4000000060
13224  24.565  -66.281  -37.040 0.4000000060
12201  22.506  -67.549  -36.171 0.4000000060
15291  25.345  -64.116  -37.002 0.4000000060
12217  27.999  -67.524  -36.429 0.4000000060
12179  25.421  -67.206  -34.974 0.4000000060
12198  25.747  -67.153  -35.932 0.4000000060
14227  30.095  -65.453  -35.913 0.3000000119
12221  24.991  -66.819  -36.509 0.4000000060
15278  30.702  -65.488  -35.175 0.3000000119
12216  29.742  -67.508  -36.276 0.4000000060
14243  30.765  -66.174  -36.075 0.3000000119
15259  31.662  -65.286  -34.585 0.3000000119
5540  22.773  -75.998  -30.066 0.3000000119
4853  23.280  -76.770  -31.326 0.3000000119
5531  22.999  -75.525  -28.722 0.3000000119
146193  23.820  -77.066  -29.957 0.3000000119
5541  22.097  -75.307  -30.295 0.3000000119
5549  22.522  -76.099  -30.840 0.3000000119
6287  23.418  -74.837  -28.264 0.3000000119
4831  23.791  -76.274  -28.740 0.3000000119
4839  23.356  -76.319  -29.400 0.3000000119
6288  22.678  -74.643  -28.583 0.3000000119
5532  22.193  -74.808  -29.243 0.3000000119
5550  21.707  -75.517  -31.289 0.3000000119
7119  22.103  -73.950  -32.971 0.3000000119
5529  25.069  -75.962  -28.398 0.3000000119
6270  23.885  -74.114  -27.886 0.3000000119
6286  24.384  -75.045  -28.138 0.3000000119
4830  24.540  -76.628  -28.526 0.3000000119
7080  21.927  -73.961  -30.408 0.3000000119
7090  22.829  -73.480  -31.566 0.3000000119
7105  22.084  -73.780  -32.058 0.3000000119
7060  22.329  -74.166  -28.792 0.3000000119
7900  23.268  -73.241  -28.504 0.3000000119
7909  23.195  -72.864  -29.035 0.3000000119
7923  23.213  -72.873  -29.991 0.3000000119
7079  22.616  -73.436  -30.677 0.3000000119
7922  24.191  -72.492  -30.501 0.3000000119
7920  26.186  -72.285  -31.223 0.4000000060
7921  25.180  -72.371  -30.876 0.4000000060
145376  23.059  -79.789  -26.706 0.3000000119
2574  21.868  -80.261  -26.774 0.3000000119
4838  24.045  -77.154  -28.998 0.3000000119
4173  23.903  -77.778  -29.981 0.3000000119
4162  25.852  -77.826  -27.219 0.3000000119
3616  25.035  -78.293  -27.610 0.3000000119
3115  24.070  -79.084  -27.539 0.3000000119
144587  23.527  -79.430  -27.513 0.3000000119
2573  22.616  -79.677  -27.480 0.3000000119
4828  26.743  -76.460  -28.035 0.3000000119
4167  25.230  -77.752  -27.932 0.3000000119
3617  24.168  -78.721  -28.095 0.3000000119
136415  23.319  -79.090  -28.898 0.3000000119
3116  23.278  -79.333  -28.119 0.3000000119
4829  25.608  -76.848  -28.157 0.3000000119
145421  24.722  -77.396  -28.426 0.3000000119
141242  23.810  -78.500  -28.910 0.3000000119
3119  23.550  -78.843  -29.027 0.3000000119
4168  24.143  -77.954  -28.763 0.3000000119
3619  23.782  -78.315  -29.658 0.3000000119
6304  21.859  -74.563  -30.259 0.3000000119
5551  21.368  -75.048  -31.759 0.3000000119
143524  22.473  -73.479  -29.781 0.3000000119
3102  23.443  -79.664  -26.149 0.3000000119
3624  23.483  -78.718  -30.424 0.3000000119
4166  26.258  -77.209  -27.581 0.3000000119
3110  24.794  -78.650  -26.651 0.3000000119
143404  24.456  -78.294  -28.205 0.3000000119
148852  23.706  -79.112  -28.247 0.3000000119
3120  23.423  -78.979  -29.836 0.3000000119
11206  31.577  -68.627  -32.076 0.3000000119
11207  30.837  -68.973  -31.631 0.3000000119
10379  30.051  -70.193  -31.329 0.3000000119
9614  29.174  -71.228  -31.452 0.4000000060
8790  28.992  -72.052  -32.122 0.4000000060
7954  28.636  -72.712  -32.606 0.3000000119
7100  27.354  -73.414  -33.364 0.3000000119
10377  31.572  -69.957  -32.503 0.3000000119
10394  31.180  -70.744  -32.562 0.4000000060
158084  30.335  -71.468  -32.503 0.4000000060
8804  30.249  -71.810  -32.927 0.4000000060
7971  28.598  -72.672  -32.882 0.3000000119
9640  29.507  -71.057  -33.371 0.4000000060
143150  29.140  -71.785  -33.231 0.4000000060
9625  28.557  -70.353  -33.017 0.3000000119
13115  31.589  -66.329  -30.301 0.3000000119
12113  31.118  -66.974  -30.821 0.3000000119
11208  30.085  -69.214  -31.143 0.4000000060
9600  29.329  -70.379  -30.903 0.4000000060
8774  28.358  -71.400  -31.207 0.3000000119
8791  28.195  -72.277  -31.809 0.3000000119
8792  27.205  -72.250  -31.527 0.3000000119
12130  31.640  -67.519  -31.652 0.3000000119
12146  32.199  -68.114  -32.449 0.3000000119
11222  32.081  -69.172  -32.831 0.3000000119
10392  31.892  -70.059  -33.250 0.3000000119
10393  31.509  -70.778  -33.036 0.3000000119
9624  30.942  -71.317  -32.905 0.4000000060
10413  32.001  -69.779  -33.815 0.3000000119
158794  31.700  -69.813  -34.055 0.3000000119
10414  31.549  -70.347  -33.459 0.3000000119
9623  31.215  -70.918  -33.099 0.4000000060
8816  29.938  -71.908  -33.055 0.4000000060
10429  31.346  -69.851  -34.182 0.3000000119
9658  30.515  -70.610  -33.621 0.4000000060
10415  29.946  -70.508  -33.704 0.4000000060
11249  30.135  -69.194  -34.614 0.3000000119
11234  29.759  -69.438  -33.860 0.4000000060
10416  29.178  -69.828  -33.294 0.4000000060
11262  29.807  -68.735  -35.305 0.3000000119
11235  28.955  -68.674  -33.301 0.4000000060
12158  28.539  -67.838  -33.688 0.3000000119
12064  32.357  -67.443  -27.322 0.3000000119
12065  30.930  -67.541  -27.140 0.3000000119
12066  29.878  -67.361  -27.279 0.3000000119
12067  28.892  -67.470  -27.726 0.3000000119
13106  32.197  -65.899  -29.653 0.3000000119
13107  31.447  -66.210  -29.351 0.3000000119
12082  30.179  -66.808  -29.290 0.3000000119
12101  28.913  -67.630  -28.823 0.3000000119
14156  33.210  -65.544  -31.024 0.3000000119
141843  32.355  -66.002  -30.761 0.3000000119
13116  30.794  -66.509  -29.928 0.3000000119
12100  29.507  -67.370  -29.603 0.3000000119
11175  28.943  -67.934  -29.890 0.3000000119
11192  28.681  -68.684  -30.099 0.3000000119
9602  27.673  -70.677  -30.387 0.3000000119
8775  27.450  -71.484  -30.941 0.3000000119
8776  26.486  -71.517  -30.677 0.3000000119
8777  25.537  -71.601  -30.363 0.3000000119
13131  32.725  -66.108  -31.724 0.3000000119
10442  31.207  -68.962  -35.356 0.3000000119
10431  30.322  -69.870  -34.243 0.3000000119
11261  31.488  -68.980  -36.731 0.3000000119
10444  30.325  -69.039  -34.998 0.3000000119
11281  30.175  -68.481  -36.010 0.3000000119
140612  29.260  -68.547  -35.760 0.3000000119
11250  28.598  -67.930  -34.722 0.3000000119
159390  33.405  -68.111  -27.618 0.3000000119
143267  32.945  -66.767  -27.614 0.3000000119
13082  31.255  -66.751  -27.601 0.3000000119
13084  29.806  -67.033  -27.780 0.3000000119
14120  32.864  -65.597  -28.931 0.3000000119
13098  30.461  -66.680  -28.219 0.3000000119
8778  24.669  -71.843  -29.952 0.3000000119
11141  33.930  -68.929  -28.055 0.3000000119
12063  33.415  -67.319  -27.562 0.3000000119
13081  33.662  -66.665  -27.667 0.3000000119
142957  32.249  -66.375  -27.822 0.3000000119
13097  31.363  -66.338  -28.402 0.3000000119
14137  32.999  -65.473  -29.933 0.3000000119
140127  34.143  -68.054  -28.058 0.3000000119
12081  34.888  -67.625  -28.102 0.3000000119
14095  34.082  -66.132  -27.866 0.3000000119
14105  33.549  -65.711  -28.300 0.3000000119
7936  26.928  -72.979  -32.020 0.3000000119
7935  27.898  -72.948  -32.367 0.3000000119
8817  29.233  -72.247  -32.957 0.4000000060
10395  28.442  -69.005  -32.700 0.4000000060
10378  30.797  -70.065  -31.830 0.3000000119
12131  30.885  -67.897  -31.279 0.3000000119
9613  29.900  -71.021  -31.736 0.4000000060
8789  29.733  -71.751  -32.336 0.4000000060
8805  29.384  -72.208  -32.846 0.4000000060
9639  30.218  -71.266  -33.313 0.4000000060
145146  31.827  -66.660  -31.197 0.3000000119
12099  30.234  -67.277  -30.389 0.3000000119
11191  29.406  -68.492  -30.535 0.3000000119
9601  28.535  -70.542  -30.621 0.4000000060
12129  32.306  -66.958  -32.065 0.3000000119
12145  32.752  -67.660  -32.901 0.3000000119
138411  32.502  -68.539  -33.028 0.3000000119
9657  31.099  -70.567  -33.540 0.4000000060
151786  30.105  -68.744  -35.639 0.3000000119
12083  29.603  -67.105  -28.530 0.3000000119
11176  28.480  -68.347  -29.062 0.3000000119
11280  31.353  -69.077  -36.928 0.3000000119
13101  12.579  -66.246  -28.961 0.4000000060
3093  23.316  -79.556  -25.725 0.3000000119
3613  25.392  -78.261  -26.948 0.3000000119
3614  24.670  -78.647  -27.334 0.3000000119
3620  23.603  -78.717  -29.845 0.3000000119
4846  23.359  -76.637  -30.419 0.3000000119
5530  24.004  -75.765  -28.411 0.3000000119
5536  22.616  -75.573  -29.469 0.3000000119
5542  21.574  -74.991  -30.964 0.3000000119
6309  21.614  -74.478  -31.150 0.3000000119
6320  24.131  -73.698  -34.411 0.4000000060
6351  23.362  -73.400  -37.403 0.5000000000
7059  23.028  -73.953  -28.327 0.3000000119
7069  22.569  -73.504  -28.924 0.3000000119
7070  22.039  -74.046  -29.459 0.3000000119
7144  26.218  -73.216  -35.150 0.5000000000
7162  25.802  -72.503  -37.212 0.5000000000
7169  25.968  -72.237  -38.104 0.4000000060
7911  18.963  -72.080  -29.877 0.5000000000
7956  26.693  -73.463  -32.497 0.5000000000
7984  27.096  -72.992  -33.891 0.4000000060
8011  25.919  -72.316  -37.081 0.4000000060
8023  24.712  -72.489  -38.475 0.5000000000
8749  20.388  -71.167  -28.023 0.6000000238
8831  25.333  -71.329  -35.675 0.4000000060
8852  25.974  -72.164  -36.530 0.4000000060
8880  26.282  -71.935  -37.951 0.4000000060
9589  22.358  -70.560  -29.014 0.6999999881
9612  30.592  -70.898  -32.155 0.4000000060
9638  30.662  -71.326  -33.091 0.4000000060
9642  27.124  -70.877  -33.246 0.4000000060
9647  17.533  -70.545  -33.758 0.6000000238
9648  16.531  -70.500  -33.649 0.6999999881
9649  15.516  -70.333  -34.113 0.6000000238
9661  24.194  -70.843  -34.364 0.4000000060
9675  16.344  -70.313  -35.299 0.6999999881
10370  29.365  -69.448  -30.688 0.4000000060
10371  28.597  -69.628  -30.313 0.4000000060
10372  27.926  -69.923  -29.877 0.3000000119
10373  12.484  -69.562  -30.786 0.6000000238
10399  24.904  -69.864  -32.028 0.4000000060
10400  17.505  -70.232  -32.216 0.8000000119
10402  15.435  -69.848  -32.707 0.6999999881
10417  23.690  -70.709  -33.026 0.4000000060
10419  14.814  -70.021  -33.599 0.6999999881
10430  30.688  -69.661  -34.423 0.3000000119
10443  30.816  -68.790  -35.504 0.3000000119
10445  23.467  -70.929  -34.360 0.4000000060
10447  17.595  -69.497  -35.751 0.6999999881
10449  14.755  -69.632  -35.426 0.6999999881
10450  14.193  -69.022  -35.508 0.6999999881
10457  30.859  -68.392  -35.980 0.3000000119
10458  18.951  -68.507  -36.460 0.6000000238
10459  18.253  -68.788  -36.076 0.6999999881
10462  16.067  -69.235  -36.082 0.6999999881
11128  18.800  -67.604  -26.471 0.6000000238
11142  32.984  -68.787  -27.447 0.3000000119
11148  21.432  -68.776  -27.687 0.6999999881
11149  20.853  -68.313  -27.412 0.6999999881
11163  22.059  -68.181  -27.987 0.6999999881
11177  22.498  -67.635  -28.530 0.6000000238
11190  30.101  -68.206  -30.940 0.3000000119
11195  17.354  -68.352  -30.810 0.6999999881
11213  15.613  -68.515  -31.441 0.6999999881
11215  12.230  -68.910  -31.543 0.5000000000
11216  11.633  -69.265  -32.355 0.5000000000
11221  32.290  -69.187  -33.438 0.3000000119
11225  14.190  -68.820  -32.860 0.6999999881
11226  10.928  -69.439  -33.115 0.5000000000
11253  13.737  -68.184  -34.949 0.6000000238
11263  28.791  -68.376  -35.552 0.3000000119
11268  19.451  -68.552  -36.219 0.6000000238
11270  13.954  -68.288  -35.283 0.6000000238
11282  27.894  -68.231  -36.034 0.4000000060
11287  17.434  -68.183  -35.949 0.6999999881
11292  18.420  -67.763  -36.671 0.6000000238
11293  18.027  -67.743  -36.361 0.6999999881
12062  34.100  -67.193  -27.708 0.3000000119
12069  20.217  -67.944  -27.231 0.6999999881
12070  19.412  -67.489  -26.996 0.6999999881
12103  18.753  -67.454  -28.695 0.6000000238
12106  15.933  -66.749  -30.056 0.6000000238
12114  29.559  -67.789  -30.330 0.3000000119
12119  14.829  -66.801  -31.098 0.6999999881
12162  23.233  -67.033  -34.150 0.4000000060
12164  13.721  -68.430  -33.531 0.6999999881
12177  27.910  -67.559  -34.446 0.4000000060
12182  22.624  -67.350  -34.928 0.4000000060
12199  24.807  -67.113  -35.936 0.4000000060
12202  21.693  -67.772  -35.918 0.4000000060
12203  16.042  -67.675  -35.324 0.6999999881
12206  13.905  -67.447  -35.081 0.6000000238
12220  25.678  -66.788  -36.423 0.4000000060
12223  23.286  -67.256  -36.621 0.4000000060
12224  21.362  -67.522  -36.914 0.5000000000
12225  17.028  -67.938  -35.783 0.6999999881
12229  25.121  -66.597  -36.665 0.4000000060
12232  22.652  -67.016  -37.283 0.4000000060
12233  21.261  -67.124  -37.174 0.5000000000
12234  20.379  -67.179  -37.155 0.5000000000
12235  19.475  -67.259  -37.176 0.6000000238
12237  18.146  -67.139  -36.611 0.6000000238
13071  18.172  -66.466  -26.643 0.5000000000
13072  17.532  -66.259  -26.172 0.5000000000
13073  16.721  -65.894  -25.822 0.5000000000
13083  30.429  -66.991  -27.537 0.3000000119
13088  14.547  -65.313  -26.926 0.5000000000
13096  32.108  -65.991  -28.699 0.3000000119
13100  12.939  -65.893  -28.301 0.5000000000
13108  30.818  -66.456  -29.038 0.3000000119
13117  15.424  -65.946  -30.067 0.5000000000
13133  23.930  -66.638  -31.549 0.6000000238
13135  14.412  -65.948  -31.459 0.6999999881
13146  24.527  -66.539  -31.931 0.6000000238
13148  22.733  -66.835  -32.562 0.6000000238
13149  13.811  -65.536  -32.144 0.6999999881
13163  18.097  -66.460  -33.961 0.6999999881
13164  17.214  -66.477  -33.722 0.6999999881
13178  25.813  -66.718  -33.926 0.4000000060
13182  16.649  -66.552  -34.153 0.6999999881
13184  14.063  -65.447  -34.839 0.6000000238
13197  17.431  -66.929  -35.715 0.6999999881
13201  14.083  -66.514  -35.036 0.6999999881
13217  26.173  -66.295  -36.562 0.4000000060
13218  17.839  -66.538  -36.495 0.6999999881
13232  18.040  -66.498  -36.688 0.6999999881
14096  33.207  -66.264  -27.894 0.3000000119
14106  32.772  -65.939  -28.266 0.3000000119
14109  14.002  -64.798  -28.493 0.6000000238
14110  13.358  -65.146  -28.399 0.6000000238
14122  14.154  -64.757  -29.464 0.6000000238
14159  13.344  -64.736  -31.306 0.6000000238
14160  12.237  -64.752  -32.114 0.6000000238
14175  19.016  -65.686  -32.608 0.6999999881
14176  18.048  -65.606  -32.643 0.6999999881
14177  17.153  -65.332  -32.888 0.6999999881
14180  11.840  -64.918  -32.534 0.5000000000
14191  19.326  -65.532  -33.457 0.6999999881
14197  11.609  -64.872  -34.440 0.4000000060
14230  14.445  -65.204  -35.131 0.6000000238
14245  28.444  -65.853  -36.549 0.4000000060
14249  25.815  -65.371  -36.865 0.4000000060
14250  24.979  -65.534  -37.175 0.4000000060
14256  18.804  -65.518  -37.231 0.6000000238
15190  20.011  -63.999  -30.744 0.6000000238
15191  19.326  -64.149  -30.740 0.6000000238
15192  12.878  -64.622  -31.242 0.5000000000
15204  20.170  -64.256  -31.651 0.6000000238
15205  19.786  -64.913  -31.913 0.6000000238
15208  12.837  -64.624  -31.875 0.6000000238
15220  30.931  -64.588  -33.143 0.3000000119
15226  17.529  -64.861  -32.233 0.6999999881
15242  29.573  -64.704  -33.984 0.3000000119
15245  19.739  -64.864  -33.430 0.6999999881
15261  15.670  -64.931  -34.934 0.6000000238
15263  11.851  -64.452  -35.180 0.6000000238
15283  13.483  -64.072  -35.758 0.6000000238
15289  27.772  -65.155  -36.359 0.3000000119
15292  24.625  -63.881  -37.106 0.4000000060
15294  23.222  -64.317  -37.201 0.4000000060
15296  21.354  -64.542  -36.690 0.5000000000
15300  25.345  -64.702  -37.103 0.4000000060
15303  22.758  -65.473  -37.470 0.5000000000
15307  17.916  -64.780  -37.150 0.6000000238
16212  13.768  -63.459  -21.717 0.4000000060
16239  14.528  -63.233  -22.226 0.4000000060
16263  14.409  -63.347  -23.221 0.4000000060
16264  13.650  -63.927  -23.102 0.4000000060
16265  13.072  -64.053  -23.748 0.4000000060
16280  12.936  -63.515  -24.449 0.6000000238
16286  12.918  -62.990  -25.182 0.6000000238
16287  12.006  -63.120  -25.635 0.6000000238
16300  11.311  -62.842  -26.237 0.6000000238
16301  10.468  -62.994  -26.221 0.6000000238
16302  9.641  -63.187  -26.375 0.5000000000
16317  20.141  -62.846  -27.432 0.6999999881
16318  19.397  -63.032  -27.866 0.6000000238
16333  19.549  -63.590  -28.923 0.6000000238
16335  18.283  -63.135  -28.892 0.8000000119
16366  18.598  -63.603  -30.148 0.6000000238
16367  17.697  -63.223  -30.434 0.6999999881
16385  16.923  -63.157  -31.796 0.6000000238
16398  27.677  -63.921  -32.704 0.3000000119
16402  20.334  -63.902  -32.412 0.6000000238
16404  17.143  -63.996  -31.989 0.6999999881
16418  28.003  -64.123  -33.628 0.3000000119
16423  15.964  -63.390  -34.752 0.6999999881
16446  18.365  -62.879  -35.245 0.6000000238
16447  15.278  -63.106  -35.408 0.6999999881
16448  14.400  -63.027  -35.677 0.6999999881
16468  20.931  -62.870  -35.850 0.4000000060
16473  13.103  -63.847  -36.060 0.6999999881
16474  11.971  -64.150  -35.491 0.6000000238
16478  25.606  -63.953  -36.466 0.3000000119
16480  24.029  -63.539  -36.627 0.4000000060
16484  18.198  -63.377  -36.219 0.6000000238
17334  15.714  -62.224  -21.967 0.4000000060
17336  14.702  -62.364  -21.567 0.4000000060
17366  15.073  -62.854  -22.785 0.4000000060
17384  15.402  -62.272  -23.342 0.4000000060
17386  13.706  -62.778  -24.870 0.6000000238
17399  21.189  -61.937  -25.867 0.8000000119
17402  12.797  -62.596  -26.142 0.6000000238
17411  22.156  -62.232  -26.771 0.6000000238
17412  21.492  -62.199  -26.262 0.6000000238
17414  19.959  -62.228  -26.706 0.8000000119
17415  13.227  -62.044  -26.561 0.6000000238
17419  9.183  -62.704  -27.001 0.5000000000
17436  21.123  -62.693  -27.493 0.6000000238
17438  18.894  -62.639  -27.808 0.8000000119
17439  12.075  -62.089  -27.090 0.6000000238
17442  9.620  -62.017  -27.253 0.5000000000
17460  20.670  -62.997  -28.212 0.6000000238
17462  17.895  -62.604  -29.157 0.8000000119
17474  21.290  -62.640  -29.822 0.6000000238
17476  17.718  -62.486  -29.968 0.6999999881
17490  20.883  -62.987  -30.474 0.6000000238
17491  17.134  -62.416  -30.658 0.6999999881
17504  20.916  -62.185  -31.347 0.6000000238
17518  20.337  -62.123  -32.041 0.6000000238
17519  19.750  -62.069  -32.780 0.6000000238
17520  16.628  -62.539  -32.459 0.6999999881
17537  16.209  -62.093  -34.283 0.6999999881
17538  15.470  -61.710  -34.750 0.6999999881
17539  12.834  -61.886  -34.359 0.5000000000
17565  19.647  -62.149  -35.563 0.4000000060
17566  18.778  -62.087  -35.337 0.4000000060
17569  18.711  -62.757  -35.876 0.6000000238
18394  15.873  -61.655  -21.662 0.4000000060
18395  15.129  -61.721  -21.431 0.4000000060
18396  14.332  -61.709  -21.448 0.3000000119
18405  16.130  -61.707  -22.312 0.4000000060
18406  15.602  -62.318  -22.539 0.4000000060
18416  16.123  -61.239  -22.980 0.4000000060
18428  21.902  -61.220  -25.073 0.6000000238
18429  14.958  -62.129  -24.154 0.6000000238
18451  21.695  -61.687  -25.593 0.8000000119
18452  20.958  -61.580  -25.642 0.6000000238
18453  13.885  -61.348  -25.985 0.6000000238
18472  23.160  -61.351  -26.156 0.5000000000
18491  19.151  -61.998  -27.270 0.8000000119
18493  12.978  -60.793  -27.254 0.6000000238
18494  12.752  -61.547  -27.181 0.6000000238
18497  10.045  -61.299  -27.419 0.6000000238
18498  8.657  -60.731  -27.476 0.5000000000
18516  22.513  -61.464  -28.614 0.6000000238
18517  18.086  -62.003  -28.747 0.8000000119
18550  17.401  -61.703  -30.360 0.6999999881
18566  9.626  -61.038  -31.847 0.6000000238
18579  19.333  -61.197  -33.287 0.5000000000
18596  14.867  -61.062  -34.221 0.6000000238
18598  13.150  -61.346  -33.484 0.5000000000
18607  22.237  -61.957  -35.121 0.4000000060
19383  16.134  -60.452  -21.001 0.4000000060
19401  16.174  -60.971  -21.444 0.4000000060
19431  15.751  -60.707  -23.455 0.4000000060
19444  21.524  -60.754  -24.858 0.6000000238
19445  15.158  -60.976  -23.980 0.6000000238
19446  14.504  -60.734  -24.514 0.6000000238
19464  20.808  -60.756  -25.365 0.6999999881
19482  23.727  -60.871  -26.171 0.5000000000
19485  13.180  -60.379  -26.927 0.6000000238
19504  19.450  -61.059  -27.270 0.8000000119
19506  12.295  -60.729  -27.443 0.6000000238
19508  10.423  -60.437  -27.630 0.6000000238
19510  7.909  -59.922  -27.587 0.5000000000
19558  18.440  -59.920  -30.488 0.6000000238
19559  17.289  -60.959  -31.067 0.6999999881
19579  17.235  -60.155  -31.896 0.6999999881
19584  9.202  -60.269  -31.419 0.5000000000
19585  8.308  -60.420  -31.071 0.5000000000
19586  7.336  -60.487  -30.807 0.5000000000
19587  6.386  -60.573  -30.632 0.5000000000
19601  16.435  -60.171  -33.654 0.6999999881
19602  14.266  -60.138  -33.012 0.5000000000
19617  19.429  -60.580  -33.512 0.5000000000
19636  19.543  -60.438  -34.303 0.4000000060
20392  12.306  -59.098  -19.975 0.3000000119
20402  16.667  -59.707  -20.859 0.4000000060
20407  10.973  -59.224  -20.942 0.3000000119
20415  16.891  -59.838  -21.482 0.4000000060
20419  9.685  -59.063  -22.071 0.3000000119
20429  16.960  -59.549  -21.862 0.4000000060
20430  16.627  -59.742  -22.445 0.4000000060
20431  16.351  -59.128  -22.527 0.4000000060
20445  22.978  -59.566  -23.736 0.6000000238
20447  15.816  -59.789  -23.127 0.4000000060
20448  14.546  -59.536  -23.490 0.4000000060
20472  12.617  -59.465  -24.592 0.5000000000
20473  11.953  -59.081  -24.953 0.5000000000
20490  21.169  -60.041  -24.711 0.6000000238
20491  20.646  -59.601  -25.577 0.5000000000
20509  20.065  -60.012  -27.426 0.6000000238
20522  20.433  -58.991  -27.401 0.5000000000
20524  12.147  -59.199  -27.271 0.6000000238
20540  19.647  -59.181  -29.134 0.6999999881
20541  19.006  -59.962  -29.117 0.6999999881
20543  8.318  -58.744  -28.245 0.5000000000
20555  7.985  -59.078  -28.976 0.5000000000
20556  7.246  -59.340  -29.023 0.5000000000
20570  10.045  -58.660  -30.712 0.6000000238
20585  17.048  -59.354  -32.616 0.6000000238
20588  12.302  -59.170  -31.486 0.6000000238
20589  11.378  -59.288  -31.395 0.6000000238
20604  15.605  -59.266  -33.115 0.6000000238
20607  12.842  -59.886  -31.907 0.5000000000
21388  14.052  -58.183  -18.580 0.4000000060
21389  13.115  -58.119  -18.694 0.3000000119
21410  11.566  -58.883  -20.206 0.3000000119
21435  14.642  -58.296  -22.391 0.4000000060
21450  22.827  -58.962  -23.469 0.6000000238
21454  12.420  -58.430  -23.431 0.5000000000
21455  11.778  -57.985  -23.965 0.5000000000
21490  12.795  -58.328  -26.101 0.5000000000
21491  11.994  -58.659  -25.485 0.5000000000
21506  16.894  -58.243  -26.491 0.6000000238
21507  16.099  -58.211  -26.314 0.5000000000
21532  19.750  -58.292  -28.811 0.6999999881
21533  10.934  -57.725  -28.512 0.6000000238
21535  9.078  -58.266  -28.395 0.5000000000
21550  10.452  -57.457  -29.953 0.6000000238
21564  18.236  -58.625  -31.252 0.6000000238
21565  13.151  -57.575  -31.155 0.5000000000
21569  9.707  -57.928  -30.063 0.6000000238
21570  9.083  -58.371  -29.760 0.5000000000
21583  14.719  -58.101  -31.747 0.5000000000
21587  10.875  -58.562  -30.931 0.6000000238
21600  15.196  -58.674  -32.467 0.5000000000
22358  14.774  -56.808  -17.784 0.4000000060
22371  12.441  -57.036  -18.609 0.3000000119
22372  11.951  -57.061  -19.066 0.3000000119
22397  11.389  -58.114  -19.846 0.3000000119
22398  10.688  -57.938  -20.421 0.3000000119
22410  10.022  -57.702  -20.956 0.3000000119
22425  12.993  -57.272  -22.370 0.4000000060
22426  12.290  -56.985  -23.123 0.4000000060
22458  15.779  -57.326  -24.969 0.5000000000
22477  16.594  -57.371  -24.906 0.4000000060
22478  14.672  -57.693  -25.769 0.6000000238
22499  19.895  -57.932  -26.603 0.5000000000
22500  18.726  -57.635  -26.624 0.5000000000
22503  15.328  -57.970  -26.235 0.5000000000
22519  17.364  -57.962  -27.239 0.5000000000
22524  11.645  -57.674  -28.435 0.6000000238
22536  19.294  -57.426  -29.062 0.6999999881
22537  18.677  -57.082  -28.681 0.6000000238
22541  14.746  -57.132  -28.029 0.5000000000
22545  10.630  -57.383  -29.179 0.6000000238
22559  13.073  -56.719  -29.863 0.5000000000
22560  12.183  -56.936  -29.554 0.6000000238
22574  18.959  -57.246  -30.390 0.6000000238
22576  16.608  -56.813  -31.064 0.5000000000
22577  15.664  -56.760  -31.020 0.5000000000
22580  12.645  -57.045  -30.483 0.6000000238
22595  17.059  -57.357  -31.428 0.6000000238
22598  14.218  -57.471  -31.176 0.5000000000
23348  14.404  -56.181  -17.497 0.4000000060
23349  13.664  -56.129  -17.683 0.4000000060
23354  15.470  -56.542  -18.078 0.4000000060
23357  12.098  -56.479  -18.879 0.3000000119
23374  10.944  -56.788  -19.864 0.3000000119
23411  9.893  -56.812  -21.070 0.3000000119
23454  12.322  -56.548  -23.480 0.4000000060
23468  14.958  -56.969  -24.939 0.5000000000
23469  13.581  -56.746  -24.878 0.6000000238
23470  12.191  -56.601  -24.476 0.6000000238
23487  18.879  -56.877  -25.247 0.5000000000
23488  17.346  -56.907  -24.848 0.4000000060
23527  16.545  -56.843  -28.640 0.5000000000
23528  15.186  -56.591  -28.808 0.5000000000
23538  17.753  -56.464  -29.653 0.6000000238
23540  15.620  -56.434  -29.582 0.5000000000
23550  17.117  -56.651  -30.383 0.5000000000
23552  15.194  -56.451  -30.330 0.5000000000
23553  14.423  -56.519  -30.240 0.5000000000
24433  16.049  -55.092  -17.763 0.4000000060
24435  14.840  -55.561  -17.390 0.4000000060
24447  12.953  -55.989  -18.100 0.4000000060
24448  12.333  -55.869  -18.646 0.3000000119
24471  11.717  -55.915  -19.187 0.3000000119
24588  14.353  -55.324  -25.656 0.5000000000
25573  13.919  -54.747  -17.631 0.4000000060
25586  13.266  -54.616  -18.186 0.4000000060
25587  12.602  -54.534  -18.825 0.4000000060
25607  12.009  -54.431  -19.337 0.4000000060
25609  10.789  -55.336  -20.088 0.3000000119
25617  11.179  -54.094  -20.265 0.3000000119
25644  9.579  -54.896  -22.955 0.3000000119
26725  14.361  -54.238  -17.585 0.4000000060
26758  12.122  -53.094  -19.906 0.3000000119
26760  10.771  -53.841  -20.891 0.3000000119
26776  10.532  -53.666  -21.840 0.3000000119
26795  10.306  -53.466  -22.902 0.4000000060
26810  10.058  -53.227  -23.718 0.4000000060
26829  9.665  -53.234  -23.960 0.4000000060
27827  12.964  -53.172  -19.279 0.4000000060
27861  12.001  -52.017  -21.255 0.3000000119
27894  10.110  -51.858  -24.179 0.3000000119
28862  14.149  -52.099  -18.843 0.4000000060
28908  12.405  -51.432  -21.807 0.3000000119
28909  11.796  -51.886  -22.280 0.4000000060
28928  11.428  -51.616  -23.357 0.4000000060
28929  9.619  -51.262  -23.351 0.3000000119
28946  9.983  -51.179  -24.057 0.3000000119
30036  17.023  -50.835  -18.693 0.3000000119
30037  16.260  -51.277  -18.413 0.3000000119
30038  15.577  -51.087  -18.602 0.3000000119
30039  15.016  -50.998  -18.894 0.3000000119
30056  18.440  -50.324  -19.192 0.3000000119
30059  15.490  -50.575  -19.159 0.3000000119
30060  14.783  -50.637  -19.507 0.3000000119
30076  13.751  -50.638  -20.922 0.3000000119
30095  13.421  -50.484  -21.934 0.3000000119
30116  12.329  -50.717  -23.372 0.4000000060
31264  14.613  -49.723  -22.285 0.3000000119
31299  14.967  -48.997  -24.129 0.3000000119
31300  14.051  -49.195  -24.484 0.3000000119
31302  12.343  -49.243  -24.143 0.3000000119
32326  15.842  -48.958  -22.318 0.3000000119
32340  15.991  -48.429  -23.806 0.3000000119
32361  15.730  -48.164  -24.655 0.3000000119
32363  14.422  -48.431  -24.793 0.3000000119
32364  13.542  -48.279  -24.604 0.3000000119
32382  14.696  -47.831  -24.808 0.3000000119
33306  16.461  -48.066  -23.101 0.3000000119
33326  16.364  -47.990  -24.374 0.3000000119
33327  14.218  -47.191  -24.362 0.3000000119
34342  17.392  -47.116  -24.252 0.3000000119
34358  16.832  -46.669  -26.078 0.3000000119
34360  15.788  -47.120  -25.294 0.3000000119
34369  16.583  -46.251  -26.145 0.3000000119
35355  18.282  -45.866  -24.694 0.3000000119
35356  17.570  -46.351  -25.763 0.3000000119
35357  15.917  -45.835  -24.690 0.3000000119
35374  16.182  -45.907  -25.882 0.3000000119
35385  18.239  -45.184  -26.166 0.3000000119
36480  17.476  -45.221  -26.055 0.3000000119
131429  23.102  -70.346  -31.118 0.4000000060
131435  23.406  -69.350  -29.336 0.6000000238
131436  23.616  -68.937  -29.872 0.5000000000
131441  23.498  -67.916  -29.562 0.5000000000
131442  22.485  -71.270  -33.736 0.4000000060
131446  22.479  -66.977  -31.621 0.6999999881
131448  20.680  -68.634  -33.829 0.6999999881
131450  21.120  -68.095  -34.402 0.4000000060
131949  21.367  -71.466  -29.799 0.6999999881
132012  23.192  -67.716  -28.852 0.6999999881
132029  22.990  -66.833  -30.997 0.6999999881
132060  19.112  -70.217  -32.216 0.8000000119
132084  21.571  -67.417  -30.543 0.6000000238
132395  23.000  -69.940  -29.202 0.6999999881
132547  13.807  -57.002  -28.030 0.6000000238
133160  30.788  -65.208  -34.329 0.3000000119
133690  26.195  -67.310  -35.053 0.4000000060
135184  21.240  -67.753  -32.365 0.6999999881
135645  28.543  -72.466  -33.154 0.4000000060
136465  26.979  -64.755  -36.215 0.4000000060
136503  7.448  -59.180  -28.301 0.5000000000
137425  25.602  -73.059  -36.336 0.4000000060
137949  11.234  -61.443  -32.517 0.4000000060
137993  12.857  -57.487  -18.474 0.3000000119
138802  29.424  -68.502  -34.377 0.3000000119
139047  18.752  -69.777  -35.257 0.6000000238
139058  20.145  -71.765  -28.712 0.6000000238
139329  23.691  -78.390  -30.363 0.3000000119
139396  13.484  -64.691  -29.923 0.6000000238
139505  27.417  -73.401  -32.820 0.5000000000
140978  10.589  -58.431  -28.052 0.6000000238
142213  22.598  -71.251  -34.331 0.4000000060
142408  18.171  -57.692  -27.206 0.6000000238
142871  14.141  -55.778  -25.113 0.5000000000
142954  9.279  -56.002  -23.556 0.3000000119
143005  17.431  -56.908  -30.958 0.6000000238
143993  16.199  -50.642  -18.861 0.3000000119
144193  13.506  -60.689  -26.391 0.6000000238
144255  28.859  -64.794  -35.575 0.3000000119
144458  17.198  -47.069  -25.458 0.3000000119
144475  28.669  -66.999  -36.513 0.4000000060
145104  21.835  -62.178  -30.014 0.6000000238
145198  16.807  -66.961  -34.870 0.6999999881
145483  11.756  -59.843  -27.556 0.6000000238
146199  17.054  -58.660  -32.235 0.6000000238
146357  13.897  -64.697  -35.125 0.6999999881
146501  13.423  -57.904  -27.122 0.6000000238
146788  19.653  -66.161  -37.315 0.6000000238
146941  16.209  -62.892  -34.221 0.6000000238
147105  19.339  -69.379  -26.714 0.6000000238
147601  25.083  -66.535  -33.423 0.4000000060
147718  12.943  -62.442  -35.267 0.6000000238
147820  18.074  -57.063  -25.171 0.4000000060
148276  11.193  -49.981  -23.983 0.3000000119
148566  18.110  -63.002  -35.786 0.6000000238
148772  11.376  -55.427  -19.558 0.3000000119
148842  11.753  -64.883  -33.402 0.4000000060
149243  25.029  -73.313  -36.406 0.4000000060
149451  15.957  -56.612  -28.898 0.5000000000
149710  18.341  -70.194  -31.998 0.8000000119
149835  21.641  -71.571  -32.840 0.5000000000
150141  18.431  -63.763  -35.104 0.6999999881
150173  20.694  -71.986  -30.859 0.5000000000
150237  27.065  -65.236  -36.410 0.4000000060
150631  20.777  -71.709  -29.256 0.6000000238
150776  30.025  -65.883  -36.195 0.3000000119
151270  20.551  -66.285  -37.462 0.5000000000
151324  17.664  -65.151  -37.050 0.6000000238
151390  16.457  -61.008  -22.366 0.4000000060
151725  19.580  -67.596  -28.694 0.6999999881
152270  24.311  -78.991  -26.943 0.3000000119
152363  25.049  -63.791  -35.119 0.3000000119
152504  21.188  -70.824  -28.117 0.6999999881
153138  29.293  -65.077  -35.858 0.3000000119
153653  19.406  -72.322  -30.470 0.6000000238
153803  14.545  -61.667  -34.698 0.6000000238
153849  16.353  -60.817  -33.869 0.6999999881
154437  18.098  -70.207  -35.355 0.6999999881
154796  22.826  -73.134  -29.405 0.3000000119
154865  18.401  -61.484  -28.455 0.8000000119
154950  24.437  -63.550  -36.348 0.3000000119
155213  28.110  -64.545  -35.656 0.3000000119
155449  32.222  -65.328  -35.068 0.3000000119
155452  13.500  -65.544  -27.824 0.5000000000
155643  15.879  -59.728  -33.668 0.6000000238
155951  13.195  -58.236  -31.415 0.6000000238
156028  23.592  -63.166  -36.074 0.4000000060
156415  10.187  -58.882  -27.914 0.6000000238
156452  26.633  -64.465  -36.142 0.3000000119
156531  15.449  -70.225  -35.066 0.6000000238
156532  13.617  -57.432  -27.611 0.6000000238
156555  11.523  -62.415  -26.775 0.6000000238
157112  19.418  -63.330  -28.315 0.6000000238
157138  26.512  -66.846  -36.511 0.4000000060
157314  32.258  -66.404  -31.447 0.3000000119
157443  22.129  -65.979  -37.666 0.5000000000
157650  13.278  -50.496  -22.683 0.3000000119
157656  12.603  -66.715  -29.556 0.5000000000
157841  22.779  -67.255  -28.988 0.6000000238
158034  30.395  -68.720  -35.542 0.3000000119
158065  16.785  -59.293  -22.199 0.4000000060
158397  12.411  -55.415  -24.080 0.4000000060
158513  12.488  -63.885  -35.850 0.6000000238
158758  12.522  -64.483  -23.587 0.4000000060
158981  19.235  -57.263  -29.772 0.6000000238
158985  26.014  -66.989  -34.529 0.4000000060
159186  16.649  -56.897  -24.744 0.5000000000
