#!ascii label  , from subject sub125 vox2ras=TkReg
321
23253  38.475  -56.298  -7.524 0.0000000000
21383  40.837  -58.517  -18.480 0.0000000000
19285  34.759  -60.098  -10.080 0.0000000000
23296  37.406  -56.803  -12.688 0.0000000000
150504  42.103  -62.376  -14.278 0.0000000000
17221  39.119  -62.113  -12.472 0.0000000000
14934  41.847  -65.251  -10.697 0.0000000000
22333  39.785  -56.754  -15.446 0.0000000000
25515  35.387  -54.295  -13.770 0.0000000000
23257  34.517  -56.674  -7.756 0.0000000000
21345  35.588  -59.011  -12.356 0.0000000000
158070  40.087  -59.700  -14.251 0.0000000000
20362  42.736  -58.912  -15.862 0.0000000000
133615  45.189  -62.953  -16.622 0.0000000000
20292  42.855  -59.482  -9.816 0.0000000000
21262  38.497  -58.158  -6.603 0.0000000000
22236  34.363  -58.123  -5.649 0.0000000000
27687  35.206  -52.250  -10.220 0.0000000000
16048  40.487  -64.369  -10.064 0.0000000000
22353  40.943  -56.984  -17.634 0.0000000000
159536  38.387  -55.914  -16.820 0.0000000000
159035  33.522  -58.594  -9.701 0.0000000000
20312  34.545  -59.507  -11.097 0.0000000000
158813  40.732  -62.663  -13.252 0.0000000000
19304  38.750  -61.057  -13.718 0.0000000000
18302  40.694  -61.260  -14.249 0.0000000000
20353  41.679  -59.559  -14.822 0.0000000000
18321  43.086  -60.942  -15.216 0.0000000000
18347  45.377  -61.592  -17.748 0.0000000000
20265  38.708  -59.362  -5.880 0.0000000000
21264  36.747  -58.115  -5.902 0.0000000000
20255  36.430  -59.188  -4.966 0.0000000000
24350  36.073  -55.916  -11.394 0.0000000000
25481  35.677  -54.593  -11.470 0.0000000000
26708  34.914  -53.459  -15.329 0.0000000000
28787  34.834  -51.517  -13.089 0.0000000000
156311  36.416  -61.115  -9.323 0.0000000000
19289  36.332  -60.756  -11.574 0.0000000000
17204  38.786  -62.325  -10.391 0.0000000000
17219  40.713  -63.078  -11.242 0.0000000000
140002  42.524  -63.846  -12.103 0.0000000000
22324  38.506  -57.284  -14.004 0.0000000000
25495  36.582  -55.536  -12.963 0.0000000000
24412  37.682  -56.071  -14.774 0.0000000000
24414  36.196  -55.396  -15.624 0.0000000000
20383  41.248  -59.905  -19.153 0.0000000000
23255  36.345  -56.399  -7.255 0.0000000000
22311  35.438  -57.262  -11.568 0.0000000000
21330  37.008  -57.817  -11.987 0.0000000000
18294  36.628  -60.731  -13.050 0.0000000000
20339  37.365  -59.943  -13.622 0.0000000000
21352  38.329  -58.279  -13.626 0.0000000000
21360  40.493  -58.446  -14.603 0.0000000000
21364  41.708  -58.038  -15.575 0.0000000000
21376  42.101  -57.757  -17.148 0.0000000000
17249  44.175  -62.609  -15.550 0.0000000000
19341  44.402  -60.883  -16.416 0.0000000000
20366  43.779  -59.581  -16.857 0.0000000000
20374  43.195  -59.530  -17.726 0.0000000000
22290  41.748  -57.687  -9.271 0.0000000000
22278  39.970  -57.144  -8.204 0.0000000000
151011  40.450  -58.680  -7.812 0.0000000000
22264  38.068  -56.954  -7.136 0.0000000000
22266  35.970  -57.106  -6.948 0.0000000000
22251  34.416  -57.613  -6.473 0.0000000000
21275  33.392  -58.539  -7.326 0.0000000000
20266  33.099  -59.198  -6.770 0.0000000000
19272  34.004  -59.923  -8.739 0.0000000000
26655  35.129  -53.426  -12.362 0.0000000000
23267  39.143  -55.983  -7.895 0.0000000000
151999  38.850  -54.795  -7.951 0.0000000000
24313  38.633  -55.443  -7.737 0.0000000000
136365  41.401  -57.535  -17.861 0.0000000000
22354  40.003  -56.712  -17.817 0.0000000000
20304  33.709  -58.868  -10.164 0.0000000000
19290  35.231  -60.112  -11.169 0.0000000000
17237  41.115  -62.424  -13.848 0.0000000000
154989  41.491  -61.595  -14.384 0.0000000000
18301  42.224  -61.235  -14.697 0.0000000000
18300  42.765  -61.896  -14.731 0.0000000000
16165  45.427  -62.634  -18.968 0.0000000000
20253  37.939  -59.358  -5.502 0.0000000000
23293  37.132  -56.741  -11.847 0.0000000000
24342  35.963  -55.302  -11.430 0.0000000000
24361  36.706  -55.746  -12.280 0.0000000000
28824  34.815  -51.547  -15.167 0.0000000000
18278  37.959  -61.755  -10.687 0.0000000000
16047  41.460  -64.420  -10.499 0.0000000000
17201  40.981  -63.686  -10.577 0.0000000000
16070  41.553  -63.526  -11.378 0.0000000000
16068  42.874  -64.773  -11.603 0.0000000000
22323  39.306  -57.341  -14.540 0.0000000000
23314  37.987  -56.657  -14.194 0.0000000000
23327  38.961  -56.538  -15.220 0.0000000000
141955  37.429  -55.981  -16.628 0.0000000000
23338  36.403  -56.062  -16.958 0.0000000000
25546  35.713  -54.981  -16.072 0.0000000000
23256  35.322  -56.491  -7.467 0.0000000000
24317  34.766  -55.869  -7.916 0.0000000000
23268  34.156  -56.294  -8.427 0.0000000000
22310  36.470  -57.623  -11.815 0.0000000000
21331  36.234  -58.229  -12.316 0.0000000000
18277  38.357  -61.787  -11.857 0.0000000000
18287  36.803  -61.012  -12.250 0.0000000000
18293  37.363  -61.303  -12.908 0.0000000000
19325  39.490  -60.106  -14.016 0.0000000000
20338  38.473  -59.963  -13.812 0.0000000000
142332  37.970  -59.027  -13.566 0.0000000000
147326  38.957  -58.822  -13.896 0.0000000000
21361  39.687  -58.176  -14.244 0.0000000000
20355  39.843  -59.118  -14.202 0.0000000000
20352  42.383  -59.417  -15.256 0.0000000000
21359  41.304  -58.666  -14.941 0.0000000000
21363  42.220  -58.277  -15.883 0.0000000000
21370  42.010  -57.643  -16.277 0.0000000000
21369  42.506  -58.262  -16.486 0.0000000000
13988  43.305  -66.064  -17.571 0.0000000000
16140  44.982  -63.796  -16.607 0.0000000000
15018  44.625  -64.732  -16.035 0.0000000000
16117  44.716  -64.056  -15.801 0.0000000000
17248  44.783  -62.903  -16.050 0.0000000000
18320  43.947  -61.411  -15.719 0.0000000000
18319  44.606  -61.853  -16.233 0.0000000000
19354  45.062  -61.244  -18.006 0.0000000000
19351  44.643  -60.730  -17.540 0.0000000000
19352  44.336  -60.423  -17.476 0.0000000000
19356  44.018  -60.481  -18.007 0.0000000000
20302  43.193  -58.862  -10.125 0.0000000000
21301  42.324  -58.609  -9.527 0.0000000000
22291  40.897  -57.168  -8.848 0.0000000000
21302  41.146  -57.854  -8.777 0.0000000000
20274  40.003  -58.975  -7.095 0.0000000000
20273  40.656  -59.418  -7.523 0.0000000000
21273  39.777  -58.303  -7.444 0.0000000000
22262  39.621  -57.712  -7.671 0.0000000000
22247  38.527  -57.531  -7.002 0.0000000000
22265  37.116  -56.915  -6.861 0.0000000000
22249  36.910  -57.524  -6.429 0.0000000000
135263  35.883  -58.170  -5.574 0.0000000000
22234  35.984  -57.649  -6.214 0.0000000000
22235  35.115  -57.788  -5.888 0.0000000000
137209  33.717  -57.874  -7.005 0.0000000000
22252  33.780  -58.138  -6.107 0.0000000000
19238  32.581  -60.256  -6.055 0.0000000000
19247  33.016  -60.036  -7.277 0.0000000000
139248  33.557  -59.892  -7.974 0.0000000000
24382  36.353  -55.442  -13.664 0.0000000000
26654  35.674  -54.277  -12.835 0.0000000000
26674  35.132  -53.598  -13.304 0.0000000000
28775  34.964  -51.329  -12.231 0.0000000000
22344  40.030  -56.336  -16.561 0.0000000000
23337  39.165  -56.015  -16.277 0.0000000000
23258  33.898  -57.023  -8.086 0.0000000000
23269  33.722  -56.857  -8.891 0.0000000000
139081  33.464  -58.102  -10.079 0.0000000000
20311  35.122  -59.306  -11.776 0.0000000000
17229  39.735  -62.348  -12.822 0.0000000000
18291  39.229  -61.818  -13.342 0.0000000000
18290  40.185  -62.115  -13.504 0.0000000000
18303  39.720  -61.156  -13.926 0.0000000000
19324  40.272  -60.292  -14.254 0.0000000000
20354  40.694  -59.377  -14.501 0.0000000000
157969  40.976  -60.206  -14.516 0.0000000000
19322  42.360  -60.181  -14.963 0.0000000000
19343  43.008  -59.789  -15.522 0.0000000000
17271  45.427  -62.124  -17.288 0.0000000000
17284  45.612  -62.081  -17.897 0.0000000000
18355  45.472  -61.716  -18.293 0.0000000000
138298  38.842  -58.813  -6.325 0.0000000000
21263  37.608  -58.109  -6.221 0.0000000000
21248  37.378  -58.705  -5.696 0.0000000000
21249  36.580  -58.678  -5.372 0.0000000000
21236  35.807  -58.755  -5.042 0.0000000000
25482  35.425  -54.037  -10.915 0.0000000000
26640  35.390  -53.642  -11.381 0.0000000000
25527  35.224  -54.275  -14.759 0.0000000000
27752  34.765  -52.591  -13.386 0.0000000000
27771  34.680  -52.331  -14.395 0.0000000000
28799  34.735  -51.525  -14.036 0.0000000000
19284  35.787  -60.652  -9.805 0.0000000000
149418  35.832  -60.591  -11.031 0.0000000000
18279  37.057  -61.341  -10.897 0.0000000000
17203  39.361  -62.380  -11.180 0.0000000000
17220  39.990  -62.519  -11.777 0.0000000000
17228  40.594  -62.774  -12.384 0.0000000000
17227  41.348  -63.132  -12.829 0.0000000000
23299  37.810  -57.057  -13.467 0.0000000000
24360  37.024  -56.223  -12.753 0.0000000000
23300  37.428  -56.513  -13.442 0.0000000000
23315  37.274  -56.098  -14.208 0.0000000000
24401  36.568  -55.624  -14.281 0.0000000000
141071  38.352  -55.892  -15.935 0.0000000000
24413  36.917  -55.696  -15.045 0.0000000000
142296  35.707  -54.915  -15.213 0.0000000000
25547  35.313  -54.267  -15.692 0.0000000000
26716  35.225  -53.511  -16.218 0.0000000000
20375  41.560  -59.186  -18.497 0.0000000000
23254  37.407  -56.273  -7.222 0.0000000000
24315  36.666  -55.506  -7.329 0.0000000000
24316  35.610  -55.633  -7.546 0.0000000000
151882  36.495  -56.728  -11.599 0.0000000000
22316  37.310  -57.559  -12.254 0.0000000000
20340  36.372  -59.931  -13.331 0.0000000000
19305  37.772  -60.911  -13.558 0.0000000000
19306  37.050  -60.600  -13.383 0.0000000000
21344  36.001  -58.980  -13.127 0.0000000000
21353  36.916  -59.043  -13.384 0.0000000000
21342  37.573  -58.122  -13.223 0.0000000000
22315  37.512  -57.325  -12.888 0.0000000000
22318  38.878  -57.912  -13.936 0.0000000000
22322  40.206  -57.603  -14.863 0.0000000000
21365  40.989  -57.859  -15.236 0.0000000000
22332  40.635  -56.998  -15.704 0.0000000000
22331  41.450  -57.214  -15.977 0.0000000000
22342  41.595  -57.120  -16.906 0.0000000000
20370  41.971  -58.169  -18.047 0.0000000000
16105  42.857  -63.940  -13.207 0.0000000000
137781  44.050  -65.600  -17.157 0.0000000000
17234  43.889  -63.456  -14.702 0.0000000000
17235  42.990  -62.852  -14.510 0.0000000000
18299  43.487  -62.183  -15.065 0.0000000000
19342  43.734  -60.321  -15.933 0.0000000000
19348  44.805  -60.709  -17.047 0.0000000000
19349  44.106  -60.110  -16.686 0.0000000000
20361  43.449  -59.527  -16.264 0.0000000000
157784  43.410  -59.234  -17.091 0.0000000000
142838  42.697  -58.599  -17.269 0.0000000000
132518  42.388  -58.979  -18.008 0.0000000000
19358  42.317  -59.863  -18.682 0.0000000000
152134  42.381  -57.030  -9.503 0.0000000000
22289  42.666  -58.003  -9.785 0.0000000000
23279  41.444  -56.776  -9.170 0.0000000000
23280  40.952  -56.623  -8.959 0.0000000000
23266  39.758  -56.213  -8.262 0.0000000000
22279  39.301  -56.577  -7.845 0.0000000000
19245  41.296  -59.910  -7.843 0.0000000000
20293  42.045  -59.272  -9.117 0.0000000000
21289  40.202  -57.985  -8.016 0.0000000000
22263  39.032  -57.169  -7.490 0.0000000000
22250  35.241  -57.378  -6.522 0.0000000000
22267  34.177  -57.277  -7.344 0.0000000000
22268  33.714  -57.545  -7.712 0.0000000000
21303  33.438  -58.355  -9.126 0.0000000000
20295  33.629  -59.084  -9.331 0.0000000000
155569  33.445  -58.475  -6.611 0.0000000000
20283  33.479  -59.120  -8.491 0.0000000000
19271  34.639  -60.235  -9.107 0.0000000000
25496  36.207  -55.037  -12.493 0.0000000000
26639  35.762  -54.402  -12.049 0.0000000000
133696  35.049  -52.722  -11.565 0.0000000000
27733  34.811  -52.272  -12.355 0.0000000000
149219  34.930  -51.933  -11.681 0.0000000000
12959  42.837  -66.273  -17.738 0.0000000000
14953  42.481  -65.460  -11.218 0.0000000000
16069  42.253  -64.498  -11.100 0.0000000000
17202  40.166  -63.193  -10.539 0.0000000000
17292  45.663  -62.063  -18.541 0.0000000000
18264  36.957  -61.432  -9.574 0.0000000000
18286  37.504  -61.408  -11.792 0.0000000000
18292  38.328  -61.613  -13.118 0.0000000000
18337  45.206  -61.442  -17.224 0.0000000000
18338  45.142  -62.084  -16.729 0.0000000000
19236  39.164  -59.909  -5.863 0.0000000000
19237  32.766  -59.933  -6.582 0.0000000000
19283  36.439  -60.942  -10.340 0.0000000000
19323  41.584  -60.638  -14.603 0.0000000000
19355  44.645  -60.905  -18.054 0.0000000000
20254  37.126  -59.274  -5.190 0.0000000000
20275  33.325  -59.199  -7.640 0.0000000000
20294  34.122  -59.610  -9.636 0.0000000000
20303  34.174  -59.404  -10.449 0.0000000000
20325  35.732  -59.709  -12.770 0.0000000000
20326  35.536  -59.697  -11.932 0.0000000000
20337  39.219  -59.485  -13.970 0.0000000000
20363  42.025  -58.805  -15.349 0.0000000000
20365  44.319  -60.166  -17.120 0.0000000000
20367  43.153  -58.951  -16.629 0.0000000000
20369  43.912  -59.864  -17.261 0.0000000000
21247  38.171  -58.746  -6.037 0.0000000000
21250  35.068  -58.335  -5.264 0.0000000000
21261  39.294  -58.565  -6.827 0.0000000000
21265  33.290  -58.771  -5.982 0.0000000000
21274  39.125  -57.911  -7.179 0.0000000000
21287  41.550  -58.478  -8.925 0.0000000000
21288  40.849  -58.312  -8.404 0.0000000000
21290  33.421  -58.476  -8.151 0.0000000000
21343  36.780  -58.224  -12.817 0.0000000000
22248  37.808  -57.517  -6.696 0.0000000000
22277  40.612  -57.696  -8.464 0.0000000000
22280  33.530  -57.672  -8.454 0.0000000000
22292  33.487  -57.484  -9.401 0.0000000000
22309  37.177  -57.271  -11.840 0.0000000000
22319  38.091  -57.647  -13.564 0.0000000000
22343  40.879  -56.715  -16.751 0.0000000000
23243  34.887  -57.036  -7.080 0.0000000000
23265  40.484  -56.489  -8.645 0.0000000000
23313  38.621  -56.927  -14.599 0.0000000000
23328  38.261  -56.311  -15.005 0.0000000000
24314  37.731  -55.475  -7.407 0.0000000000
24325  39.435  -55.332  -8.227 0.0000000000
24348  37.156  -56.478  -12.126 0.0000000000
24349  36.648  -56.013  -11.756 0.0000000000
24381  36.871  -55.936  -13.545 0.0000000000
24422  37.597  -55.854  -15.554 0.0000000000
24423  36.729  -55.718  -16.060 0.0000000000
24424  36.059  -55.576  -16.490 0.0000000000
25514  35.998  -54.961  -13.292 0.0000000000
25526  35.803  -55.072  -14.254 0.0000000000
26685  34.860  -53.339  -14.284 0.0000000000
132678  33.488  -58.006  -7.736 0.0000000000
136705  40.780  -59.370  -18.872 0.0000000000
137970  36.240  -55.201  -11.906 0.0000000000
138836  35.264  -52.805  -10.935 0.0000000000
139428  34.715  -52.642  -15.034 0.0000000000
146056  34.999  -50.754  -13.665 0.0000000000
148206  37.455  -57.037  -12.070 0.0000000000
151964  45.046  -61.103  -17.541 0.0000000000
154555  36.223  -55.369  -14.891 0.0000000000
156383  44.933  -61.338  -16.768 0.0000000000
157265  33.712  -58.387  -10.569 0.0000000000
158787  45.493  -61.826  -18.796 0.0000000000
