#!ascii label  , from subject sub125 vox2ras=TkReg
295
138733  27.278  3.953  -37.251 0.0000000000
78647  26.577  -5.629  -32.769 0.0000000000
91728  24.018  7.383  -38.510 0.0000000000
139109  20.776  13.898  -38.583 0.0000000000
76516  25.282  -7.425  -32.521 0.0000000000
95912  26.303  11.405  -38.191 0.0000000000
96890  24.666  12.233  -39.626 0.0000000000
85882  24.995  1.144  -36.977 0.0000000000
82847  27.213  -1.277  -36.046 0.0000000000
85868  28.133  1.321  -36.067 0.0000000000
90672  28.506  6.668  -36.704 0.0000000000
88691  29.518  4.482  -35.475 0.0000000000
89678  25.527  5.394  -37.828 0.0000000000
93875  27.373  9.122  -37.313 0.0000000000
96875  21.047  12.094  -38.653 0.0000000000
98806  24.578  14.717  -40.514 0.0000000000
80701  28.423  -3.378  -33.481 0.0000000000
94938  23.386  10.455  -39.437 0.0000000000
95937  22.664  10.971  -39.777 0.0000000000
86832  26.050  2.079  -37.226 0.0000000000
84938  26.897  0.946  -36.579 0.0000000000
86830  27.213  2.344  -36.855 0.0000000000
77556  26.162  -6.340  -32.688 0.0000000000
90701  24.027  6.611  -38.249 0.0000000000
91714  26.408  7.511  -38.032 0.0000000000
92786  25.387  8.353  -38.418 0.0000000000
97800  26.467  12.821  -37.790 0.0000000000
95911  27.158  11.510  -37.434 0.0000000000
97778  18.365  13.481  -35.739 0.0000000000
96849  18.481  12.245  -36.169 0.0000000000
97814  20.850  13.022  -38.642 0.0000000000
103375  24.292  18.684  -42.063 0.0000000000
102526  24.757  18.317  -40.945 0.0000000000
138794  24.175  16.301  -42.055 0.0000000000
135528  25.068  16.593  -40.407 0.0000000000
100603  25.252  16.211  -39.570 0.0000000000
82836  28.431  -1.383  -34.677 0.0000000000
81862  28.237  -2.216  -34.510 0.0000000000
75495  24.484  -8.473  -32.139 0.0000000000
92787  24.789  9.115  -38.490 0.0000000000
93891  23.564  9.885  -38.799 0.0000000000
96873  25.280  12.198  -39.110 0.0000000000
148050  25.900  14.083  -38.326 0.0000000000
138982  25.193  -0.977  -35.881 0.0000000000
83864  26.120  0.083  -36.482 0.0000000000
83845  27.519  -0.221  -36.033 0.0000000000
84904  29.299  0.722  -34.264 0.0000000000
89667  27.871  5.449  -37.114 0.0000000000
88692  28.722  4.230  -36.149 0.0000000000
89665  29.332  5.827  -35.780 0.0000000000
87772  25.195  3.556  -37.525 0.0000000000
144506  24.128  4.612  -37.582 0.0000000000
88713  26.064  4.470  -37.853 0.0000000000
145956  26.802  6.005  -37.690 0.0000000000
91700  27.576  7.420  -37.322 0.0000000000
93863  28.317  9.788  -36.349 0.0000000000
139360  26.261  9.881  -38.166 0.0000000000
95894  27.651  10.981  -36.804 0.0000000000
95926  21.400  11.225  -38.589 0.0000000000
98821  22.042  14.966  -40.714 0.0000000000
151261  22.502  14.596  -40.638 0.0000000000
97841  23.446  13.646  -40.408 0.0000000000
96893  22.357  11.801  -39.804 0.0000000000
97825  24.985  13.829  -39.678 0.0000000000
98777  25.632  14.731  -38.592 0.0000000000
79681  26.456  -4.400  -34.137 0.0000000000
80732  26.672  -2.607  -35.356 0.0000000000
86821  28.838  2.767  -35.645 0.0000000000
86797  29.656  2.062  -34.266 0.0000000000
94940  22.217  10.251  -39.203 0.0000000000
148698  22.346  10.697  -39.355 0.0000000000
87759  26.819  3.158  -37.262 0.0000000000
87758  27.634  3.209  -36.777 0.0000000000
145354  23.930  -9.716  -31.646 0.0000000000
74490  24.609  -9.433  -31.647 0.0000000000
90702  23.293  6.864  -38.411 0.0000000000
91727  25.100  7.606  -38.354 0.0000000000
146989  26.924  14.057  -36.973 0.0000000000
97799  26.959  13.283  -37.114 0.0000000000
98765  20.033  14.081  -37.493 0.0000000000
97793  18.795  13.581  -36.362 0.0000000000
156098  20.076  12.993  -37.557 0.0000000000
97829  21.208  13.666  -39.137 0.0000000000
101587  24.944  17.445  -40.521 0.0000000000
147749  25.178  17.882  -39.498 0.0000000000
83807  28.936  -0.902  -33.911 0.0000000000
82826  28.813  -1.782  -33.900 0.0000000000
77570  25.009  -6.259  -33.329 0.0000000000
132348  23.269  9.189  -38.564 0.0000000000
93892  22.773  9.168  -38.732 0.0000000000
140109  24.204  11.599  -39.801 0.0000000000
95934  24.622  11.502  -39.482 0.0000000000
97812  25.752  13.140  -38.484 0.0000000000
97813  25.129  13.025  -39.334 0.0000000000
98755  20.319  14.757  -37.394 0.0000000000
83865  25.603  0.002  -36.398 0.0000000000
84940  25.635  0.566  -36.704 0.0000000000
84921  27.517  0.707  -36.305 0.0000000000
84920  28.168  0.514  -35.750 0.0000000000
84905  28.710  0.449  -34.886 0.0000000000
85858  28.543  1.121  -35.382 0.0000000000
75494  25.039  -8.067  -32.235 0.0000000000
75482  25.134  -8.713  -31.845 0.0000000000
151031  28.096  6.110  -37.060 0.0000000000
89666  28.597  5.782  -36.506 0.0000000000
86846  24.799  2.786  -37.351 0.0000000000
89679  24.492  5.542  -37.742 0.0000000000
88714  25.102  4.785  -37.660 0.0000000000
89677  26.460  5.292  -37.850 0.0000000000
92773  26.989  8.132  -37.577 0.0000000000
91713  26.905  7.274  -37.627 0.0000000000
92760  27.929  8.355  -36.967 0.0000000000
93864  27.921  9.256  -36.755 0.0000000000
136714  25.277  9.847  -38.538 0.0000000000
94914  26.728  10.673  -37.957 0.0000000000
152442  27.677  11.661  -36.743 0.0000000000
95893  28.159  11.427  -36.190 0.0000000000
140220  19.386  11.939  -36.804 0.0000000000
95900  18.028  11.425  -35.811 0.0000000000
95914  20.307  11.611  -37.573 0.0000000000
95898  19.845  11.006  -36.833 0.0000000000
155723  20.871  11.613  -38.283 0.0000000000
102527  24.532  17.987  -42.025 0.0000000000
151543  24.281  17.758  -42.654 0.0000000000
99758  23.936  15.692  -43.325 0.0000000000
99744  23.943  16.268  -42.064 0.0000000000
99733  24.390  15.589  -41.110 0.0000000000
98818  24.144  15.137  -40.931 0.0000000000
96903  22.990  12.586  -40.156 0.0000000000
97840  24.230  13.978  -40.346 0.0000000000
133945  23.918  12.898  -40.169 0.0000000000
97839  24.708  14.002  -40.147 0.0000000000
145005  25.377  16.920  -38.866 0.0000000000
99713  25.366  15.454  -38.987 0.0000000000
100593  25.571  16.298  -38.554 0.0000000000
99712  25.835  15.555  -38.170 0.0000000000
79682  25.825  -4.683  -34.215 0.0000000000
133986  26.471  -1.171  -36.321 0.0000000000
81869  25.994  -2.047  -35.612 0.0000000000
82848  26.618  -1.783  -35.950 0.0000000000
81853  28.014  -2.985  -34.229 0.0000000000
158863  27.110  -3.014  -35.076 0.0000000000
80702  27.653  -3.721  -33.814 0.0000000000
87747  28.406  3.366  -36.228 0.0000000000
87746  29.139  3.617  -35.616 0.0000000000
93903  22.997  9.915  -39.021 0.0000000000
93905  22.082  9.790  -39.110 0.0000000000
95936  23.305  10.857  -39.924 0.0000000000
95946  23.766  11.432  -40.030 0.0000000000
85881  25.819  1.272  -37.082 0.0000000000
84939  26.287  0.752  -36.736 0.0000000000
85880  26.629  1.568  -36.942 0.0000000000
85869  27.422  1.521  -36.537 0.0000000000
86822  28.054  2.343  -36.260 0.0000000000
136694  26.005  -6.984  -32.274 0.0000000000
156954  26.455  -7.210  -31.627 0.0000000000
76503  27.196  -7.090  -31.084 0.0000000000
91698  28.945  7.382  -36.286 0.0000000000
90671  29.146  6.586  -36.096 0.0000000000
89692  23.988  6.110  -37.903 0.0000000000
89691  24.823  6.136  -37.908 0.0000000000
90686  25.913  6.217  -37.925 0.0000000000
90699  25.860  7.109  -38.155 0.0000000000
91726  25.865  7.743  -38.309 0.0000000000
92774  26.259  8.288  -38.190 0.0000000000
96858  26.620  12.070  -37.823 0.0000000000
96857  27.066  12.444  -37.274 0.0000000000
97787  27.579  12.885  -36.595 0.0000000000
96860  19.769  12.574  -37.309 0.0000000000
96859  20.497  12.445  -38.035 0.0000000000
103363  24.655  19.096  -41.300 0.0000000000
101588  24.613  17.201  -41.929 0.0000000000
100612  24.900  15.826  -40.798 0.0000000000
99724  25.131  15.260  -39.928 0.0000000000
101575  25.172  17.145  -39.558 0.0000000000
101562  25.492  17.746  -38.720 0.0000000000
83827  27.994  -0.915  -35.419 0.0000000000
82837  27.790  -1.776  -35.292 0.0000000000
75483  23.954  -9.033  -31.911 0.0000000000
76518  23.606  -7.627  -32.352 0.0000000000
77558  24.752  -6.950  -32.875 0.0000000000
77557  25.526  -6.684  -32.895 0.0000000000
77569  25.820  -5.911  -33.345 0.0000000000
91729  23.106  7.603  -38.515 0.0000000000
134671  24.402  8.306  -38.438 0.0000000000
134181  23.896  9.159  -38.398 0.0000000000
93890  24.297  9.830  -38.678 0.0000000000
94927  24.849  10.464  -38.900 0.0000000000
94928  24.005  10.428  -39.166 0.0000000000
94937  24.512  10.908  -39.321 0.0000000000
95924  25.342  11.311  -38.910 0.0000000000
96872  25.971  12.160  -38.409 0.0000000000
140289  26.432  13.843  -37.694 0.0000000000
98763  26.644  14.772  -37.143 0.0000000000
98757  19.041  14.239  -36.427 0.0000000000
98779  21.137  14.400  -38.909 0.0000000000
83847  25.892  -0.639  -36.349 0.0000000000
83846  26.658  -0.534  -36.402 0.0000000000
84922  26.791  0.279  -36.433 0.0000000000
83844  28.242  -0.158  -35.408 0.0000000000
83826  28.601  -0.500  -34.739 0.0000000000
83825  29.141  -0.023  -34.081 0.0000000000
88703  27.585  4.706  -37.205 0.0000000000
135470  28.029  4.040  -36.801 0.0000000000
88702  28.306  4.863  -36.679 0.0000000000
88701  29.030  5.053  -36.048 0.0000000000
157010  29.590  5.238  -35.503 0.0000000000
89656  29.940  5.808  -35.168 0.0000000000
88690  30.113  5.078  -35.038 0.0000000000
85891  25.327  1.962  -37.216 0.0000000000
86845  25.601  2.768  -37.349 0.0000000000
87771  26.008  3.515  -37.596 0.0000000000
87773  24.531  3.787  -37.516 0.0000000000
148892  25.437  4.104  -37.686 0.0000000000
87770  26.644  3.939  -37.594 0.0000000000
88712  26.895  4.606  -37.641 0.0000000000
89676  27.196  5.320  -37.544 0.0000000000
90673  27.926  6.706  -37.248 0.0000000000
90685  26.493  6.765  -37.828 0.0000000000
90684  27.198  6.670  -37.515 0.0000000000
91699  28.305  7.449  -36.881 0.0000000000
92758  28.691  8.172  -36.383 0.0000000000
92759  28.461  8.980  -36.347 0.0000000000
93889  25.796  9.101  -38.318 0.0000000000
94913  27.040  9.907  -37.658 0.0000000000
150947  27.263  10.631  -37.374 0.0000000000
139558  27.652  10.042  -36.917 0.0000000000
94899  28.189  10.584  -36.344 0.0000000000
95913  21.126  11.000  -37.997 0.0000000000
99747  21.671  15.267  -40.473 0.0000000000
99746  23.136  16.048  -42.196 0.0000000000
98809  21.460  14.713  -39.814 0.0000000000
97857  21.532  14.292  -39.843 0.0000000000
97856  21.885  14.380  -40.184 0.0000000000
97828  21.400  12.967  -39.376 0.0000000000
98819  23.644  15.459  -41.224 0.0000000000
97842  22.465  13.720  -40.242 0.0000000000
97827  21.970  12.779  -39.765 0.0000000000
143597  21.686  12.049  -39.473 0.0000000000
95938  22.028  11.282  -39.398 0.0000000000
96892  23.154  11.514  -40.102 0.0000000000
96891  24.167  12.173  -39.966 0.0000000000
98793  25.199  14.602  -39.346 0.0000000000
147614  25.369  13.890  -38.910 0.0000000000
98776  26.140  14.767  -37.884 0.0000000000
78664  25.652  -5.284  -33.830 0.0000000000
78663  26.350  -5.054  -33.597 0.0000000000
80733  25.677  -2.624  -35.176 0.0000000000
81863  27.530  -2.603  -35.036 0.0000000000
143448  26.161  -3.142  -34.940 0.0000000000
80703  26.895  -3.834  -34.322 0.0000000000
79680  26.991  -4.347  -33.635 0.0000000000
86810  28.642  1.888  -35.510 0.0000000000
142952  29.441  3.094  -35.034 0.0000000000
86809  29.195  2.336  -34.936 0.0000000000
85857  29.089  1.421  -34.727 0.0000000000
80717  26.748  -3.303  -34.856 0.0000000000
82838  27.207  -2.041  -35.641 0.0000000000
82849  25.901  -1.413  -36.028 0.0000000000
86831  26.607  2.367  -37.141 0.0000000000
86844  26.230  2.770  -37.319 0.0000000000
89680  23.554  5.887  -37.803 0.0000000000
90700  24.964  6.864  -38.112 0.0000000000
92788  23.582  8.339  -38.471 0.0000000000
93876  26.711  9.068  -37.971 0.0000000000
93904  22.494  9.841  -39.113 0.0000000000
94926  25.780  10.619  -38.444 0.0000000000
94939  22.783  10.432  -39.458 0.0000000000
95925  21.915  10.867  -38.959 0.0000000000
95935  23.931  10.979  -39.704 0.0000000000
96874  21.465  11.829  -39.058 0.0000000000
96894  21.210  12.711  -38.969 0.0000000000
97826  24.601  13.124  -39.932 0.0000000000
97843  21.617  13.732  -39.773 0.0000000000
97844  21.345  14.033  -39.534 0.0000000000
97855  23.744  14.522  -40.712 0.0000000000
98756  19.692  14.405  -36.890 0.0000000000
98764  20.443  14.197  -37.954 0.0000000000
98795  21.382  14.468  -39.497 0.0000000000
98805  24.939  14.541  -40.105 0.0000000000
98807  23.143  14.518  -40.780 0.0000000000
98808  21.477  15.084  -39.946 0.0000000000
98822  21.615  14.792  -40.138 0.0000000000
99698  26.402  15.626  -37.441 0.0000000000
99732  24.820  15.129  -40.531 0.0000000000
99745  23.561  16.194  -42.070 0.0000000000
101601  24.486  17.043  -42.969 0.0000000000
102502  25.478  18.529  -39.013 0.0000000000
143066  25.269  -0.355  -36.198 0.0000000000
144871  22.291  15.581  -41.184 0.0000000000
144874  18.567  14.087  -35.993 0.0000000000
145657  24.781  4.320  -37.586 0.0000000000
146620  27.513  6.014  -37.391 0.0000000000
146988  25.791  17.153  -38.180 0.0000000000
155362  23.660  12.047  -40.132 0.0000000000
