#!ascii label  , from subject sub125 vox2ras=TkReg
762
68962  23.378  -15.118  -28.070 0.1428571492
67952  22.723  -15.358  -27.663 0.1428571492
70076  22.855  -13.532  -28.635 0.1428571492
67949  24.680  -15.460  -27.325 0.1428571492
68972  24.001  -14.211  -28.431 0.2857142985
154563  22.758  -14.704  -27.967 0.1428571492
70063  24.761  -13.983  -27.922 0.1428571492
71253  23.815  -12.758  -29.407 0.5714285970
70073  25.063  -13.118  -27.980 0.1428571492
72334  26.581  -11.655  -27.914 0.2857142985
71226  26.139  -12.114  -27.844 0.2857142985
72351  27.674  -10.885  -28.288 0.1428571492
72352  26.699  -10.823  -28.318 0.2857142985
75473  27.372  -8.682  -30.298 0.2857142985
75464  27.903  -9.096  -30.067 0.1428571492
74476  27.026  -9.201  -30.104 0.2857142985
77548  28.383  -6.316  -31.239 0.2857142985
76492  28.703  -7.685  -30.594 0.2857142985
78630  28.830  -5.555  -31.577 0.2857142985
78631  27.839  -5.804  -31.683 0.2857142985
145618  28.763  -3.772  -32.799 0.2857142985
82826  28.813  -1.782  -33.900 0.8571428657
81852  28.722  -2.611  -33.660 0.4285714328
79658  29.124  -4.249  -32.230 0.2857142985
84904  29.299  0.722  -34.264 0.7142857313
83825  29.141  -0.023  -34.081 0.7142857313
83807  28.936  -0.902  -33.911 0.7142857313
81862  28.237  -2.216  -34.510 0.7142857313
86797  29.656  2.062  -34.266 0.8571428657
85857  29.089  1.421  -34.727 0.5714285970
85858  28.543  1.121  -35.382 0.8571428657
83826  28.601  -0.500  -34.739 0.7142857313
82836  28.431  -1.383  -34.677 0.7142857313
87736  29.823  3.808  -35.020 0.4285714328
86809  29.195  2.336  -34.936 0.7142857313
89656  29.940  5.808  -35.168 0.2857142985
87746  29.139  3.617  -35.616 0.8571428657
88691  29.518  4.482  -35.475 0.7142857313
86821  28.838  2.767  -35.645 0.8571428657
91684  30.107  7.253  -34.978 0.1428571492
90657  30.346  6.495  -34.778 0.1428571492
90658  29.710  6.545  -35.374 0.4285714328
157010  29.590  5.238  -35.503 0.5714285970
88692  28.722  4.230  -36.149 0.8571428657
94882  30.048  9.796  -34.875 0.1428571492
92723  30.709  8.658  -34.587 0.1428571492
92739  29.968  8.128  -35.167 0.1428571492
91685  29.526  7.329  -35.613 0.4285714328
88701  29.030  5.053  -36.048 0.8571428657
95874  29.943  10.838  -34.570 0.1428571492
94883  29.320  10.059  -35.253 0.1428571492
158353  29.596  8.674  -35.473 0.1428571492
92741  29.075  8.794  -35.872 0.4285714328
90671  29.146  6.586  -36.096 0.5714285970
89666  28.597  5.782  -36.506 0.7142857313
88702  28.306  4.863  -36.679 0.8571428657
140348  29.005  10.785  -35.233 0.1428571492
95876  28.697  11.448  -35.437 0.1428571492
93845  28.874  9.532  -35.815 0.1428571492
92759  28.461  8.980  -36.347 0.5714285970
90672  28.506  6.668  -36.704 0.8571428657
151031  28.096  6.110  -37.060 0.8571428657
96827  29.022  12.086  -34.883 0.1428571492
96828  28.427  12.152  -35.643 0.2857142985
141603  28.540  10.906  -35.820 0.1428571492
94899  28.189  10.584  -36.344 0.8571428657
92758  28.691  8.172  -36.383 0.8571428657
91698  28.945  7.382  -36.286 0.7142857313
91700  27.576  7.420  -37.322 0.8571428657
146987  27.974  13.587  -36.038 0.1428571492
98753  28.365  14.271  -35.671 0.1428571492
96842  27.908  12.189  -36.338 0.4285714328
150947  27.263  10.631  -37.374 0.8571428657
139558  27.652  10.042  -36.917 0.8571428657
92773  26.989  8.132  -37.577 0.8571428657
91713  26.905  7.274  -37.627 0.8571428657
96843  27.502  12.139  -36.899 0.4285714328
94913  27.040  9.907  -37.658 0.8571428657
93875  27.373  9.122  -37.313 0.8571428657
92774  26.259  8.288  -38.190 0.8571428657
146994  27.419  13.778  -36.539 0.1428571492
98762  27.303  14.723  -36.449 0.2857142985
97787  27.579  12.885  -36.595 0.5714285970
96857  27.066  12.444  -37.274 0.8571428657
95911  27.158  11.510  -37.434 0.8571428657
94914  26.728  10.673  -37.957 0.8571428657
139360  26.261  9.881  -38.166 0.8571428657
93889  25.796  9.101  -38.318 0.8571428657
98763  26.644  14.772  -37.143 0.2857142985
146989  26.924  14.057  -36.973 0.7142857313
97799  26.959  13.283  -37.114 0.5714285970
97800  26.467  12.821  -37.790 0.8571428657
95912  26.303  11.405  -38.191 0.8571428657
94927  24.849  10.464  -38.900 0.8571428657
140289  26.432  13.843  -37.694 0.8571428657
97812  25.752  13.140  -38.484 0.8571428657
95924  25.342  11.311  -38.910 0.8571428657
95934  24.622  11.502  -39.482 0.7142857313
94937  24.512  10.908  -39.321 0.7142857313
148050  25.900  14.083  -38.326 0.8571428657
97813  25.129  13.025  -39.334 0.8571428657
96873  25.280  12.198  -39.110 0.8571428657
96890  24.666  12.233  -39.626 0.8571428657
97825  24.985  13.829  -39.678 0.8571428657
140109  24.204  11.599  -39.801 0.7142857313
99713  25.366  15.454  -38.987 0.7142857313
98793  25.199  14.602  -39.346 0.8571428657
99724  25.131  15.260  -39.928 0.8571428657
97839  24.708  14.002  -40.147 0.8571428657
99733  24.390  15.589  -41.110 0.7142857313
104213  26.404  20.642  -38.961 0.1428571492
100612  24.900  15.826  -40.798 0.7142857313
135528  25.068  16.593  -40.407 0.7142857313
98806  24.578  14.717  -40.514 0.8571428657
105070  26.357  21.820  -40.031 0.1428571492
101587  24.944  17.445  -40.521 0.5714285970
102526  24.757  18.317  -40.945 0.5714285970
102527  24.532  17.987  -42.025 0.5714285970
104229  25.000  20.110  -40.792 0.1428571492
105850  26.627  22.898  -41.008 0.1428571492
151543  24.281  17.758  -42.654 0.5714285970
105852  24.868  22.357  -41.954 0.1428571492
133794  25.139  22.964  -42.134 0.1428571492
104239  24.584  19.881  -41.722 0.1428571492
106640  25.617  23.507  -42.549 0.1428571492
103375  24.292  18.684  -42.063 0.5714285970
134621  24.365  21.810  -42.343 0.1428571492
106651  25.071  23.971  -43.445 0.1428571492
105866  23.596  21.921  -43.513 0.1428571492
67951  23.171  -15.851  -27.777 0.1428571492
67926  22.818  -16.147  -27.425 0.1428571492
70074  24.300  -13.446  -28.438 0.2857142985
70062  25.686  -13.713  -27.576 0.1428571492
71225  26.868  -12.413  -27.617 0.2857142985
71242  25.394  -12.322  -28.190 0.2857142985
148110  28.355  -9.284  -29.697 0.2857142985
74450  27.098  -9.446  -29.044 0.1428571492
79659  28.348  -4.417  -32.564 0.2857142985
138246  27.705  -4.809  -32.580 0.2857142985
153716  29.266  -2.109  -33.382 0.4285714328
80701  28.423  -3.378  -33.481 0.5714285970
144601  29.695  2.694  -34.534 0.2857142985
88674  30.139  4.439  -34.891 0.1428571492
86822  28.054  2.343  -36.260 0.8571428657
89665  29.332  5.827  -35.780 0.7142857313
95875  29.244  11.369  -34.833 0.1428571492
93863  28.317  9.788  -36.349 0.8571428657
92760  27.929  8.355  -36.967 0.8571428657
90684  27.198  6.670  -37.515 0.8571428657
98777  25.632  14.731  -38.592 0.8571428657
100603  25.252  16.211  -39.570 0.8571428657
103362  25.007  19.456  -40.158 0.2857142985
103363  24.655  19.096  -41.300 0.1428571492
105082  25.111  21.756  -41.372 0.1428571492
107417  26.738  24.240  -43.059 0.1428571492
66909  22.967  -16.749  -27.119 0.1428571492
71243  24.467  -12.635  -28.640 0.4285714328
72364  25.854  -10.647  -28.853 0.2857142985
72353  24.913  -11.845  -28.806 0.4285714328
72354  24.305  -12.288  -29.403 0.2857142985
73396  26.519  -9.994  -28.902 0.1428571492
76481  29.259  -8.329  -30.389 0.2857142985
76491  29.343  -7.373  -30.643 0.2857142985
76493  27.961  -7.410  -30.635 0.2857142985
76494  27.267  -7.958  -30.582 0.2857142985
77542  28.639  -6.998  -30.869 0.2857142985
81853  28.014  -2.985  -34.229 0.7142857313
93827  30.665  9.484  -34.559 0.1428571492
96826  29.932  11.827  -34.562 0.1428571492
97771  28.836  12.896  -35.166 0.1428571492
97786  28.195  12.880  -35.888 0.2857142985
146875  28.604  13.615  -35.471 0.1428571492
95894  27.651  10.981  -36.804 0.8571428657
90673  27.926  6.706  -37.248 0.8571428657
89676  27.196  5.320  -37.544 1.0000000000
148051  27.989  14.947  -35.793 0.1428571492
99690  27.657  15.717  -36.104 0.1428571492
99698  26.402  15.626  -37.441 0.2857142985
93891  23.564  9.885  -38.799 0.8571428657
98776  26.140  14.767  -37.884 0.5714285970
100593  25.571  16.298  -38.554 0.5714285970
145005  25.377  16.920  -38.866 0.5714285970
101575  25.172  17.145  -39.558 0.7142857313
102515  25.030  18.503  -39.846 0.4285714328
103332  25.860  19.125  -38.633 0.2857142985
103348  25.486  19.306  -39.232 0.2857142985
104214  25.598  20.206  -39.337 0.1428571492
104228  25.315  20.377  -40.018 0.1428571492
144789  25.322  20.818  -40.371 0.1428571492
104248  23.908  20.152  -42.484 0.2857142985
105838  25.995  22.182  -40.732 0.1428571492
105094  23.696  21.072  -42.855 0.1428571492
106630  26.108  23.146  -41.840 0.1428571492
106652  24.249  23.500  -43.751 0.1428571492
105875  23.406  22.902  -44.146 0.1428571492
156430  24.907  24.568  -44.111 0.1428571492
100582  26.742  16.535  -37.059 0.4285714328
101547  26.476  17.504  -37.444 0.4285714328
101561  25.953  17.928  -37.992 0.4285714328
102501  25.913  18.548  -38.319 0.4285714328
101562  25.492  17.746  -38.720 0.5714285970
147749  25.178  17.882  -39.498 0.5714285970
68961  24.251  -14.876  -27.989 0.1428571492
68973  23.241  -14.328  -28.436 0.1428571492
137973  22.238  -15.442  -26.906 0.1428571492
70075  23.578  -13.619  -28.707 0.4285714328
70064  22.414  -14.036  -28.109 0.2857142985
144482  23.889  -13.086  -28.844 0.5714285970
71227  25.966  -12.811  -27.633 0.1428571492
155651  25.285  -11.223  -28.973 0.1428571492
75472  28.162  -8.301  -30.342 0.2857142985
83844  28.242  -0.158  -35.408 0.7142857313
142952  29.441  3.094  -35.034 0.8571428657
86810  28.642  1.888  -35.510 0.8571428657
88690  30.113  5.078  -35.038 0.5714285970
93844  29.515  9.318  -35.412 0.2857142985
93843  30.139  9.030  -35.103 0.1428571492
92740  29.310  8.082  -35.809 0.1428571492
95893  28.159  11.427  -36.190 0.5714285970
91699  28.305  7.449  -36.881 0.8571428657
93864  27.921  9.256  -36.755 0.8571428657
152442  27.677  11.661  -36.743 0.8571428657
96858  26.620  12.070  -37.823 0.8571428657
136714  25.277  9.847  -38.538 0.8571428657
96872  25.971  12.160  -38.409 0.8571428657
147614  25.369  13.890  -38.910 0.8571428657
105055  25.818  21.055  -39.678 0.1428571492
101588  24.613  17.201  -41.929 0.5714285970
106629  26.883  23.363  -41.603 0.1428571492
142225  23.941  19.260  -42.310 0.4285714328
106639  26.614  23.672  -42.325 0.1428571492
105072  25.005  20.872  -41.085 0.1428571492
105083  24.561  20.931  -41.961 0.1428571492
105864  24.876  23.323  -42.886 0.1428571492
74462  29.109  -9.357  -29.695 0.1428571492
99712  25.835  15.555  -38.170 0.5714285970
142224  24.725  -11.659  -29.737 0.4285714328
76503  27.196  -7.090  -31.084 0.5714285970
104249  23.253  20.269  -43.468 0.1428571492
156954  26.455  -7.210  -31.627 0.5714285970
75494  25.039  -8.067  -32.235 0.5714285970
75496  23.750  -8.259  -32.144 0.2857142985
77556  26.162  -6.340  -32.688 0.5714285970
77558  24.752  -6.950  -32.875 0.5714285970
74491  23.317  -9.486  -31.556 0.4285714328
136694  26.005  -6.984  -32.274 0.5714285970
152773  22.193  -7.781  -31.609 0.2857142985
76519  23.062  -7.152  -32.390 0.4285714328
78662  27.053  -4.870  -32.928 0.4285714328
77569  25.820  -5.911  -33.345 0.5714285970
77570  25.009  -6.259  -33.329 0.5714285970
78666  23.474  -5.802  -33.168 0.4285714328
79680  26.991  -4.347  -33.635 0.5714285970
79681  26.456  -4.400  -34.137 0.5714285970
148557  25.199  -5.635  -33.667 0.4285714328
80703  26.895  -3.834  -34.322 0.7142857313
79697  26.133  -3.881  -34.609 0.4285714328
80716  27.330  -3.253  -34.597 0.4285714328
133968  23.906  -7.039  -32.635 0.4285714328
76507  22.317  -7.225  -31.951 0.2857142985
78665  24.369  -5.587  -33.544 0.4285714328
80702  27.653  -3.721  -33.814 0.7142857313
81863  27.530  -2.603  -35.036 0.7142857313
80733  25.677  -2.624  -35.176 0.4285714328
133986  26.471  -1.171  -36.321 0.7142857313
138982  25.193  -0.977  -35.881 0.5714285970
83847  25.892  -0.639  -36.349 0.7142857313
143066  25.269  -0.355  -36.198 0.2857142985
82837  27.790  -1.776  -35.292 0.5714285970
82848  26.618  -1.783  -35.950 0.7142857313
84922  26.791  0.279  -36.433 0.7142857313
84940  25.635  0.566  -36.704 0.7142857313
84939  26.287  0.752  -36.736 0.7142857313
85882  24.995  1.144  -36.977 0.7142857313
83866  24.893  0.244  -36.434 0.4285714328
84905  28.710  0.449  -34.886 0.5714285970
83845  27.519  -0.221  -36.033 0.5714285970
84920  28.168  0.514  -35.750 0.5714285970
84938  26.897  0.946  -36.579 0.5714285970
85880  26.629  1.568  -36.942 0.7142857313
86832  26.050  2.079  -37.226 0.7142857313
87771  26.008  3.515  -37.596 0.7142857313
85891  25.327  1.962  -37.216 0.7142857313
86846  24.799  2.786  -37.351 0.5714285970
87773  24.531  3.787  -37.516 0.5714285970
87747  28.406  3.366  -36.228 0.7142857313
86830  27.213  2.344  -36.855 0.5714285970
85869  27.422  1.521  -36.537 0.5714285970
87758  27.634  3.209  -36.777 0.7142857313
87770  26.644  3.939  -37.594 0.8571428657
85892  24.710  1.896  -37.192 0.4285714328
88713  26.064  4.470  -37.853 0.7142857313
88714  25.102  4.785  -37.660 0.7142857313
89678  25.527  5.394  -37.828 0.7142857313
144506  24.128  4.612  -37.582 0.5714285970
87759  26.819  3.158  -37.262 0.7142857313
88712  26.895  4.606  -37.641 0.8571428657
89677  26.460  5.292  -37.850 0.8571428657
89679  24.492  5.542  -37.742 0.5714285970
89693  23.462  6.397  -38.073 0.2857142985
89667  27.871  5.449  -37.114 0.7142857313
145956  26.802  6.005  -37.690 0.7142857313
91728  24.018  7.383  -38.510 0.7142857313
90686  25.913  6.217  -37.925 0.8571428657
89691  24.823  6.136  -37.908 0.8571428657
90699  25.860  7.109  -38.155 0.8571428657
90702  23.293  6.864  -38.411 0.5714285970
134671  24.402  8.306  -38.438 0.8571428657
91729  23.106  7.603  -38.515 0.7142857313
91714  26.408  7.511  -38.032 0.8571428657
92786  25.387  8.353  -38.418 0.8571428657
134181  23.896  9.159  -38.398 0.8571428657
92787  24.789  9.115  -38.490 0.8571428657
93890  24.297  9.830  -38.678 0.8571428657
132348  23.269  9.189  -38.564 0.7142857313
95946  23.766  11.432  -40.030 0.7142857313
95937  22.664  10.971  -39.777 0.7142857313
96891  24.167  12.173  -39.966 0.5714285970
148698  22.346  10.697  -39.355 0.7142857313
96892  23.154  11.514  -40.102 0.7142857313
133945  23.918  12.898  -40.169 0.7142857313
97840  24.230  13.978  -40.346 0.8571428657
97841  23.446  13.646  -40.408 0.7142857313
96893  22.357  11.801  -39.804 0.7142857313
97828  21.400  12.967  -39.376 0.7142857313
97856  21.885  14.380  -40.184 0.7142857313
96859  20.497  12.445  -38.035 0.5714285970
98818  24.144  15.137  -40.931 0.7142857313
151261  22.502  14.596  -40.638 0.7142857313
97814  20.850  13.022  -38.642 0.5714285970
98820  22.960  15.492  -41.160 0.4285714328
97857  21.532  14.292  -39.843 0.5714285970
97829  21.208  13.666  -39.137 0.5714285970
98819  23.644  15.459  -41.224 0.5714285970
156098  20.076  12.993  -37.557 0.5714285970
98821  22.042  14.966  -40.714 0.5714285970
98809  21.460  14.713  -39.814 0.5714285970
139109  20.776  13.898  -38.583 0.5714285970
97801  20.417  13.436  -37.901 0.4285714328
97793  18.795  13.581  -36.362 0.5714285970
141445  18.540  13.022  -36.129 0.4285714328
98765  20.033  14.081  -37.493 0.5714285970
99746  23.136  16.048  -42.196 0.5714285970
97762  17.516  13.602  -34.795 0.4285714328
143539  16.649  12.116  -34.475 0.4285714328
98757  19.041  14.239  -36.427 0.5714285970
97778  18.365  13.481  -35.739 0.5714285970
98730  18.370  15.089  -34.833 0.4285714328
82825  29.495  -1.431  -33.358 0.2857142985
98747  19.402  14.966  -36.263 0.2857142985
98748  18.791  14.868  -35.675 0.4285714328
98716  17.456  15.009  -33.881 0.2857142985
75482  25.134  -8.713  -31.845 0.5714285970
74490  24.609  -9.433  -31.647 0.5714285970
77555  26.856  -6.307  -31.893 0.4285714328
75495  24.484  -8.473  -32.139 0.5714285970
78646  27.340  -5.398  -32.292 0.2857142985
78647  26.577  -5.629  -32.769 0.5714285970
75484  23.157  -8.709  -31.744 0.2857142985
77559  23.285  -6.463  -32.740 0.4285714328
78674  24.979  -4.987  -34.156 0.4285714328
79682  25.825  -4.683  -34.215 0.5714285970
77560  22.439  -6.561  -32.374 0.2857142985
84889  30.503  0.272  -33.075 0.2857142985
135476  23.971  -2.195  -35.477 0.2857142985
83865  25.603  0.002  -36.398 0.7142857313
90685  26.493  6.765  -37.828 0.8571428657
90701  24.027  6.611  -38.249 0.7142857313
94938  23.386  10.455  -39.437 0.7142857313
95936  23.305  10.857  -39.924 0.7142857313
93905  22.082  9.790  -39.110 0.7142857313
97827  21.970  12.779  -39.765 0.7142857313
96860  19.769  12.574  -37.309 0.5714285970
97779  17.971  13.360  -35.302 0.2857142985
138794  24.175  16.301  -42.055 0.5714285970
99744  23.943  16.268  -42.064 0.5714285970
99758  23.936  15.692  -43.325 0.5714285970
98779  21.137  14.400  -38.909 0.5714285970
99714  20.717  14.777  -38.353 0.2857142985
79699  24.465  -4.170  -34.305 0.4285714328
77549  27.626  -6.432  -31.346 0.2857142985
85868  28.133  1.321  -36.067 0.7142857313
83827  27.994  -0.915  -35.419 0.5714285970
88703  27.585  4.706  -37.205 0.7142857313
135470  28.029  4.040  -36.801 0.7142857313
91726  25.865  7.743  -38.309 0.7142857313
158863  27.110  -3.014  -35.076 0.5714285970
93892  22.773  9.168  -38.732 0.7142857313
76516  25.282  -7.425  -32.521 0.5714285970
76505  25.753  -7.844  -31.847 0.4285714328
76518  23.606  -7.627  -32.352 0.5714285970
76517  24.427  -7.713  -32.464 0.4285714328
75483  23.954  -9.033  -31.911 0.5714285970
76506  22.914  -7.883  -31.963 0.4285714328
77557  25.526  -6.684  -32.895 0.5714285970
77571  24.157  -6.362  -33.066 0.4285714328
145354  23.930  -9.716  -31.646 0.5714285970
78663  26.350  -5.054  -33.597 0.5714285970
78664  25.652  -5.284  -33.830 0.5714285970
159055  23.571  -5.225  -33.519 0.4285714328
143448  26.161  -3.142  -34.940 0.5714285970
80718  25.459  -3.363  -34.790 0.4285714328
80732  26.672  -2.607  -35.356 0.7142857313
81869  25.994  -2.047  -35.612 0.5714285970
158415  25.094  -1.907  -35.553 0.4285714328
80734  24.668  -2.821  -34.950 0.4285714328
82847  27.213  -1.277  -36.046 0.7142857313
83846  26.658  -0.534  -36.402 0.7142857313
82850  24.220  -1.423  -35.943 0.2857142985
83864  26.120  0.083  -36.482 0.7142857313
84921  27.517  0.707  -36.305 0.7142857313
85881  25.819  1.272  -37.082 0.7142857313
86845  25.601  2.768  -37.349 0.7142857313
87772  25.195  3.556  -37.525 0.7142857313
138733  27.278  3.953  -37.251 0.5714285970
148892  25.437  4.104  -37.686 0.7142857313
150583  23.986  4.082  -37.510 0.2857142985
89692  23.988  6.110  -37.903 0.5714285970
89681  22.886  6.078  -37.825 0.2857142985
91727  25.100  7.606  -38.354 0.8571428657
96903  22.990  12.586  -40.156 0.7142857313
97842  22.465  13.720  -40.242 0.8571428657
99747  21.671  15.267  -40.473 0.7142857313
98755  20.319  14.757  -37.394 0.5714285970
97761  18.380  14.085  -35.122 0.4285714328
78667  22.823  -5.210  -33.230 0.1428571492
79700  23.615  -4.063  -34.106 0.4285714328
78612  30.245  -6.021  -30.849 0.1428571492
77541  29.305  -6.398  -30.999 0.1428571492
78629  29.664  -5.589  -31.259 0.1428571492
80700  29.075  -3.156  -33.005 0.1428571492
81851  29.328  -2.579  -33.068 0.1428571492
79638  29.565  -4.818  -31.667 0.1428571492
78628  30.400  -5.182  -31.261 0.1428571492
81841  30.532  -2.568  -32.147 0.1428571492
80689  29.460  -3.625  -32.412 0.1428571492
79637  30.411  -4.384  -31.647 0.1428571492
82813  29.842  -2.046  -32.715 0.1428571492
134862  30.389  1.086  -33.397 0.2857142985
85848  30.228  1.900  -33.634 0.1428571492
94928  24.005  10.428  -39.166 0.5714285970
107433  23.058  24.677  -44.189 0.1428571492
92790  22.656  8.265  -38.494 0.4285714328
107434  21.963  24.777  -43.340 0.1428571492
93895  21.522  9.869  -38.391 0.4285714328
94940  22.217  10.251  -39.203 0.5714285970
94930  21.468  10.562  -38.434 0.4285714328
102548  21.525  18.845  -42.539 0.2857142985
100614  21.933  16.719  -41.539 0.2857142985
99734  21.962  15.896  -41.365 0.2857142985
146829  22.645  17.547  -43.339 0.2857142985
93867  18.240  9.738  -36.083 0.1428571492
95913  21.126  11.000  -37.997 0.5714285970
143597  21.686  12.049  -39.473 0.5714285970
138172  21.578  17.092  -40.812 0.2857142985
100631  24.138  15.792  -43.771 0.4285714328
94902  18.185  10.600  -35.979 0.4285714328
95914  20.307  11.611  -37.573 0.5714285970
100604  21.505  16.340  -40.099 0.2857142985
143386  17.669  10.796  -35.537 0.4285714328
95884  17.451  11.413  -35.301 0.2857142985
99691  20.398  15.573  -36.982 0.1428571492
98778  21.250  15.120  -38.775 0.1428571492
99725  21.672  15.709  -39.088 0.1428571492
95865  16.248  11.312  -34.157 0.1428571492
95863  17.244  12.151  -35.004 0.4285714328
99692  19.755  15.710  -36.371 0.1428571492
100577  20.997  16.156  -37.462 0.1428571492
137048  22.065  16.711  -38.959 0.1428571492
95851  15.757  11.588  -33.553 0.2857142985
99684  18.627  15.941  -35.190 0.2857142985
148762  17.475  16.538  -33.866 0.1428571492
100567  18.834  16.774  -35.414 0.1428571492
100578  20.259  16.538  -36.583 0.1428571492
101526  18.583  17.689  -35.137 0.1428571492
152969  22.836  -12.684  -29.501 0.4285714328
72367  22.104  -11.475  -29.421 0.2857142985
80676  30.280  -3.517  -31.942 0.1428571492
82824  30.240  -1.199  -32.790 0.1428571492
93894  21.914  9.458  -38.770 0.2857142985
100613  24.689  16.521  -41.534 0.4285714328
101616  23.694  16.667  -43.622 0.2857142985
101577  21.697  17.476  -39.942 0.2857142985
101617  22.014  18.404  -43.053 0.2857142985
100583  22.197  16.339  -37.511 0.2857142985
73388  21.472  -10.848  -28.827 0.2857142985
74448  28.645  -9.534  -28.947 0.1428571492
73386  28.160  -10.187  -28.562 0.1428571492
76480  30.073  -7.839  -30.401 0.1428571492
85849  29.708  1.292  -33.949 0.1428571492
83806  29.820  -0.469  -33.352 0.1428571492
135275  16.559  10.714  -34.535 0.1428571492
93893  22.323  9.228  -38.778 0.4285714328
94891  17.639  10.038  -35.564 0.2857142985
140220  19.386  11.939  -36.804 0.5714285970
102528  21.688  18.039  -40.808 0.2857142985
101603  21.887  18.015  -42.411 0.2857142985
101625  23.093  17.778  -43.603 0.2857142985
102555  22.856  18.684  -43.602 0.2857142985
103395  21.787  20.014  -43.574 0.2857142985
104260  21.613  20.790  -44.025 0.1428571492
105104  21.308  21.366  -43.886 0.1428571492
105876  22.630  21.977  -44.471 0.1428571492
105110  22.111  21.262  -44.592 0.1428571492
136061  22.271  22.780  -44.385 0.1428571492
105095  22.924  21.131  -44.077 0.1428571492
86796  30.138  2.656  -33.948 0.2857142985
103383  23.811  18.317  -42.940 0.4285714328
103376  21.435  19.331  -42.028 0.2857142985
103393  22.964  19.511  -43.634 0.2857142985
103394  22.372  19.784  -43.664 0.1428571492
71254  23.202  -12.793  -29.950 0.4285714328
71244  23.277  -12.950  -29.010 0.4285714328
84890  29.792  0.486  -33.654 0.4285714328
100622  24.442  16.252  -43.052 0.4285714328
102536  24.056  17.150  -43.437 0.2857142985
103384  23.547  19.337  -43.154 0.2857142985
94929  21.799  10.188  -38.900 0.4285714328
95938  22.028  11.282  -39.398 0.5714285970
95926  21.400  11.225  -38.589 0.5714285970
96875  21.047  12.094  -38.653 0.5714285970
100632  23.623  15.913  -43.464 0.2857142985
144839  17.876  15.337  -34.406 0.2857142985
143096  20.032  15.003  -36.655 0.2857142985
93903  22.997  9.915  -39.021 0.5714285970
155723  20.871  11.613  -38.283 0.5714285970
96849  18.481  12.245  -36.169 0.5714285970
99735  21.514  15.682  -40.459 0.2857142985
158638  21.447  15.481  -39.916 0.2857142985
80688  29.715  -2.906  -32.501 0.1428571492
82812  30.772  -1.731  -32.392 0.1428571492
93879  20.516  9.583  -37.463 0.2857142985
102537  21.521  18.509  -41.667 0.2857142985
101589  21.752  17.620  -41.549 0.2857142985
99759  22.740  16.330  -42.461 0.2857142985
100633  23.070  16.591  -43.319 0.2857142985
94901  18.990  10.374  -36.498 0.2857142985
94916  20.547  10.777  -37.485 0.4285714328
99699  21.939  15.634  -38.104 0.1428571492
95899  18.765  11.279  -36.390 0.4285714328
95898  19.845  11.006  -36.833 0.5714285970
95900  18.028  11.425  -35.811 0.5714285970
96850  17.772  12.180  -35.552 0.4285714328
72356  21.656  -11.675  -28.642 0.2857142985
144509  30.907  -1.062  -32.480 0.1428571492
92776  21.246  8.424  -37.727 0.2857142985
102556  22.232  19.185  -43.532 0.2857142985
104259  21.974  20.622  -44.214 0.2857142985
105886  21.577  21.684  -44.416 0.1428571492
143549  24.036  3.221  -37.411 0.4285714328
89680  23.554  5.887  -37.803 0.2857142985
134910  22.055  19.030  -38.969 0.1428571492
103365  21.768  18.986  -40.943 0.1428571492
103350  22.337  19.757  -39.549 0.1428571492
101523  20.672  17.954  -35.593 0.1428571492
103351  22.042  19.213  -39.947 0.1428571492
104231  21.801  19.883  -41.589 0.1428571492
101549  21.922  17.418  -36.956 0.1428571492
101537  21.948  18.006  -36.471 0.1428571492
103334  22.681  19.062  -38.181 0.1428571492
104217  22.513  20.463  -40.106 0.1428571492
101576  21.922  17.990  -38.920 0.1428571492
102503  22.285  18.384  -38.039 0.1428571492
103318  23.153  19.152  -37.528 0.1428571492
103349  22.694  19.654  -38.822 0.1428571492
88715  24.229  5.083  -37.636 0.2857142985
155594  21.976  18.167  -35.817 0.1428571492
103333  23.158  19.507  -38.272 0.1428571492
105073  22.593  21.189  -40.852 0.1428571492
80690  28.195  -3.937  -33.187 0.2857142985
102516  21.884  18.476  -39.921 0.1428571492
103364  22.191  19.759  -40.534 0.1428571492
104240  21.724  20.877  -42.115 0.1428571492
102487  22.646  18.668  -37.329 0.1428571492
158893  22.438  18.282  -35.724 0.1428571492
79660  27.666  -4.339  -33.119 0.4285714328
74479  24.948  -9.928  -31.192 0.4285714328
74478  25.568  -9.916  -30.699 0.2857142985
74464  26.606  -9.670  -29.751 0.1428571492
74489  25.379  -9.337  -31.288 0.2857142985
74477  26.324  -9.537  -30.390 0.1428571492
75481  25.900  -8.639  -31.286 0.2857142985
155746  24.988  -11.110  -30.252 0.2857142985
73409  24.810  -10.643  -30.819 0.4285714328
75474  26.609  -8.734  -30.631 0.1428571492
73397  25.960  -10.275  -29.624 0.1428571492
76504  26.509  -7.885  -31.129 0.2857142985
159224  24.553  -8.939  -31.945 0.4285714328
94900  20.021  10.099  -37.084 0.2857142985
72377  23.555  -11.736  -30.605 0.2857142985
71265  22.923  -11.833  -30.464 0.2857142985
73410  23.926  -11.001  -31.112 0.2857142985
73411  23.003  -10.959  -30.842 0.2857142985
73425  23.531  -10.257  -31.355 0.2857142985
80719  24.787  -3.604  -34.632 0.2857142985
80735  24.057  -3.478  -34.510 0.2857142985
81870  23.631  -2.841  -34.791 0.2857142985
83848  24.527  -0.533  -36.098 0.1428571492
83867  23.879  0.042  -36.184 0.1428571492
85883  24.161  0.901  -36.510 0.2857142985
85893  24.106  2.235  -37.289 0.1428571492
88718  22.335  5.664  -37.584 0.1428571492
139066  22.460  6.356  -37.765 0.1428571492
90703  22.786  6.956  -38.312 0.1428571492
90689  22.214  6.691  -37.766 0.1428571492
91730  22.672  7.430  -38.376 0.1428571492
91716  22.099  7.216  -37.911 0.1428571492
92777  20.503  8.793  -37.349 0.1428571492
94915  20.984  10.221  -37.856 0.1428571492
92763  18.297  8.827  -36.145 0.1428571492
93865  19.874  9.192  -36.872 0.1428571492
96834  17.517  12.861  -35.245 0.1428571492
97763  16.741  13.621  -34.307 0.1428571492
96808  15.528  12.307  -33.052 0.1428571492
98718  15.865  14.133  -33.239 0.1428571492
98732  17.132  14.231  -34.365 0.1428571492
71245  22.592  -12.795  -28.762 0.2857142985
72376  24.344  -11.510  -30.540 0.1428571492
92789  23.053  8.480  -38.539 0.2857142985
91717  21.424  7.521  -37.564 0.1428571492
93866  19.039  9.509  -36.528 0.1428571492
71246  21.860  -12.435  -28.435 0.2857142985
79683  24.033  -4.755  -33.876 0.2857142985
145899  23.203  -3.492  -34.408 0.2857142985
87774  23.386  3.841  -37.267 0.1428571492
145638  23.486  4.743  -37.515 0.1428571492
89682  21.922  6.159  -37.543 0.1428571492
89683  21.602  6.433  -37.397 0.1428571492
92775  21.898  8.001  -38.100 0.1428571492
140287  19.059  8.818  -36.536 0.1428571492
96807  15.940  12.824  -33.496 0.1428571492
96819  16.496  12.830  -34.043 0.1428571492
71264  23.199  -12.377  -30.335 0.2857142985
157412  24.319  1.544  -36.984 0.1428571492
79684  23.161  -4.625  -33.699 0.1428571492
91731  22.373  7.670  -38.288 0.1428571492
93878  21.121  9.369  -37.859 0.1428571492
73398  22.390  -11.299  -30.223 0.2857142985
80720  22.783  -2.931  -34.567 0.1428571492
91715  22.497  7.051  -38.108 0.1428571492
88704  21.457  5.412  -37.275 0.1428571492
71247  21.012  -12.094  -28.090 0.1428571492
72335  20.400  -11.619  -27.299 0.1428571492
72357  20.831  -11.247  -28.187 0.1428571492
73412  22.073  -10.213  -30.478 0.1428571492
87735  30.030  3.284  -34.446 0.1428571492
87722  30.666  3.375  -33.725 0.1428571492
149127  21.591  -13.669  -27.643 0.1428571492
73426  22.784  -9.931  -31.083 0.1428571492
73399  21.710  -10.628  -29.740 0.1428571492
75486  21.722  -8.080  -31.227 0.1428571492
101546  27.205  17.370  -36.741 0.1428571492
102486  26.478  18.541  -37.675 0.1428571492
76508  21.632  -7.353  -31.491 0.1428571492
100581  27.394  16.531  -36.443 0.1428571492
70077  22.110  -13.212  -28.244 0.1428571492
142160  30.386  4.020  -34.369 0.1428571492
74492  22.612  -9.139  -31.319 0.1428571492
78648  22.622  -5.866  -32.762 0.1428571492
71228  21.320  -12.853  -27.881 0.1428571492
74480  22.200  -9.451  -30.849 0.1428571492
71241  25.816  -11.477  -28.371 0.2857142985
71255  22.676  -12.312  -30.028 0.4285714328
72355  22.385  -12.157  -29.044 0.2857142985
72366  23.890  -12.385  -30.167 0.2857142985
73387  27.300  -10.030  -28.639 0.1428571492
73408  25.492  -10.540  -30.246 0.2857142985
73424  24.300  -10.208  -31.379 0.4285714328
74449  27.834  -9.409  -28.960 0.1428571492
74461  29.724  -9.220  -29.575 0.1428571492
74463  27.485  -9.265  -29.648 0.2857142985
74465  26.028  -10.054  -30.182 0.1428571492
74488  25.974  -9.260  -30.874 0.1428571492
75485  22.407  -8.400  -31.486 0.1428571492
78645  28.145  -5.109  -32.094 0.2857142985
79698  25.276  -4.157  -34.523 0.4285714328
80677  29.772  -4.113  -31.966 0.2857142985
80717  26.748  -3.303  -34.856 0.5714285970
82838  27.207  -2.041  -35.641 0.5714285970
82849  25.901  -1.413  -36.028 0.7142857313
86831  26.607  2.367  -37.141 0.7142857313
86844  26.230  2.770  -37.319 0.7142857313
90687  23.002  6.488  -38.071 0.2857142985
90688  22.645  6.642  -37.958 0.1428571492
90700  24.964  6.864  -38.112 0.7142857313
92788  23.582  8.339  -38.471 0.8571428657
92791  22.156  8.566  -38.498 0.4285714328
93876  26.711  9.068  -37.971 0.8571428657
93877  21.674  8.976  -38.252 0.2857142985
93904  22.494  9.841  -39.113 0.5714285970
94873  16.091  10.535  -34.176 0.1428571492
94884  28.692  10.275  -35.799 0.1428571492
94892  17.105  10.518  -35.067 0.4285714328
94926  25.780  10.619  -38.444 0.8571428657
94939  22.783  10.432  -39.458 0.7142857313
95864  16.910  11.368  -34.774 0.1428571492
95925  21.915  10.867  -38.959 0.5714285970
95935  23.931  10.979  -39.704 0.7142857313
96818  16.968  12.882  -34.712 0.1428571492
96820  16.120  12.145  -33.819 0.4285714328
96833  18.109  12.850  -35.664 0.1428571492
96848  19.109  12.851  -36.584 0.4285714328
96874  21.465  11.829  -39.058 0.5714285970
96894  21.210  12.711  -38.969 0.5714285970
97792  19.560  13.544  -37.084 0.4285714328
97826  24.601  13.124  -39.932 0.8571428657
97843  21.617  13.732  -39.773 0.7142857313
97844  21.345  14.033  -39.534 0.5714285970
97855  23.744  14.522  -40.712 0.7142857313
98731  17.875  14.496  -34.524 0.1428571492
98754  27.790  14.235  -36.081 0.1428571492
98756  19.692  14.405  -36.890 0.5714285970
98764  20.443  14.197  -37.954 0.5714285970
98794  21.373  15.065  -39.416 0.2857142985
98795  21.382  14.468  -39.497 0.5714285970
98805  24.939  14.541  -40.105 0.8571428657
98807  23.143  14.518  -40.780 0.8571428657
98808  21.477  15.084  -39.946 0.7142857313
98822  21.615  14.792  -40.138 0.5714285970
99683  19.152  15.799  -35.761 0.2857142985
99697  26.955  15.652  -36.707 0.1428571492
99700  20.749  15.419  -37.879 0.2857142985
99732  24.820  15.129  -40.531 0.8571428657
99745  23.561  16.194  -42.070 0.5714285970
99757  24.141  15.798  -43.301 0.4285714328
100566  19.443  16.605  -35.964 0.1428571492
100592  26.116  16.450  -37.780 0.4285714328
100594  22.470  16.043  -38.146 0.1428571492
101525  19.110  17.365  -35.558 0.1428571492
101548  22.129  18.147  -37.196 0.1428571492
101563  22.245  17.141  -37.876 0.1428571492
101601  24.486  17.043  -42.969 0.5714285970
101602  22.327  17.130  -42.427 0.2857142985
101615  24.266  16.377  -43.674 0.2857142985
102473  23.140  18.740  -36.600 0.1428571492
102474  22.475  18.293  -36.413 0.1428571492
102502  25.478  18.529  -39.013 0.5714285970
102547  23.437  17.774  -43.584 0.2857142985
102554  23.317  18.658  -43.513 0.2857142985
102557  21.844  19.085  -43.233 0.2857142985
104258  22.504  20.476  -43.966 0.1428571492
104268  21.726  21.132  -44.402 0.1428571492
105071  25.579  21.442  -40.500 0.1428571492
105851  25.615  22.543  -41.451 0.1428571492
105865  24.362  22.670  -42.902 0.1428571492
105877  21.590  22.456  -44.131 0.1428571492
106628  27.379  23.536  -41.909 0.1428571492
139190  30.506  7.838  -34.678 0.1428571492
140471  27.955  -6.800  -30.971 0.2857142985
144647  22.456  18.435  -43.443 0.2857142985
144871  22.291  15.581  -41.184 0.5714285970
144874  18.567  14.087  -35.993 0.5714285970
144882  21.377  17.755  -36.095 0.1428571492
145657  24.781  4.320  -37.586 0.5714285970
146620  27.513  6.014  -37.391 0.8571428657
146988  25.791  17.153  -38.180 0.5714285970
150963  21.966  22.000  -44.718 0.1428571492
155362  23.660  12.047  -40.132 0.7142857313
156220  23.738  -14.673  -28.307 0.1428571492
157102  20.983  15.300  -38.387 0.1428571492
157876  21.498  16.310  -40.910 0.2857142985
158474  21.674  10.700  -38.709 0.4285714328
